859
51
753
206
115
213
172
0
428
797
564
810
207
202
501
582
316
855
210
657
571
918
892
458
604
272
929
837
483
665
554
1
388
189
493
65
408
660
551
692
809
297
600
247
385
937
708
422
140
361
841
383
868
8
419
740
410
644
301
453
569
599
392
77
53
14
87
941
838
634
930
76
602
416
713
984
93
566
687
940
632
334
948
311
957
702
970
681
638
785
472
519
917
507
775
787
25
342
462
529
526
167
412
820
446
979
473
924
839
58
265
389
68
100
60
231
490
882
664
66
27
798
256
514
630
110
572
746
875
72
676
910
513
946
952
640
45
129
456
651
403
661
128
5
834
784
341
580
620
958
46
36
594
542
652
292
324
381
647
683
538
95
169
406
531
296
152
658
731
445
894
990
111
88
260
981
591
742
988
447
642
12
224
893
34
306
509
947
343
719
593
276
495
350
732
355
98
423
767
581
626
494
515
978
154
576
741
678
615
869
698
950
314
145
666
712
11
232
677
721
41
813
50
524
120
516
238
790
220
242
504
985
245
400
613
79
390
141
233
475
253
415
802
913
240
688
157
481
488
365
136
686
794
375
391
828
812
543
364
669
270
92
636
639
134
900
333
38
209
605
305
112
643
325
469
963
517
288
682
121
757
818
195
114
987
673
380
48
583
715
127
624
90
208
799
625
171
534
214
881
561
37
780
164
536
533
467
792
850
768
496
484
549
17
587
340
31
376
778
619
351
612
653
287
863
427
426
884
689
461
452
804
758
80
175
856
508
150
627
217
101
373
906
717
226
424
250
596
13
750
397
353
588
723
498
836
783
655
285
96
522
274
352
283
54
23
999
86
188
819
28
606
332
646
709
776
299
62
975
44
959
170
806
108
793
273
264
284
261
338
535
762
915
747
437
22
294
540
35
989
310
286
663
887
382
323
824
313
234
560
770
153
255
312
860
827
816
703
521
577
570
319
506
304
821
30
701
434
896
645
971
510
107
754
532
769
19
909
393
369
954
874
788
743
662
158
144
148
650
598
641
470
722
282
967
933
227
628
814
631
992
56
830
360
443
489
833
474
993
176
544
438
911
610
149
300
10
307
57
259
854
523
592
942
690
943
384
464
82
945
196
4
621
861
356
691
479
525
335
442
336
182
146
450
485
772
720
840
177
119
826
733
716
866
877
130
725
744
618
126
649
6
986
908
15
699
387
964
64
914
218
81
659
759
125
116
244
32
899
782
972
83
20
205
222
330
254
165
697
629
568
223
251
497
616
781
737
85
637
847
880
448
500
919
215
745
777
817
257
298
407
961
998
378
243
439
43
465
358
430
289
550
278
413
402
574
773
862
609
486
105
552
871
16
761
559
162
578
601
835
449
579
9
774
113
607
118
433
548
42
139
832
211
379
363
700
266
904
710
815
960
707
764
431
303
302
511
505
26
718
386
429
49
974
955
142
308
949
885
925
679
471
755
589
823
923
555
656
730
921
482
729
293
864
97
348
829
617
138
204
622
183
734
901
749
143
279
229
75
935
396
480
563
394
674
932
786
857
357
553
78
956
530
685
889
939
843
73
752
738
326
966
680
528
851
168
252
695
976
329
3
133
898
503
845
377
696
492
907
693
584
359
106
518
39
435
801
320
425
704
246
432
936
71
982
55
575
557
853
994
807
239
706
463
927
59
156
962
366
457
748
395
193
103
928
867
905
648
586
123
337
556
675
181
977
873
197
726
67
595
728
739
70
973
184
200
179
362
345
460
263
611
520
52
724
124
399
132
997
672
654
808
74
268
944
317
760
502
872
668
109
230
122
822
455
684
417
225
573
21
235
983
147
117
69
33
995
29
228
269
951
89
192
277
903
248
180
562
135
590
886
398
404
565
779
295
965
99
991
219
444
163
931
539
466
870
603
635
267
271
478
216
201
367
491
405
477
800
346
291
190
290
159
938
796
558
349
891
322
876
281
91
694
623
849
902
104
339
321
454
221
411
670
996
848
137
414
191
185
187
476
735
727
763
545
409
347
888
420
771
751
199
236
541
736
980
418
920
401
151
711
922
671
309
858
166
440
370
512
865
608
372
567
879
499
805
371
331
811
160
912
897
318
883
842
178
705
368
374
436
194
421
198
831
803
344
249
275
547
791
174
537
968
844
468
597
7
789
63
451
47
756
890
315
40
766
186
173
203
237
61
459
926
585
852
161
714
262
241
155
212
667
825
84
953
258
102
131
441
934
487
846
2
280
765
354
