1.00000000
0.98000000
0.96000000
0.94000000
0.92000000
0.90000000
0.88000000
0.86000000
0.84000000
0.82000000
0.80000000
0.78000000
0.76000000
0.74000000
0.72000000
0.70000000
0.68000000
0.56000000
0.54000000
0.52000000
0.40000000
0.38000000
0.20000000
0.20000000
0.20000000
0.16000000
0.16000000
0.10000000
0.08000000
0.04000000
0.04000000
0.04000000
0.04000000
0.04000000
0.04000000
0.04000000
0.04000000
0.04000000
0.04000000
0.02000000
0.02000000
0.02000000
0.02000000
0.02000000
0.02000000
0.02000000
0.02000000
0.02000000
0.02000000
0.02000000
