119
163
46
3
489
74
116
123
92
302
373
403
97
110
56
406
101
445
379
466
201
251
236
220
493
473
148
182
279
142
139
185
52
338
477
188
435
329
135
398
87
191
212
432
391
257
169
18
37
24
451
319
376
266
209
499
27
21
254
166
113
71
286
366
68
276
65
480
261
470
248
62
217
384
223
59
495
387
299
82
394
390
283
206
204
109
427
289
423
192
341
322
5
326
132
454
173
244
229
483
486
232
420
8
457
316
160
151
344
15
11
12
312
409
417
347
333
294
413
440
443
350
198
463
157
460
154
195
353
41
356
126
269
363
273
129
360
359
176
306
179
309
241
240
239
370
35
34
33
32
50
49
430
429
106
448
43
44
449
90
293
397
295
412
414
76
146
144
145
78
214
260
332
336
100
272
233
474
325
490
138
136
315
85
120
400
2
426
436
170
280
469
290
53
103
245
38
298
228
7
263
128
211
464
377
305
419
184
150
89
175
320
96
372
459
115
355
339
155
407
444
343
252
197
159
256
164
496
494
485
453
222
348
25
351
20
16
29
31
19
93
395
393
388
386
367
189
203
205
368
275
83
219
218
277
311
313
328
330
237
131
133
478
476
439
0
226
227
230
231
249
156
158
161
162
404
152
153
172
174
300
267
86
446
447
297
127
421
125
422
147
234
318
452
73
292
358
357
208
354
308
337
340
225
224
465
69
472
471
99
287
345
213
346
200
284
40
42
303
259
497
498
492
491
183
262
22
23
26
28
187
94
118
255
117
442
242
243
425
424
80
14
13
380
375
487
488
10
9
462
4
6
268
415
196
418
270
271
194
416
108
79
434
411
324
75
431
433
77
323
408
105
107
410
111
114
112
458
165
168
455
456
143
48
67
64
47
66
140
45
402
55
180
58
399
178
177
361
481
383
381
484
364
382
362
63
124
60
121
