45
129
158
93
300
174
114
184
161
61
126
146
143
259
192
294
108
122
83
69
302
297
154
153
291
133
273
208
48
49
67
175
76
202
203
66
150
103
303
77
196
257
47
13
12
183
292
228
115
90
116
207
0
130
220
233
258
105
282
39
248
112
252
136
301
135
17
221
119
224
251
33
106
141
86
34
101
290
151
304
89
188
110
185
189
198
214
238
226
279
299
53
266
152
253
287
218
212
245
244
237
166
30
96
205
100
18
99
36
195
91
51
65
32
180
28
118
9
285
272
249
270
8
268
243
235
164
269
104
193
267
58
59
138
137
223
222
306
156
111
255
121
78
211
305
92
250
232
210
37
42
31
236
247
204
1
84
170
4
172
5
182
10
139
162
2
264
74
157
23
22
262
140
124
85
70
72
26
20
63
240
173
171
148
284
219
167
3
230
298
52
54
73
209
35
308
98
97
289
68
43
131
274
25
62
281
280
194
29
145
55
24
181
265
165
40
201
44
271
215
56
109
213
176
254
125
75
79
190
227
82
144
50
206
293
117
199
142
296
191
239
147
246
80
27
187
123
155
102
169
186
278
134
128
21
197
276
275
64
149
260
81
57
261
60
38
41
229
163
19
94
200
288
179
178
307
71
256
113
234
177
132
159
16
277
286
263
216
241
160
242
6
7
11
120
225
46
231
15
