0
6
17
7
18
9
5
14
12
10
2
11
1
51
8
59
25
13
39
19
15
42
24
70
44
28
3
40
56
32
49
29
31
33
20
27
84
52
55
45
142
34
47
46
120
79
75
110
133
95
36
23
87
73
91
54
170
65
72
191
62
37
78
139
199
125
53
80
161
100
83
230
105
92
61
22
235
240
245
71
43
215
181
212
172
76
200
205
220
225
102
94
162
237
247
151
154
210
113
143
197
106
121
231
132
103
178
137
164
201
206
216
221
226
241
4
21
38
48
69
77
88
89
93
107
109
114
115
123
126
135
136
145
160
186
198
16
60
82
146
165
169
26
35
66
67
90
111
129
130
179
182
119
155
174
156
68
74
81
104
122
140
152
153
159
167
171
183
187
30
41
50
96
112
124
149
193
63
134
157
86
150
177
99
101
108
116
128
57
176
185
64
158
173
175
58
117
131
138
166
189
147
148
85
188
195
127
180
168
192
118
141
184
196
194
190
98
144
97
163
203
204
202
208
209
207
211
213
214
218
219
217
223
224
222
228
229
227
233
234
232
236
238
239
243
244
242
246
248
249
