0
8
7
5
6
1
17
200
15
12
9
18
42
13
20
32
10
25
24
65
37
22
30
4
16
41
53
34
56
21
29
33
94
27
45
14
31
89
19
95
79
86
157
11
54
50
174
120
102
26
80
117
166
28
108
138
36
60
136
151
75
23
46
90
3
83
43
141
73
114
98
126
78
121
143
133
110
58
135
123
71
88
112
77
146
38
180
183
134
85
189
2
39
48
52
55
57
59
61
62
70
82
91
92
97
100
103
106
107
125
128
129
130
156
159
165
170
184
193
196
49
63
64
87
111
124
140
153
172
194
195
198
199
40
127
145
51
81
154
67
69
93
109
131
139
158
164
169
186
187
74
149
150
179
190
72
84
105
116
147
152
175
178
185
96
47
104
113
161
177
35
115
188
176
192
132
142
160
171
44
76
122
163
173
197
181
101
118
168
68
119
155
191
162
144
66
148
99
167
182
137
