0
2
7
6
11
16
8
5
10
12
30
15
37
71
4
61
26
1
17
24
13
20
23
18
31
48
47
72
64
25
59
22
58
51
21
29
43
68
39
62
133
9
52
85
40
27
101
67
90
88
78
44
128
19
94
53
196
87
110
42
177
75
95
34
54
174
181
41
28
66
129
250
69
172
191
105
188
143
148
80
89
141
76
84
91
199
242
134
96
120
162
103
49
164
102
113
83
138
77
114
82
156
3
14
73
79
86
106
109
112
117
118
119
131
132
137
140
146
153
157
170
182
200
50
97
126
175
194
32
60
81
107
122
124
130
135
136
147
183
184
190
198
139
33
35
98
145
163
171
56
144
149
155
36
57
115
125
158
185
193
202
63
154
165
168
186
38
45
46
55
189
197
204
70
169
127
166
178
92
123
100
104
142
152
187
176
93
116
65
167
179
74
111
206
150
99
108
160
121
192
208
195
161
210
180
213
212
151
214
216
218
173
220
222
231
159
225
224
226
227
228
230
232
233
234
237
236
238
239
240
244
247
246
249
248
253
252
254
256
259
258
201
203
205
207
209
211
215
217
219
221
223
229
235
241
243
245
251
255
257
