0
7
5
10
8
26
11
19
25
6
31
12
14
13
20
46
9
21
15
30
41
2
28
54
23
4
16
3
77
22
48
33
70
18
39
60
51
17
105
50
43
44
69
27
76
38
74
52
87
56
147
79
130
62
128
124
140
132
80
45
36
68
127
104
118
190
66
102
40
143
1
138
117
135
169
55
98
63
175
93
53
97
96
94
34
148
99
86
112
107
156
78
187
111
166
72
73
75
81
113
116
131
133
141
150
153
157
160
162
191
193
196
198
200
103
172
179
24
29
47
142
170
197
125
161
177
184
42
91
110
121
164
59
100
108
109
115
144
145
151
152
199
32
49
129
185
85
57
61
64
67
95
114
136
159
173
101
126
194
58
82
83
90
174
182
65
84
167
201
35
37
71
89
92
120
134
155
163
171
178
188
106
158
165
168
88
149
137
180
186
189
139
146
195
207
154
176
202
123
119
122
183
203
192
204
181
205
206
208
209
210
211
212
213
214
215
216
217
218
219
