6
8
4
12
7
0
9
16
13
3
10
5
14
27
1
65
19
25
35
40
41
26
22
17
38
28
43
15
74
33
2
72
18
50
79
67
34
94
51
24
60
29
89
11
87
83
80
76
48
108
36
113
147
84
107
52
344
68
81
144
62
64
285
112
357
410
82
452
128
153
350
398
404
434
476
248
338
422
458
464
488
230
266
446
470
186
494
332
374
428
380
386
440
482
122
284
200
206
212
320
218
224
236
242
254
260
393
272
278
290
419
296
302
308
329
314
362
368
59
356
37
477
455
161
134
71
202
208
214
220
226
232
238
244
250
256
262
268
274
280
292
298
304
310
316
322
327
334
340
346
352
364
370
376
382
388
395
400
406
412
417
424
430
436
442
448
460
466
472
484
490
496
39
114
158
93
96
61
23
287
359
453
479
159
168
192
165
75
69
281
326
392
416
225
201
207
213
219
231
237
243
249
255
261
267
273
307
291
297
309
315
321
333
339
345
351
363
369
375
381
387
399
405
411
423
429
435
441
447
459
465
471
483
489
495
131
126
145
97
132
73
77
98
125
133
135
142
156
44
58
63
85
155
180
185
188
194
20
30
53
70
88
95
127
32
90
102
123
190
42
54
55
57
91
99
101
111
124
140
151
163
166
169
176
193
21
31
78
116
143
154
178
191
47
49
56
66
86
104
109
119
136
146
152
181
184
187
195
199
92
100
115
171
172
189
45
105
137
162
175
179
182
103
110
150
170
174
129
148
160
196
138
164
183
106
118
120
130
139
197
149
157
117
173
198
46
167
141
177
121
203
204
205
209
210
211
215
216
217
221
222
223
227
228
229
233
234
235
239
240
241
245
246
247
251
252
253
257
258
259
263
264
265
269
270
271
275
276
277
279
282
283
288
289
286
293
294
295
299
300
301
303
305
306
311
312
313
317
318
319
323
324
325
330
331
328
335
336
337
341
342
343
347
348
349
353
354
355
360
361
358
365
366
367
371
372
373
377
378
379
383
384
385
389
390
391
396
397
394
401
402
403
407
408
409
413
414
415
420
421
418
425
426
427
431
432
433
437
438
439
443
444
445
449
450
451
456
457
454
461
462
463
467
468
469
473
474
475
480
481
478
485
486
487
491
492
493
497
498
499
