6
0
3
5
9
10
1
22
8
15
18
30
7
11
29
14
17
19
12
45
4
54
24
34
16
52
48
21
95
36
31
78
23
72
25
73
68
97
56
42
135
100
59
40
158
13
125
80
53
85
87
28
113
117
91
89
82
83
70
130
204
88
50
41
190
140
349
32
93
277
109
104
258
47
222
249
285
303
312
339
357
366
231
213
240
267
294
321
330
375
119
129
351
62
20
150
203
275
114
92
254
308
344
99
162
281
362
27
353
299
74
260
273
57
81
185
58
209
236
218
227
245
263
290
317
326
342
371
205
253
217
226
235
244
271
289
298
307
316
325
334
336
361
370
379
44
115
46
179
256
347
112
155
147
141
2
49
63
86
90
96
134
143
172
182
183
194
197
200
38
51
66
121
127
153
156
166
186
192
39
43
69
76
145
159
161
163
176
198
35
65
67
102
103
132
136
149
170
77
122
124
146
157
199
26
37
84
94
101
107
118
123
144
160
174
195
60
108
126
133
139
169
177
55
61
64
168
178
33
120
131
142
151
188
193
116
128
167
173
181
175
75
138
79
111
98
187
71
110
148
152
154
165
180
191
105
164
106
137
171
184
189
196
272
335
201
202
206
207
250
208
212
210
211
214
215
216
221
219
220
223
224
225
230
228
229
232
233
234
239
237
238
241
242
243
248
246
247
251
252
257
255
259
261
262
266
264
265
268
269
270
276
274
278
279
280
368
284
282
283
286
287
288
293
291
292
295
296
297
302
300
301
304
305
306
311
309
310
313
314
315
320
318
319
322
323
324
329
327
328
331
332
333
338
337
340
341
343
345
348
346
350
352
356
354
355
358
359
360
365
363
364
367
369
374
372
373
376
377
378
