0
6
10
16
12
2
1
9
34
3
22
52
23
15
7
4
24
8
43
20
14
25
26
13
40
55
11
36
56
61
72
71
69
21
18
112
44
19
90
114
46
108
37
95
68
156
17
70
50
192
109
38
30
82
94
39
119
33
42
63
5
45
58
29
184
51
146
87
129
41
113
75
144
173
88
27
136
116
121
189
141
196
168
128
185
65
92
162
78
47
32
59
73
158
83
104
125
85
79
31
57
64
84
91
102
111
127
133
142
150
152
154
165
167
170
171
178
183
191
198
200
28
35
49
62
138
145
153
159
160
66
99
101
106
115
140
147
176
194
80
117
139
166
54
89
98
110
130
201
74
81
93
96
97
107
120
134
155
157
163
180
123
148
199
161
202
76
77
118
179
48
86
105
151
177
103
149
182
187
190
195
203
249
132
186
174
60
67
169
135
197
204
124
181
143
205
100
126
122
53
137
206
175
207
193
188
208
131
172
209
164
210
211
212
213
214
215
216
217
218
219
231
220
221
222
223
224
225
226
227
228
229
230
244
232
233
234
235
236
237
238
239
240
241
242
243
245
246
247
248
