0
6
7
9
16
12
11
8
26
21
2
27
22
13
49
23
19
15
39
32
42
24
14
30
33
5
31
71
17
77
35
69
65
46
98
52
34
37
47
1
87
148
36
43
66
20
115
4
28
73
120
123
67
290
168
72
96
150
302
138
362
329
117
263
95
218
254
278
314
248
374
308
284
335
93
344
240
356
365
200
206
212
224
230
266
242
272
296
320
338
350
368
29
326
376
63
74
57
260
332
25
119
202
208
214
220
226
232
241
244
250
256
268
274
280
286
292
298
304
310
316
322
340
346
352
358
370
3
133
194
54
40
68
143
147
38
136
261
327
333
363
18
129
186
184
199
140
361
236
245
201
207
213
219
225
231
249
255
267
273
279
285
291
297
303
309
315
321
339
345
351
369
375
181
64
114
131
187
141
44
45
53
60
61
76
84
97
103
104
105
106
108
109
110
125
126
137
144
160
166
183
195
83
89
101
107
121
149
10
59
172
179
190
56
85
180
159
191
193
75
79
90
118
145
164
174
55
82
99
113
135
167
170
175
177
48
94
124
152
176
185
50
51
70
157
165
182
196
41
78
91
102
111
116
154
163
188
58
62
92
100
128
155
156
127
139
151
173
158
80
86
171
192
88
153
81
122
161
132
142
162
169
178
197
134
112
198
130
146
189
203
204
205
209
210
211
215
216
217
221
222
223
227
228
229
233
234
235
237
239
238
243
246
247
251
252
253
257
258
259
264
265
262
269
270
271
275
276
277
281
282
283
287
288
289
293
294
295
299
300
301
305
306
307
311
312
313
317
318
319
323
324
325
330
331
328
336
337
334
341
342
343
347
348
349
353
354
355
357
359
360
366
367
364
371
372
373
377
378
379
