0
10
200
2
4
21
6
17
15
7
32
19
24
16
5
42
34
47
22
25
12
20
11
18
27
1
35
23
45
31
14
59
26
102
135
52
85
68
57
3
39
50
94
96
83
88
97
72
48
64
55
124
54
29
33
133
8
46
30
128
144
70
99
145
132
91
38
86
87
44
76
165
113
36
74
69
92
175
13
89
187
196
37
189
153
182
103
149
41
9
125
167
49
62
65
143
142
51
152
40
53
58
66
67
75
79
108
116
130
140
147
163
168
183
184
194
198
28
95
136
188
43
56
71
80
81
119
126
159
137
160
173
176
181
107
114
120
150
157
190
82
151
171
172
178
73
84
93
155
60
100
111
115
146
177
179
180
77
90
138
174
131
170
98
106
127
158
185
191
197
199
63
112
141
61
104
121
123
195
105
154
192
156
169
186
193
78
117
139
161
162
148
122
129
110
134
118
109
166
164
101
