0
6
7
4
17
13
2
10
18
8
9
11
20
3
5
61
15
40
37
14
59
55
27
39
22
51
25
26
33
16
30
19
75
24
43
63
29
97
115
34
155
114
56
49
60
169
64
180
85
107
71
54
23
117
35
146
130
195
94
129
76
492
12
190
96
66
416
150
318
53
347
270
73
109
384
393
240
285
294
330
366
375
402
429
447
456
465
501
510
519
537
258
204
213
222
231
249
276
303
312
339
357
411
438
474
483
528
546
555
170
420
50
47
139
111
70
398
79
345
145
320
121
380
389
264
113
165
362
242
82
371
452
488
397
515
281
425
443
86
533
322
349
80
266
388
200
21
171
209
471
168
218
227
245
254
272
290
299
308
326
335
353
407
485
434
461
497
506
524
542
551
208
217
226
235
238
253
262
280
289
298
307
316
334
343
361
370
379
406
415
424
433
442
451
460
469
477
481
496
505
514
523
532
541
550
559
32
105
108
44
91
65
196
161
112
1
28
31
36
42
46
52
74
87
90
99
102
123
142
144
166
175
184
192
193
176
58
124
127
137
163
186
188
67
68
125
134
138
173
189
38
69
89
106
119
122
131
132
177
141
152
45
48
93
103
120
135
136
148
157
185
187
62
81
83
88
98
153
159
183
41
57
104
140
147
162
194
84
110
154
178
199
72
172
92
126
151
158
143
160
95
101
116
128
149
182
100
191
197
77
181
164
167
198
174
78
236
179
133
156
263
118
317
344
470
479
382
319
203
201
202
205
206
207
212
210
211
214
215
216
221
219
220
223
224
225
230
228
229
232
233
234
239
237
241
243
244
418
248
246
247
250
251
252
257
255
256
259
260
261
267
265
268
269
271
275
273
274
277
278
279
284
282
283
286
287
288
293
291
292
295
296
297
302
300
301
304
305
306
311
309
310
313
314
315
321
467
323
324
325
329
327
328
331
332
333
338
336
337
340
341
342
348
346
350
351
352
356
354
355
358
359
360
365
363
364
367
368
369
374
372
373
376
377
378
383
381
385
386
387
392
390
391
394
395
396
401
399
400
403
404
405
410
408
409
412
413
414
419
417
421
422
423
428
426
427
430
431
432
437
435
436
439
440
441
446
444
445
448
449
450
455
453
454
457
458
459
464
462
463
466
468
473
472
475
476
478
482
480
484
486
487
491
489
490
493
494
495
500
498
499
502
503
504
509
507
508
511
512
513
518
516
517
520
521
522
527
525
526
529
530
531
536
534
535
538
539
540
545
543
544
547
548
549
554
552
553
556
557
558
