0
6
7
9
11
3
4
22
2
8
12
42
5
18
20
45
13
17
25
10
26
28
43
54
44
14
49
16
33
21
19
32
38
55
37
31
29
91
74
30
71
36
99
57
101
179
24
39
141
73
93
146
96
27
23
46
218
69
131
212
224
236
230
202
248
242
254
58
191
147
52
123
155
206
15
1
75
252
244
152
50
64
133
200
164
208
214
220
226
232
238
256
171
184
87
192
79
177
253
59
105
168
92
121
187
40
129
144
223
201
207
213
225
231
237
243
255
119
150
104
149
159
139
83
107
34
41
63
77
78
80
109
110
134
140
180
116
153
176
82
85
137
148
157
160
170
193
53
61
68
70
76
81
90
112
124
125
136
169
35
94
103
113
126
142
151
154
165
48
65
111
122
175
178
62
88
98
100
114
117
120
130
132
135
161
47
127
174
199
66
84
89
106
156
166
173
182
197
51
56
67
115
181
194
198
188
95
186
195
138
102
86
162
189
108
97
118
143
167
145
163
158
72
190
128
185
60
172
183
196
203
204
205
209
210
211
215
216
217
219
221
222
227
228
229
233
234
235
239
240
241
245
246
247
249
251
250
257
258
259
