0
14
6
8
3
7
12
22
9
4
15
11
10
38
54
16
27
42
35
1
76
65
21
24
59
37
33
20
29
48
123
23
58
2
72
26
83
19
92
66
51
77
115
18
84
63
60
32
171
71
30
36
45
105
13
91
82
186
156
192
135
90
153
112
118
108
109
56
167
98
46
182
125
193
47
114
121
147
25
173
96
79
78
44
120
113
148
41
81
49
40
17
97
132
106
143
139
43
5
28
31
34
50
55
61
68
74
75
80
88
89
94
103
104
107
117
124
152
158
159
160
164
166
169
177
197
200
185
190
39
57
138
62
73
93
131
146
151
163
165
52
53
64
67
70
95
111
126
140
168
188
129
149
181
201
116
127
141
142
155
180
183
187
194
101
145
179
191
102
150
161
178
85
99
154
184
198
69
202
130
174
219
110
136
137
162
203
133
199
128
172
144
204
86
189
87
134
122
100
119
176
205
195
206
175
196
157
170
207
208
209
210
211
212
213
214
215
216
217
218
220
221
222
223
224
225
226
227
228
229
