0
6
7
15
4
8
11
9
10
12
31
40
2
39
1
35
19
26
63
45
54
14
27
37
20
44
75
21
28
25
48
32
91
43
72
67
33
51
22
71
98
83
42
69
55
59
24
117
5
87
13
84
34
36
58
81
123
122
124
76
77
41
82
136
68
53
85
118
180
52
107
73
156
17
96
47
119
167
192
165
88
109
151
49
176
182
140
131
30
79
148
61
62
170
100
16
64
57
128
173
132
120
97
92
3
18
23
29
38
50
56
60
66
70
74
78
86
89
95
104
105
111
116
121
135
142
152
159
166
169
177
184
193
197
199
200
93
115
129
138
174
175
195
110
126
149
236
106
134
143
162
188
201
198
46
99
125
141
157
161
163
190
191
65
90
133
137
144
164
172
179
196
80
108
112
114
127
202
103
155
181
186
187
150
158
171
189
145
168
183
203
160
94
204
130
102
147
205
101
206
113
154
194
178
207
208
209
139
153
210
146
211
212
185
213
214
215
216
242
217
218
219
220
221
222
223
224
225
226
227
228
229
230
231
232
246
233
234
235
237
238
239
240
241
243
244
245
247
248
249
