6
0
8
7
11
4
21
9
14
44
22
24
10
18
15
36
2
20
16
13
27
30
46
12
54
26
23
77
102
66
39
56
69
63
119
51
42
1
33
78
85
98
160
135
3
111
132
80
29
70
64
73
68
134
59
17
19
129
31
115
49
192
137
86
45
35
82
40
174
101
179
72
124
193
120
136
37
152
109
55
123
178
144
171
146
75
83
218
187
60
104
61
151
43
140
153
100
190
5
34
50
52
53
58
76
81
90
91
92
106
126
130
149
183
189
191
194
200
28
108
154
25
74
96
110
142
143
203
88
95
41
79
84
87
99
172
199
139
32
65
71
89
93
107
118
121
127
128
147
156
161
175
38
48
105
133
141
158
164
165
173
184
188
97
122
131
145
159
167
57
113
157
170
186
168
182
47
117
125
166
177
62
103
180
112
94
148
198
138
195
197
116
202
67
150
176
185
114
163
169
196
162
204
206
155
181
207
208
209
210
211
212
215
214
216
201
205
213
217
