0
8
11
10
1
5
22
9
25
15
6
12
18
28
17
27
3
70
7
42
13
40
26
29
64
19
23
100
44
34
75
63
33
46
24
69
62
96
55
72
32
90
98
66
60
61
92
16
74
36
30
35
107
58
21
38
48
118
20
108
120
41
99
93
130
429
37
213
600
132
621
2
51
111
645
234
592
322
348
164
140
155
398
456
119
156
222
330
357
375
384
393
438
465
483
492
510
528
537
546
564
582
609
627
636
77
204
240
249
258
267
276
285
294
303
312
339
366
411
420
447
474
501
519
555
573
54
144
31
87
135
402
452
67
192
590
618
124
128
320
347
389
228
218
57
326
353
461
533
578
596
623
641
506
560
588
209
371
380
434
542
605
318
351
138
94
194
614
230
200
236
245
470
254
263
272
281
290
299
308
335
362
407
416
425
443
479
488
497
515
524
551
569
632
208
217
226
244
253
262
271
280
289
298
307
316
334
343
361
370
379
388
397
406
415
424
433
442
451
460
469
478
487
496
505
514
523
532
541
550
559
568
577
586
604
613
631
640
649
53
14
50
110
187
199
345
101
86
616
4
56
68
76
91
106
134
149
152
157
158
159
161
167
59
80
109
115
117
133
137
143
148
162
179
180
190
73
104
466
85
102
142
71
83
97
122
126
127
129
172
185
43
45
47
49
79
88
151
153
82
160
165
81
52
65
114
166
182
183
188
95
125
141
147
168
186
39
113
193
105
123
169
181
195
227
89
171
139
84
116
146
177
131
176
78
173
175
112
121
196
136
154
170
178
191
103
150
145
197
163
198
317
184
189
344
174
587
203
201
202
205
206
207
212
210
211
214
215
216
292
221
219
220
223
224
225
231
229
232
233
235
283
239
237
238
241
242
243
248
246
247
250
251
252
257
255
256
259
260
261
266
264
265
268
269
270
275
273
274
277
278
279
284
282
286
287
288
293
291
295
296
297
302
300
301
304
305
306
311
309
310
313
314
315
321
319
323
324
325
364
329
327
328
331
332
333
338
336
337
340
341
342
346
349
350
352
622
356
354
355
358
359
360
365
363
367
368
369
374
372
373
376
377
378
383
381
382
385
386
387
392
390
391
394
395
396
401
399
400
403
404
405
410
408
409
412
413
414
419
417
418
421
422
423
428
426
427
430
431
432
437
435
436
439
440
441
446
444
445
448
449
450
455
453
458
454
457
459
464
462
463
467
468
473
471
472
475
476
477
482
480
481
484
485
486
491
489
490
493
494
495
500
498
499
502
503
504
509
507
508
511
512
513
518
516
517
520
521
522
527
525
526
529
530
531
536
534
535
538
539
540
545
543
544
547
548
549
554
552
553
556
557
558
563
561
562
565
566
567
572
570
571
574
575
576
581
579
580
583
584
585
591
589
593
594
595
599
597
598
601
602
603
608
606
607
610
611
612
617
615
619
620
626
624
625
628
629
630
635
633
634
637
638
639
644
642
643
646
647
648
