6
7
0
10
9
18
5
11
4
14
41
34
16
22
28
2
25
8
24
12
47
72
19
96
21
39
95
15
35
61
17
1
37
82
63
45
66
52
49
27
62
136
26
13
44
103
124
148
20
71
120
142
107
42
43
168
122
90
31
77
118
99
187
197
56
160
60
125
73
110
64
40
55
158
85
65
184
3
155
131
164
79
114
132
23
102
88
38
198
159
191
32
48
54
76
111
29
33
117
123
126
137
150
200
58
104
106
141
170
180
181
30
51
105
144
156
169
69
100
199
78
80
130
133
134
53
59
74
75
91
97
128
153
163
188
189
196
36
50
67
70
119
121
147
149
172
177
178
186
46
57
86
92
98
101
113
143
146
166
174
183
195
116
84
108
115
145
152
194
83
89
94
109
165
179
68
138
140
154
175
167
112
161
176
185
182
139
171
192
203
162
87
201
135
127
81
190
129
157
173
93
193
151
202
204
205
206
207
208
209
