6
7
9
10
18
11
1
14
0
8
16
4
33
25
12
17
34
13
19
29
42
38
50
15
23
20
55
36
22
119
60
84
43
28
27
102
65
95
128
39
48
82
71
136
198
88
30
92
171
86
45
107
64
120
73
109
56
37
149
44
155
101
126
192
90
111
99
58
69
57
76
2
31
181
144
21
97
117
91
80
137
145
147
114
52
78
129
176
135
40
106
161
32
112
54
184
96
5
121
3
49
77
93
131
162
164
167
175
200
24
26
47
70
81
94
104
160
165
173
194
195
35
163
87
98
133
139
142
190
193
201
158
74
83
89
103
110
115
124
125
134
141
156
157
159
166
187
41
61
63
66
67
123
150
153
178
183
46
132
143
152
170
179
189
202
113
140
146
154
168
199
51
59
72
79
100
127
186
191
53
85
138
185
108
116
148
182
203
62
130
172
68
118
169
197
75
105
122
180
204
205
188
174
206
207
151
208
196
209
210
211
177
212
213
214
215
216
217
218
219
220
221
222
223
224
225
226
227
228
229
230
231
232
233
234
235
236
237
238
239
240
241
242
243
244
245
246
247
248
249
