8
1
7
0
6
2
17
11
24
18
13
14
10
22
12
21
33
9
30
54
5
42
23
41
48
3
119
66
29
32
115
130
25
20
38
15
16
69
59
82
40
49
47
101
120
28
35
83
53
71
60
131
39
36
109
108
143
132
76
64
174
61
97
138
72
152
45
127
37
165
105
94
135
154
92
19
176
88
96
102
139
186
157
158
90
51
50
153
75
112
44
4
57
67
68
113
114
121
144
145
148
149
161
169
182
185
195
200
26
27
31
62
85
86
87
89
91
93
95
98
104
128
136
140
162
164
188
70
107
126
141
167
170
183
184
74
103
178
111
52
43
56
100
122
123
142
155
159
168
175
177
201
46
58
73
78
79
84
106
118
125
163
171
197
34
80
81
146
156
160
173
180
187
116
137
190
193
63
147
77
179
65
110
202
172
181
55
99
189
124
150
199
117
192
203
134
151
133
166
196
204
205
129
191
206
198
207
208
209
210
211
212
213
214
194
215
216
217
218
219
229
220
221
222
223
224
225
226
227
228
