0
4
6
10
16
12
17
14
5
13
9
25
1
46
7
23
40
11
3
66
45
22
26
50
90
24
15
63
67
8
43
18
62
48
60
53
135
34
85
35
114
104
32
112
29
41
70
57
140
148
167
20
30
80
149
162
28
49
180
79
99
83
138
175
103
118
64
156
73
47
39
128
96
172
38
75
147
179
146
155
194
129
102
193
133
139
88
33
108
150
71
56
100
2
19
42
52
81
82
89
98
123
125
137
160
163
166
174
182
184
188
195
200
31
37
59
94
120
131
190
27
51
69
141
145
164
168
55
65
84
87
113
115
122
144
159
21
54
72
92
154
177
178
187
196
199
36
44
76
78
93
95
124
197
201
105
117
134
152
158
169
189
58
68
77
97
130
142
61
106
109
119
153
161
171
181
192
198
86
127
132
176
126
202
151
74
91
110
143
185
191
116
121
136
107
170
183
186
111
203
101
204
157
205
211
206
207
165
173
208
209
210
212
213
214
215
216
217
218
219
220
221
222
223
224
225
226
227
228
229
