8
10
0
7
14
1
4
9
12
18
11
6
13
17
16
20
32
40
19
49
31
29
2
25
129
59
38
126
56
112
5
42
36
53
120
22
68
43
41
55
24
94
15
50
46
105
28
137
163
88
60
86
61
95
23
146
90
92
62
67
65
185
96
110
3
111
70
140
335
45
169
350
35
345
57
188
82
310
155
300
325
230
275
395
34
285
330
370
375
390
99
280
315
307
210
261
360
365
380
122
51
179
200
205
106
84
215
220
225
235
240
245
250
255
265
270
290
295
320
340
355
385
167
134
37
77
302
158
305
72
78
124
153
98
26
27
103
132
101
100
260
201
206
211
216
221
226
231
236
241
246
251
256
266
271
276
281
286
291
296
311
316
321
326
331
336
341
346
351
356
361
366
371
376
381
386
391
396
30
52
58
69
80
81
83
104
107
121
123
149
160
162
170
44
48
71
93
113
138
156
157
165
166
172
191
39
130
136
176
63
117
73
102
114
143
144
182
197
75
109
115
127
21
74
139
194
89
150
177
196
33
47
54
85
91
97
131
152
178
184
198
64
87
142
159
161
133
145
171
173
181
189
192
135
148
154
187
190
76
147
199
119
168
118
128
66
125
164
180
79
116
175
108
151
141
174
186
193
195
183
203
204
202
208
209
207
213
214
212
218
219
217
223
224
222
228
229
227
233
234
232
238
239
237
243
244
242
248
249
247
253
254
252
258
259
257
263
264
262
268
269
267
273
274
272
278
279
277
283
284
282
288
289
287
293
294
292
298
299
297
301
303
304
306
308
309
313
314
374
312
318
319
317
323
324
322
328
329
327
333
334
332
338
339
337
343
344
342
348
349
347
353
354
352
358
359
357
363
364
362
368
369
367
373
372
378
379
377
383
384
382
388
389
387
393
394
392
398
399
397
