0
6
1
10
7
5
22
13
21
23
16
17
24
8
9
4
12
11
42
45
31
41
43
19
14
89
20
53
18
65
40
74
25
96
30
64
3
36
33
66
29
100
139
15
50
59
61
46
104
71
58
148
131
34
80
106
137
60
136
52
70
49
125
95
113
85
193
176
90
181
116
81
162
32
161
97
123
168
190
76
144
198
121
230
110
56
78
86
166
62
151
69
170
152
130
178
82
2
28
44
67
68
77
102
114
126
149
159
169
173
174
175
183
186
191
192
194
195
197
200
37
55
72
91
107
108
127
132
142
160
79
109
163
185
202
38
92
138
156
189
26
87
88
93
105
119
122
141
27
39
47
48
51
54
73
83
94
101
115
135
153
158
180
188
196
63
75
98
120
124
172
182
35
84
103
164
118
140
146
154
155
177
184
199
99
128
129
179
204
57
112
143
167
134
171
187
133
207
157
150
165
117
206
145
209
229
147
111
208
210
212
213
214
216
219
218
220
222
224
226
228
231
232
234
237
236
238
201
203
205
211
215
217
221
223
225
227
233
235
