0
7
9
200
5
8
13
14
10
11
17
3
26
28
18
24
4
12
50
35
30
2
65
27
38
29
47
57
6
66
74
21
49
68
36
76
33
16
71
129
61
78
20
53
83
44
119
84
82
172
37
34
188
103
109
137
46
117
64
114
186
75
187
155
55
142
141
112
111
58
179
195
43
41
104
102
97
167
42
67
15
96
39
175
194
163
139
164
40
54
88
116
153
157
94
70
147
1
19
22
32
73
77
90
93
100
118
150
154
160
168
174
176
199
193
130
149
178
190
25
31
56
81
120
128
140
171
197
23
60
69
106
52
63
110
113
122
123
132
156
161
162
183
184
72
85
107
127
131
177
45
89
91
99
121
125
133
138
158
165
169
185
192
79
98
159
170
196
198
59
92
95
101
136
191
87
148
166
80
143
86
108
134
126
189
62
151
105
115
124
152
135
51
48
173
181
145
146
182
180
144
