14
0
6
22
7
4
5
1
10
9
18
12
62
11
21
8
28
25
17
33
97
29
59
37
77
117
49
35
81
27
56
15
54
50
13
148
91
47
20
38
30
61
79
127
32
76
2
34
64
31
41
92
45
172
174
192
75
112
113
114
107
105
84
52
106
161
58
160
145
155
40
108
141
73
46
116
101
51
94
131
26
259
39
90
190
68
96
156
63
178
115
154
134
125
42
135
74
111
110
222
70
80
180
195
157
100
265
103
188
65
251
3
19
36
43
44
60
82
88
119
136
152
158
177
183
200
16
57
95
98
126
132
140
144
185
187
23
83
85
128
175
196
67
78
164
181
186
191
24
147
153
179
194
202
53
72
86
87
99
150
151
169
184
69
121
168
204
124
176
182
189
165
171
102
55
66
120
48
130
138
193
71
122
143
146
149
163
170
173
137
142
206
208
104
123
139
197
129
93
109
198
211
159
210
133
167
212
89
214
166
216
218
220
199
162
118
224
225
226
228
230
233
232
234
236
237
238
240
242
244
246
247
248
250
252
254
256
258
260
262
279
264
277
266
268
270
273
272
274
275
276
278
280
201
203
205
207
209
213
215
217
219
221
245
223
227
229
231
235
239
241
243
249
253
255
257
261
263
267
269
271
