0
5
8
4
6
20
9
45
28
15
24
22
23
1
18
83
57
14
27
70
13
7
49
86
32
42
44
35
21
54
82
36
48
80
17
12
102
90
16
19
62
37
61
132
67
26
60
137
69
65
46
77
41
56
157
168
64
99
104
38
133
121
111
265
252
151
117
29
112
51
124
146
161
226
165
96
72
203
3
81
68
10
195
145
119
11
107
189
198
242
93
254
143
47
199
214
118
33
278
97
200
2
34
40
43
59
73
79
98
100
108
125
129
131
159
164
179
183
194
202
228
234
253
261
264
266
276
287
295
74
85
126
141
144
192
220
289
271
71
270
25
50
55
76
87
110
180
188
206
210
237
259
282
288
30
63
114
130
136
148
154
158
174
190
209
216
221
244
272
39
53
75
88
172
191
212
223
235
251
279
284
297
94
106
181
186
201
233
52
58
95
160
177
184
187
224
240
245
246
257
31
116
120
127
134
196
238
239
256
255
281
84
78
156
247
285
113
175
153
225
296
267
105
89
232
250
280
122
215
138
193
222
263
92
115
197
205
101
262
170
171
178
182
283
291
147
173
213
219
248
294
152
207
275
135
166
204
66
91
162
249
176
218
286
230
241
128
290
123
169
293
103
150
163
260
185
236
149
274
298
211
231
208
142
277
227
140
155
167
273
109
269
229
139
243
268
292
299
258
217
