23
21
0
22
29
31
30
34
27
25
26
24
43
33
40
35
57
4
39
49
28
17
36
32
55
48
10
53
2
18
75
52
56
15
1
5
44
51
78
91
13
37
64
70
45
61
80
63
42
19
72
62
107
60
50
9
93
65
66
41
73
8
109
3
71
89
12
84
74
108
92
38
102
59
94
68
179
87
115
20
154
110
117
106
116
46
69
82
11
222
99
126
128
95
100
67
104
97
138
47
85
113
131
119
166
200
127
124
132
6
133
169
155
152
114
184
210
249
123
146
81
148
101
103
196
172
111
208
141
58
83
139
136
187
135
163
171
226
207
54
88
134
143
77
137
211
220
162
160
221
183
86
193
122
98
158
164
121
90
79
239
246
199
202
240
140
7
247
198
216
242
149
161
185
96
218
238
150
190
118
191
186
105
175
225
165
181
145
182
14
16
76
125
130
144
157
195
197
201
206
213
217
232
233
241
244
129
156
170
177
204
230
236
147
180
189
219
235
112
153
178
192
234
159
229
243
245
142
188
209
212
223
224
250
194
227
176
203
120
231
174
167
205
215
237
248
168
173
151
214
228
