22
27
24
0
23
25
29
30
31
28
26
35
32
21
33
44
45
37
42
47
43
40
38
17
57
34
51
63
46
19
53
9
69
2
4
41
5
36
81
61
79
52
15
83
1
12
59
65
54
50
133
68
84
56
39
64
10
7
123
97
20
99
107
60
78
139
92
76
87
70
55
94
131
82
153
3
132
128
71
113
159
121
18
129
104
111
80
163
89
66
135
67
182
140
164
72
211
198
147
103
158
6
130
62
137
217
250
188
96
118
175
101
166
112
98
75
187
177
195
49
93
157
242
173
142
197
126
138
189
180
167
156
117
91
124
13
145
77
249
190
127
143
148
224
105
74
226
48
16
100
234
229
178
149
154
134
90
193
244
14
106
88
160
171
114
141
161
155
168
196
238
236
165
181
172
8
209
228
119
115
58
150
201
220
102
109
208
11
223
192
86
108
120
122
125
169
170
176
179
183
194
200
202
214
218
221
241
116
199
203
207
235
243
247
248
95
144
210
212
213
215
152
73
136
216
222
227
237
85
174
219
231
245
151
205
204
110
162
185
230
146
186
225
239
232
184
233
191
240
206
246
