8
0
4
2
6
9
12
10
32
7
38
33
16
13
52
48
28
21
11
26
18
5
1
58
3
41
47
74
30
24
37
29
75
64
89
55
124
14
20
56
111
76
22
39
86
67
116
118
45
80
44
100
19
162
34
147
57
66
157
92
35
78
262
69
141
23
85
177
122
167
17
228
61
63
105
121
189
60
128
31
68
107
84
70
181
125
266
225
138
186
234
208
251
192
202
15
144
321
346
46
51
43
81
267
36
223
161
50
65
164
173
270
168
200
151
153
119
71
315
90
160
271
220
62
88
109
135
155
163
165
169
172
180
188
195
209
286
293
309
319
152
187
203
49
54
97
99
110
191
214
221
237
239
250
268
277
302
337
42
134
146
182
215
272
59
120
179
276
301
313
347
98
213
227
245
325
101
143
281
282
306
308
329
335
25
72
87
117
178
196
229
243
349
95
102
106
113
115
123
159
176
204
210
212
230
240
269
317
40
112
148
193
206
233
256
258
307
226
299
324
27
154
185
194
279
326
129
201
216
246
280
297
300
217
242
274
291
294
331
91
149
218
253
93
73
77
133
252
283
290
322
330
131
207
287
316
126
238
273
341
342
83
343
96
103
174
259
265
275
323
339
219
222
248
236
327
156
166
311
198
139
170
79
94
114
249
295
136
241
261
304
312
150
254
263
53
137
145
184
211
310
320
247
257
264
334
348
158
333
224
298
108
142
175
199
344
260
127
104
318
255
132
82
303
130
183
288
296
328
292
332
232
314
235
278
244
171
336
205
190
285
345
284
197
140
338
231
305
289
340
