0
6
5
9
15
4
2
8
10
7
3
18
17
11
42
107
36
41
22
25
78
80
14
12
13
65
34
54
104
129
23
21
19
52
145
35
32
20
131
118
60
171
58
30
68
71
33
46
168
175
99
148
96
28
26
95
44
127
49
101
179
155
126
181
1
67
111
70
117
97
69
29
146
108
112
212
138
84
159
124
74
61
149
81
239
144
31
40
48
51
89
100
120
123
132
139
163
173
228
237
241
27
66
105
113
150
16
47
134
143
183
219
227
240
246
50
56
75
82
140
153
170
233
38
147
156
165
184
188
231
243
244
24
43
63
64
77
79
88
115
133
135
137
194
202
249
37
45
62
85
116
141
177
186
190
214
59
73
106
166
226
87
94
199
225
245
247
57
92
110
161
189
198
72
76
102
136
152
187
191
235
83
142
178
206
232
91
154
53
93
193
222
39
128
213
216
221
230
90
103
121
122
172
174
195
196
242
248
55
217
119
192
197
229
86
109
162
176
234
236
151
208
160
211
167
210
200
98
204
201
182
223
185
224
180
125
238
205
157
207
215
130
169
220
158
164
114
218
203
209
