15
16
3
11
0
23
13
2
29
18
14
28
17
19
20
33
24
30
65
25
21
12
31
42
35
43
60
7
37
1
27
61
9
64
69
36
39
49
89
73
110
22
4
72
34
84
92
40
82
133
10
26
56
54
48
44
107
46
114
66
62
147
75
145
74
79
122
59
116
63
78
99
76
71
55
146
182
134
164
174
108
67
90
178
162
70
8
135
185
186
188
91
77
156
103
52
155
137
47
102
32
38
80
83
245
124
169
123
5
6
228
117
109
111
130
96
81
226
170
119
150
58
217
205
140
86
88
148
176
143
198
113
227
94
161
179
199
248
51
222
45
149
41
231
144
121
232
240
212
247
192
160
57
95
104
115
126
127
163
189
191
221
234
118
129
181
207
214
249
53
85
101
128
138
158
175
184
200
201
202
223
243
50
120
154
157
168
180
183
203
206
213
218
219
225
235
236
239
93
177
193
194
209
98
131
190
211
68
171
106
112
125
195
105
187
215
233
216
153
159
196
210
224
237
242
244
100
165
246
132
152
229
241
87
97
136
142
166
167
204
139
197
173
208
220
230
238
250
141
172
151
