0
3
6
8
7
1
17
10
16
23
4
13
11
25
44
15
20
39
32
33
45
14
36
29
40
41
38
59
5
19
150
55
58
65
34
37
22
105
18
114
50
61
27
46
113
92
48
30
62
136
157
147
82
21
2
214
64
110
151
205
70
24
142
138
117
43
97
101
100
155
83
177
231
71
96
99
202
12
132
102
204
80
236
95
170
167
221
109
103
169
42
54
120
186
208
173
57
197
129
181
222
89
242
234
91
85
49
168
230
93
123
137
88
56
69
196
31
160
144
195
143
47
87
66
26
35
53
73
79
108
116
122
127
146
153
154
162
163
174
176
180
190
211
216
224
240
247
9
28
131
148
175
193
203
237
86
171
183
200
51
52
67
75
78
84
112
159
209
217
232
239
241
245
77
104
194
134
149
156
182
213
63
130
135
166
188
201
210
128
179
243
60
68
76
81
90
161
165
178
198
215
233
98
126
139
141
185
206
244
74
106
119
164
107
140
184
187
72
192
238
246
115
207
118
172
249
158
218
226
235
191
248
145
94
228
189
152
121
125
212
220
133
199
111
124
225
229
219
223
227
