0
17
21
31
20
22
27
18
19
24
25
26
37
40
23
1
28
15
57
50
48
54
2
33
5
3
44
13
38
30
41
58
92
35
56
36
45
51
46
39
52
71
6
14
63
72
34
29
95
77
78
32
16
47
8
4
66
65
73
68
84
99
106
53
153
70
9
117
42
102
80
55
93
104
60
88
64
114
91
49
82
162
94
160
110
181
85
100
113
74
108
123
59
157
109
96
128
186
11
107
7
10
112
149
210
87
120
86
185
105
209
201
115
135
152
130
143
193
155
83
116
161
211
237
226
139
179
98
163
238
247
89
177
194
217
127
174
101
67
81
137
156
159
119
231
158
79
236
118
212
239
126
150
154
208
230
165
229
131
235
225
121
178
12
122
69
203
215
151
175
90
132
173
196
168
124
243
198
188
145
200
232
61
75
125
129
136
138
140
166
182
187
192
205
216
218
221
233
244
43
97
103
146
169
204
223
242
62
184
228
133
144
164
171
195
76
141
189
191
197
111
142
180
202
240
241
172
176
213
245
250
170
199
222
207
220
227
246
248
147
183
249
214
219
148
224
190
134
234
206
167
