0
3
7
6
11
10
13
4
24
49
16
21
47
36
2
17
15
14
25
96
29
18
67
62
22
68
39
193
64
88
54
128
8
111
151
31
191
236
179
167
19
53
26
34
110
152
1
35
95
203
245
156
56
12
28
37
97
121
122
77
5
50
142
91
48
233
20
27
41
42
52
60
80
92
107
125
127
180
199
212
225
226
229
109
117
140
172
190
194
198
9
44
45
57
59
61
63
87
100
116
119
153
162
183
192
205
214
220
238
46
82
84
85
90
115
165
189
23
30
33
58
108
124
126
137
178
208
40
55
72
75
81
104
112
129
134
188
206
32
177
186
207
184
38
71
101
130
143
200
223
227
239
158
211
243
94
83
106
118
120
133
65
99
228
93
155
185
105
157
147
150
161
163
197
201
43
86
149
148
204
234
51
78
135
195
224
235
73
76
113
160
196
241
70
123
169
132
154
231
89
131
171
145
79
244
141
215
222
66
114
102
103
146
166
173
202
181
69
74
144
159
164
176
232
98
219
168
209
210
213
247
174
170
221
182
138
230
175
240
248
218
139
216
136
187
242
246
217
237
249
