0
17
19
20
22
18
23
35
32
30
16
27
21
26
31
24
25
41
37
28
33
45
36
43
8
61
44
76
47
34
42
40
39
52
62
67
29
10
84
5
89
75
50
117
53
54
11
9
129
64
1
7
58
13
15
6
70
93
3
96
72
12
4
38
82
68
85
111
56
59
143
154
55
83
106
94
51
112
124
147
131
138
171
160
49
186
57
101
125
74
81
182
114
88
65
110
206
107
136
174
109
140
196
132
148
97
66
46
122
164
194
162
161
133
86
126
141
48
130
217
212
116
248
108
113
222
77
193
167
242
150
155
149
145
204
181
243
139
69
205
175
207
142
219
192
73
170
134
232
105
119
213
102
234
137
208
229
115
231
128
210
235
218
120
214
98
226
100
90
152
195
166
237
165
191
178
14
224
173
99
63
123
156
2
60
78
80
92
127
135
157
172
177
179
183
197
200
227
230
71
158
223
187
118
180
221
236
121
169
215
220
153
176
184
199
202
216
228
163
190
239
244
246
87
91
95
103
185
189
211
245
146
201
225
104
168
188
198
144
151
209
159
233
79
203
247
249
241
238
240
