0
8
7
3
11
9
18
13
21
25
4
20
2
12
15
27
14
16
19
1
35
26
22
61
10
67
107
24
43
17
38
40
36
32
102
37
53
116
52
69
49
79
171
55
98
81
118
71
33
95
138
85
103
44
198
57
122
161
108
204
60
147
112
42
91
192
50
131
72
84
120
145
137
117
28
208
31
6
111
222
29
66
157
101
140
191
142
56
244
195
219
45
39
48
135
99
169
132
139
68
194
212
173
154
63
226
75
130
152
78
88
165
82
83
183
229
233
166
89
216
65
141
200
209
94
146
5
23
30
54
58
77
97
104
110
123
124
125
127
151
153
158
160
167
187
214
221
224
225
230
250
51
92
144
179
213
217
220
248
41
64
105
143
148
150
170
218
227
234
237
46
87
90
96
114
126
133
136
149
176
178
180
193
203
223
240
249
100
121
129
134
184
242
245
175
182
47
93
113
189
197
201
239
34
76
86
162
168
190
215
235
59
119
128
247
159
163
172
207
70
80
177
231
236
73
109
196
199
232
238
62
211
181
202
206
174
74
106
115
205
243
246
188
228
155
156
241
186
164
185
210
