21
23
24
20
0
19
27
22
28
30
12
33
46
31
26
35
41
25
39
44
36
43
32
49
42
66
40
8
50
56
75
51
55
47
3
52
60
10
29
45
38
2
48
86
112
132
34
69
85
13
17
80
105
1
6
11
14
18
106
77
9
98
71
72
97
79
59
54
61
84
118
58
170
53
129
101
74
63
37
147
68
65
186
57
89
155
95
73
62
175
179
171
140
177
70
124
93
198
116
76
165
103
67
114
5
104
4
133
120
212
109
121
94
122
242
157
154
178
15
224
139
148
228
156
160
64
123
126
159
183
96
163
241
149
7
202
187
117
233
82
190
218
227
119
182
180
248
188
158
207
221
138
115
231
78
99
191
102
185
166
238
236
131
203
130
135
168
137
169
244
152
167
226
81
173
144
111
92
125
217
83
237
91
108
234
90
230
16
110
128
134
136
141
145
162
164
176
184
193
208
211
214
247
216
87
127
142
151
153
172
196
206
213
240
249
146
222
174
192
239
181
235
250
100
161
195
199
205
143
107
204
225
150
220
88
209
210
246
194
197
243
113
215
219
245
200
229
189
201
232
223
