23
0
24
22
21
27
31
30
37
25
29
40
34
28
26
47
32
33
41
38
53
48
35
39
6
74
58
42
90
61
15
69
44
77
59
50
51
75
66
79
55
92
36
67
62
56
52
20
54
45
43
57
82
71
60
113
5
85
3
114
17
84
119
11
73
105
128
103
93
14
159
46
136
106
13
65
68
187
16
110
108
102
81
80
123
116
86
18
95
89
8
111
64
99
120
70
186
215
76
49
100
63
245
78
142
121
133
140
118
165
117
219
124
144
98
131
154
172
242
2
163
202
170
19
151
191
183
206
132
152
166
145
161
125
212
178
10
129
101
97
96
143
184
173
225
194
227
12
150
188
224
213
1
162
115
109
160
4
158
207
193
135
138
156
237
171
168
94
112
134
130
139
196
169
214
147
122
218
203
248
230
228
72
180
246
240
137
205
146
7
9
83
104
127
153
167
175
176
181
201
216
217
221
238
239
243
199
232
148
197
235
236
88
157
174
182
198
223
231
233
192
204
220
87
155
164
200
208
210
229
91
126
149
234
241
247
107
195
209
211
250
189
185
222
226
141
190
177
179
244
249
