10
1
20
5
9
0
25
6
17
11
13
18
3
24
45
8
31
15
36
19
38
41
12
77
81
21
4
56
7
101
29
28
39
32
46
64
47
93
53
103
100
72
102
49
122
154
22
97
69
50
159
27
59
80
128
115
126
98
63
51
52
35
139
65
37
23
209
92
138
168
176
129
30
14
109
54
95
199
90
118
76
132
158
42
94
174
244
171
223
75
156
224
83
121
188
193
212
44
112
197
135
2
16
87
190
196
130
226
40
70
164
184
221
231
234
48
61
62
67
74
110
124
137
142
143
157
189
191
200
204
163
246
60
91
99
136
140
147
198
79
119
172
194
26
34
55
57
84
88
111
133
160
166
170
175
217
218
233
33
66
68
213
215
216
245
117
127
202
225
58
71
107
123
141
148
167
250
73
120
144
149
150
187
78
104
145
177
210
211
220
229
114
125
235
241
151
153
169
182
247
105
195
203
85
134
155
185
222
186
43
116
161
227
82
89
173
206
219
249
240
86
152
178
181
237
108
113
180
192
201
230
96
165
106
146
207
228
248
183
238
162
208
243
239
179
131
242
214
236
232
205
