15
17
16
0
8
13
1
14
29
20
30
21
27
22
31
25
18
5
26
19
45
60
28
6
43
40
50
56
9
24
73
64
32
48
74
51
121
66
63
96
91
35
33
4
12
36
68
67
53
61
44
23
107
47
108
75
110
41
106
58
127
7
102
118
2
70
59
109
72
76
87
78
69
89
38
129
52
77
122
34
71
111
81
42
189
57
132
100
154
138
174
114
80
173
158
168
55
137
205
49
139
94
144
231
152
65
216
3
98
162
145
99
172
143
84
104
206
204
169
161
148
235
201
219
182
157
85
95
117
228
225
113
211
194
156
190
115
126
220
150
171
185
88
222
188
184
246
243
226
164
159
163
229
124
134
11
149
237
62
244
180
155
141
10
37
39
79
86
90
92
97
101
103
116
123
131
133
140
165
176
212
214
232
236
239
247
166
175
178
192
196
197
200
213
217
240
46
105
146
160
167
193
223
135
208
112
187
221
82
142
147
153
199
54
130
151
179
203
195
230
93
119
128
177
210
224
245
83
186
215
227
183
198
248
136
249
191
125
170
181
207
234
238
241
202
218
233
250
209
120
242
