6
0
8
22
16
11
7
20
18
9
3
19
30
24
12
5
1
17
13
10
69
47
14
97
73
62
39
46
21
32
25
48
23
85
44
86
4
82
2
31
43
77
74
27
41
55
98
45
131
61
78
50
26
124
64
76
111
33
104
38
128
29
154
139
151
53
180
72
93
155
179
70
184
99
163
212
107
132
219
91
183
168
237
65
192
161
165
177
225
92
112
187
199
186
125
60
68
80
119
51
213
102
141
147
133
122
121
197
229
249
166
189
59
185
81
140
149
15
28
36
52
66
103
160
162
171
173
178
195
200
204
236
246
49
79
176
210
218
222
224
114
127
158
221
40
106
120
126
142
174
190
216
130
232
63
67
89
90
95
164
245
37
54
58
84
105
115
136
153
159
203
208
71
87
108
117
129
143
152
214
243
57
188
220
223
226
234
235
56
123
134
230
231
244
42
96
207
248
35
116
137
146
172
175
182
196
34
109
135
157
156
167
206
88
113
191
194
211
181
202
209
110
145
193
170
233
75
83
169
227
238
118
100
138
205
239
144
101
198
94
215
240
241
148
150
228
201
217
242
247
