11
0
12
14
16
21
27
17
2
26
9
25
30
20
13
4
22
42
10
45
5
54
19
15
31
73
18
43
44
90
49
94
3
8
68
24
69
83
29
34
64
41
23
104
39
56
52
35
66
71
63
37
46
47
91
76
58
92
1
57
199
74
161
67
80
96
62
61
217
110
53
60
155
114
65
81
95
33
28
82
129
101
146
150
194
140
132
77
123
108
157
241
116
139
51
48
79
59
197
70
98
184
105
162
163
135
136
151
166
128
78
153
112
137
148
233
84
202
99
125
109
107
173
55
192
209
215
218
201
237
189
248
6
149
169
190
158
147
160
175
196
220
212
224
93
113
115
204
221
244
231
164
178
187
134
188
230
243
7
36
100
102
103
106
111
118
119
120
122
126
143
154
167
177
180
200
208
228
234
32
38
72
89
174
40
142
159
214
240
245
249
50
152
203
236
88
121
127
170
206
85
168
210
213
250
225
130
165
172
226
235
75
87
124
216
219
247
141
144
195
232
176
198
205
227
238
131
138
183
191
117
133
156
211
229
185
207
242
181
97
145
193
223
239
222
246
179
86
186
182
171
