0
1
2
12
32
15
25
11
6
5
7
4
46
9
31
38
21
28
39
54
95
13
141
8
58
76
72
27
30
89
70
98
22
10
60
23
20
19
153
33
119
26
97
214
36
35
50
47
81
105
90
113
120
53
256
51
74
109
93
40
79
178
87
192
69
49
165
43
278
236
65
44
94
122
147
139
67
168
83
398
289
209
262
24
125
55
322
111
18
350
130
424
37
127
228
42
295
196
174
213
86
171
167
223
200
106
291
285
373
59
131
104
250
351
135
334
100
328
199
155
108
136
481
307
129
68
159
388
221
309
298
71
409
382
462
16
115
123
270
152
102
269
187
280
480
495
151
176
247
249
287
487
454
180
267
140
440
224
73
173
374
371
110
336
3
29
45
48
57
63
75
92
149
156
157
211
217
241
246
251
279
281
311
313
316
318
327
333
380
387
411
416
423
453
455
459
473
477
488
491
497
34
52
56
84
143
166
169
181
183
186
189
206
253
260
264
268
317
320
321
392
403
413
439
444
446
448
451
456
457
463
41
61
62
101
133
144
175
188
197
218
225
232
282
325
341
345
355
369
375
417
419
420
438
485
300
85
137
274
349
364
395
406
470
17
219
331
342
343
348
400
449
78
117
118
126
132
201
230
237
299
360
391
421
468
475
80
124
162
379
402
452
498
14
191
198
215
229
261
330
146
202
252
259
346
437
486
91
227
271
310
314
376
461
77
82
203
233
240
368
384
415
425
435
96
158
160
172
239
302
418
478
499
99
148
205
290
306
381
433
107
116
193
445
472
323
284
405
265
179
195
303
312
441
88
212
272
283
389
479
210
332
386
347
428
326
357
494
103
128
154
161
288
293
378
401
460
467
482
66
163
220
64
277
359
177
235
254
297
431
443
434
121
304
412
138
242
361
410
112
216
238
315
329
339
340
383
427
429
430
194
308
344
399
164
245
114
145
190
354
182
184
275
365
408
489
490
426
134
243
266
390
244
142
207
257
353
450
466
208
292
324
483
471
362
170
150
185
231
363
222
258
301
422
447
296
404
204
338
367
335
370
393
226
352
276
414
476
474
273
469
337
436
465
484
294
319
234
407
248
356
263
397
358
385
372
377
442
286
305
396
255
394
458
492
464
493
432
496
366
