0
4
3
6
23
5
10
12
21
29
11
27
37
7
9
36
1
15
51
81
58
30
38
41
13
2
60
65
46
50
120
109
53
77
34
128
76
20
48
52
253
119
86
47
16
63
42
118
198
89
169
146
106
171
68
35
208
43
14
28
84
105
24
67
94
197
158
177
184
31
97
69
188
131
217
62
18
90
144
270
160
22
125
112
296
8
26
33
227
54
300
167
121
269
129
225
141
78
156
241
309
344
72
168
17
151
330
104
116
265
45
130
152
224
117
179
194
98
278
301
56
59
71
74
79
147
178
190
193
196
222
229
243
244
245
251
252
258
273
288
290
295
313
347
66
85
88
103
114
132
181
195
199
281
282
32
82
150
267
44
64
96
100
126
135
142
153
207
209
216
271
275
285
317
318
321
326
335
75
87
91
99
108
113
115
161
164
206
236
264
266
286
307
325
49
123
139
176
242
246
250
254
262
298
19
39
40
55
107
157
165
180
191
210
223
276
289
299
312
333
93
95
173
268
287
308
92
140
185
187
202
214
218
219
248
122
234
263
322
332
25
148
175
215
70
111
136
316
228
233
235
247
256
259
315
101
143
170
183
205
212
274
283
134
137
297
232
342
340
83
124
149
200
204
211
255
261
280
324
166
102
155
162
238
334
80
110
57
163
231
237
239
272
343
154
341
61
348
73
328
213
349
220
294
311
346
182
189
221
338
306
127
201
145
319
133
303
293
249
257
314
172
279
310
159
302
327
203
304
336
339
192
337
186
138
345
174
230
329
240
291
331
323
226
277
292
284
260
305
320
