7
0
5
20
2
1
6
4
12
21
22
37
34
15
16
48
19
24
17
100
55
35
14
66
115
60
31
40
47
90
56
38
27
18
62
101
109
149
126
130
162
9
44
71
86
68
288
36
113
10
88
46
70
173
199
32
78
28
77
107
238
150
93
330
53
3
151
146
182
263
184
144
212
164
112
314
324
154
148
183
105
26
195
110
42
121
102
223
338
409
395
209
171
104
322
169
244
170
349
54
439
258
264
51
133
301
8
137
334
177
286
125
160
67
193
440
189
132
293
318
413
124
172
159
178
145
135
246
252
103
352
272
224
261
415
123
498
253
345
265
490
228
386
82
336
74
106
309
245
155
11
52
147
320
332
376
392
63
197
131
29
33
39
92
127
128
167
174
180
190
196
203
204
217
225
241
243
260
298
302
344
350
374
397
471
477
13
49
64
69
80
141
156
205
266
271
276
278
285
289
341
351
425
468
57
61
75
114
120
139
176
185
216
251
282
321
367
370
372
383
396
428
431
473
99
303
419
433
30
45
72
79
81
192
233
236
257
291
326
369
382
404
417
420
447
474
489
43
59
83
84
116
118
157
161
237
256
267
335
379
380
388
390
391
435
451
466
476
494
497
91
95
96
119
122
134
138
219
247
287
323
366
368
389
414
25
41
129
187
194
214
218
221
250
269
270
273
328
363
378
406
434
445
458
460
463
465
472
483
254
181
304
307
426
485
191
198
240
362
23
58
97
175
186
201
232
360
418
444
117
340
76
168
188
211
226
290
384
400
401
85
108
142
165
220
235
315
453
480
284
348
377
405
412
484
231
248
337
432
136
249
279
343
408
442
482
65
87
94
213
230
361
410
452
459
462
464
166
364
381
448
454
461
152
200
227
306
329
387
207
163
255
268
475
239
294
373
393
441
50
153
202
319
424
311
89
208
292
427
438
443
455
111
158
206
317
371
403
215
469
73
308
327
375
416
421
479
491
496
229
242
402
356
399
488
347
179
274
449
299
313
331
365
354
481
325
358
499
140
407
339
423
450
295
210
305
98
143
283
346
262
259
430
222
297
478
296
277
353
422
495
355
456
467
394
437
275
457
398
446
359
312
280
310
234
342
429
493
281
436
411
316
333
357
487
385
300
486
492
470
