5
1
11
4
0
6
3
19
24
10
21
7
8
31
26
38
27
16
9
12
30
20
52
33
76
22
32
68
91
108
152
23
17
99
110
144
78
29
154
126
199
124
96
43
60
160
92
145
217
98
109
95
148
2
14
168
35
169
196
49
235
102
74
87
247
47
66
86
94
134
159
177
209
212
248
25
44
54
55
63
71
75
80
82
85
100
125
193
197
204
214
225
28
50
120
181
200
222
229
18
36
40
59
83
104
115
122
179
213
224
39
48
107
111
118
141
151
163
165
170
172
174
175
183
194
198
228
237
242
34
58
64
81
114
121
142
188
42
53
192
233
234
13
106
123
130
132
149
158
187
240
15
77
137
153
221
88
173
189
51
56
61
62
105
116
139
146
166
201
207
208
218
219
70
113
162
241
41
119
167
131
147
215
67
143
155
211
46
97
156
182
244
84
117
128
37
239
45
65
157
216
136
220
73
89
138
140
202
72
90
112
210
57
103
180
133
127
232
69
101
205
129
176
150
161
185
186
79
184
178
246
93
135
203
238
171
226
230
231
191
195
206
227
164
190
236
223
249
243
245
