0
6
3
7
4
8
1
38
18
5
20
10
19
99
26
23
11
78
17
22
36
70
12
2
13
16
126
24
109
44
52
87
14
56
27
113
25
50
9
48
60
141
37
73
43
94
179
30
144
128
205
182
171
65
150
46
176
58
324
35
119
72
174
68
130
81
122
180
225
28
207
244
45
116
61
181
33
165
74
114
254
191
200
135
164
146
177
155
166
39
304
123
15
193
272
348
173
134
83
132
323
295
314
148
235
77
100
192
102
98
62
266
76
53
196
320
21
32
41
51
57
63
67
69
82
97
107
136
137
143
145
159
163
168
188
202
228
238
240
250
259
261
283
294
305
306
319
335
340
49
59
84
88
101
106
115
156
186
209
217
326
345
42
185
189
231
292
341
47
79
93
103
124
172
187
215
223
229
242
267
274
287
289
301
338
342
31
40
127
138
198
220
255
262
279
288
297
312
315
318
325
64
133
197
199
71
86
89
105
110
111
121
131
152
183
203
211
213
218
241
252
271
296
311
313
330
29
92
104
108
120
158
169
194
237
248
256
282
290
299
347
34
55
66
142
178
216
234
257
300
85
162
140
208
280
329
346
157
222
226
253
273
284
308
331
317
328
139
161
260
80
147
247
190
332
75
243
327
117
270
281
212
258
322
91
154
246
321
153
167
286
291
307
298
125
160
349
149
151
310
90
204
316
336
337
112
277
214
175
221
54
232
303
118
224
309
219
184
227
302
239
264
170
129
201
96
95
236
293
265
249
275
206
233
245
276
263
210
278
339
251
285
195
230
268
334
269
333
343
344
