14
16
15
13
18
0
19
6
25
20
38
21
22
40
46
33
23
35
31
17
48
47
2
27
61
24
80
8
63
41
1
12
7
51
69
28
44
9
45
43
50
65
11
94
55
32
132
77
70
75
89
124
36
86
78
126
95
100
62
67
64
56
112
140
79
34
127
29
96
83
168
123
59
73
101
39
143
37
174
53
141
189
108
102
103
93
76
117
10
172
194
109
97
152
175
82
129
113
177
49
192
116
99
128
81
68
153
237
85
148
42
157
3
105
131
133
134
230
151
142
54
106
221
144
60
118
87
169
199
66
214
119
57
90
115
156
72
179
213
30
145
180
5
74
184
212
246
191
242
220
164
150
200
224
218
235
104
147
240
209
114
217
4
138
225
121
193
244
26
84
88
111
146
166
167
178
185
187
188
190
195
219
239
249
52
137
183
58
120
139
154
159
182
196
243
110
205
211
234
238
92
135
162
176
186
207
228
241
248
122
163
165
198
71
91
125
136
161
197
231
233
149
222
236
155
98
130
173
210
216
229
247
250
160
170
202
227
171
181
203
206
215
226
245
107
204
201
208
223
232
158
