0
11
5
2
7
6
23
17
1
8
13
9
22
84
16
4
64
48
54
33
26
61
68
79
121
10
40
30
20
51
18
107
80
122
110
19
90
37
15
25
28
70
97
63
12
62
41
74
166
59
65
103
102
14
126
358
27
78
230
95
55
92
101
131
114
112
144
66
165
21
94
45
154
98
73
179
139
24
304
222
129
183
277
100
162
377
274
130
133
60
69
385
88
35
127
298
370
221
197
204
261
31
52
216
83
128
44
190
368
265
135
96
320
93
125
169
362
113
269
160
234
434
296
276
239
157
334
34
356
303
311
140
316
159
49
67
86
246
347
38
322
213
419
77
308
231
195
36
57
397
120
3
29
32
42
43
105
106
138
163
174
175
187
193
212
260
284
289
379
388
400
405
412
414
424
433
444
39
46
150
158
198
200
248
264
300
372
56
91
116
117
153
236
254
302
321
330
335
352
354
378
387
402
418
124
258
312
58
147
218
286
375
71
82
137
148
171
173
228
243
256
268
288
301
313
314
340
343
348
422
428
72
156
172
186
220
226
245
262
271
282
345
361
398
425
436
442
53
76
143
145
181
251
253
259
294
339
383
409
429
432
109
142
151
207
249
333
396
401
47
232
357
360
393
403
104
299
85
108
111
119
134
136
149
167
168
189
205
206
223
291
325
363
371
373
376
382
427
448
50
146
170
279
416
89
123
188
199
266
267
250
292
295
306
391
161
242
263
327
449
257
87
99
118
141
309
349
430
184
337
441
152
238
437
367
407
435
446
177
209
241
252
336
426
164
176
178
192
244
275
369
415
431
443
408
240
287
290
404
381
413
75
227
318
81
237
293
406
420
202
445
233
344
353
191
355
182
247
395
272
331
185
332
196
215
389
310
115
219
180
281
155
270
278
341
255
307
411
229
285
392
390
210
319
342
439
317
329
132
224
323
211
350
351
214
208
283
338
366
364
217
374
440
194
235
346
326
399
417
380
297
359
225
423
324
201
280
394
203
315
273
438
410
328
384
386
365
447
421
305
