5
2
6
10
15
4
11
9
0
16
14
18
8
56
19
22
49
30
32
3
20
7
52
27
71
39
55
57
43
25
29
66
28
38
183
129
46
130
96
262
77
24
31
13
162
144
182
37
253
156
21
169
35
84
1
54
142
123
26
166
147
47
332
106
34
100
173
101
194
238
160
146
293
155
40
62
12
252
209
196
213
81
44
63
165
175
221
263
185
325
239
23
202
247
59
170
309
279
235
294
228
33
136
74
50
220
86
257
379
383
120
443
189
93
117
246
118
64
180
90
139
210
88
258
310
17
94
65
78
68
107
151
198
53
79
51
191
225
58
348
447
83
133
157
276
344
124
109
85
411
112
119
121
125
150
256
289
292
301
324
396
420
438
115
161
244
375
41
89
103
116
122
126
190
222
232
248
312
330
333
340
346
349
358
397
402
435
72
75
186
237
240
268
272
273
336
386
392
48
154
179
184
205
206
255
260
297
343
380
430
73
97
104
127
141
153
163
164
197
223
234
266
270
283
318
321
327
338
389
412
414
80
102
113
131
167
178
193
245
269
291
304
371
406
407
138
208
216
290
342
350
351
422
76
168
201
278
393
398
140
174
212
242
317
335
356
391
427
42
92
214
259
274
302
314
334
418
419
45
98
99
158
181
218
231
311
382
399
135
148
436
288
326
105
108
200
204
296
337
354
394
114
132
215
219
275
313
315
384
395
176
177
188
192
217
282
316
331
347
444
70
82
152
229
236
306
372
376
401
134
137
445
36
69
95
203
295
298
357
359
362
61
110
67
303
322
428
60
195
211
413
226
284
261
328
370
128
271
307
425
143
345
368
91
111
233
367
369
224
339
410
374
230
308
159
172
249
250
87
187
360
241
341
390
207
409
442
199
281
408
299
363
426
227
300
433
377
319
364
145
277
305
441
353
265
381
323
243
365
439
387
254
366
429
280
149
171
329
437
388
403
267
355
424
286
361
400
352
415
404
264
432
287
320
416
446
373
378
449
448
385
285
405
431
251
434
417
423
440
421
