2
0
4
6
7
11
20
28
14
30
9
17
5
8
51
39
81
58
3
10
88
23
24
42
77
13
135
196
55
96
12
116
65
54
47
16
18
37
117
87
33
67
171
166
84
94
179
19
143
92
180
79
22
325
93
103
27
56
48
26
15
213
107
49
95
165
99
80
68
183
101
147
72
57
97
74
154
123
43
112
64
109
105
313
50
134
53
113
175
155
35
250
34
222
44
91
128
248
121
312
211
114
194
131
66
163
167
150
1
71
110
153
86
249
280
118
138
174
332
120
25
60
62
76
83
85
100
106
140
157
177
185
186
203
215
220
237
240
242
284
285
292
307
336
282
21
36
59
61
73
108
115
119
141
144
176
182
204
207
224
226
229
230
241
272
281
291
303
331
344
29
89
90
142
169
189
318
31
32
82
126
136
137
178
238
239
260
276
278
315
319
38
45
69
70
151
158
199
246
293
317
46
127
133
156
161
191
206
261
274
310
329
339
40
52
216
245
341
347
253
265
346
111
172
187
320
330
41
78
104
170
227
232
270
300
125
146
173
184
212
234
287
348
235
256
257
309
311
63
98
160
168
219
264
283
326
251
267
321
102
162
188
273
279
192
202
297
316
322
323
124
129
218
231
262
296
308
221
324
130
247
290
269
139
195
333
337
201
225
243
254
328
208
335
75
286
275
233
349
122
209
223
148
314
259
217
255
164
294
305
145
190
298
149
236
338
193
214
159
343
288
200
210
181
301
327
132
263
266
197
244
340
295
334
268
152
277
289
306
205
258
271
299
198
345
302
252
228
304
342
