1
0
4
3
5
9
21
7
18
29
22
6
41
15
34
20
49
46
10
11
38
69
165
26
130
93
16
40
28
123
120
33
92
70
50
117
89
63
42
53
32
141
25
44
12
36
160
31
43
30
157
178
57
78
110
68
66
186
97
2
195
23
128
112
164
51
8
14
17
19
48
52
54
67
95
105
121
125
151
180
191
13
24
37
45
59
60
65
73
74
83
86
87
91
104
116
126
127
129
131
139
146
154
163
167
171
175
177
188
189
199
39
47
72
77
84
98
106
109
111
113
140
156
173
194
35
56
71
90
101
108
124
133
172
174
190
82
115
149
150
161
181
184
185
76
88
94
134
143
153
158
27
75
138
170
183
102
100
103
107
147
96
118
142
114
192
80
61
169
62
136
145
152
55
58
81
132
64
122
162
137
144
198
155
135
79
85
179
182
148
176
196
99
159
168
166
119
187
197
193
