10
0
5
12
3
14
15
4
55
11
8
37
20
19
7
9
87
1
16
26
6
33
117
27
51
46
67
58
36
25
153
104
24
56
74
62
70
57
101
22
91
30
82
138
81
178
218
151
100
21
108
78
110
75
225
43
77
118
23
188
13
59
145
152
93
49
129
41
60
168
65
84
175
48
92
28
160
95
134
2
31
39
40
76
123
126
176
177
181
183
215
239
249
17
63
68
69
83
90
248
18
45
47
53
66
102
116
121
133
161
166
192
196
214
226
228
61
111
221
35
50
85
141
186
189
219
243
32
97
122
159
170
235
29
72
88
94
173
71
112
113
136
137
147
148
156
34
79
105
135
187
205
246
42
54
73
80
86
103
115
119
125
139
150
190
201
204
208
209
244
247
96
109
164
89
157
171
180
194
197
207
210
227
38
130
44
64
158
167
184
230
120
131
143
149
198
127
144
165
154
99
106
124
174
220
202
142
222
233
191
206
163
169
231
107
114
132
162
52
172
238
217
182
98
140
128
146
216
242
234
195
212
224
200
211
223
236
232
203
240
237
185
155
199
245
179
241
213
193
229
