8
0
9
10
4
11
7
20
16
13
17
26
27
24
36
42
25
15
35
1
19
50
23
38
18
3
12
41
51
47
22
14
59
67
21
32
34
28
55
56
86
54
82
39
131
78
104
112
184
106
60
149
92
113
48
40
68
140
80
85
161
203
115
57
132
58
69
95
93
79
164
183
177
84
90
246
243
225
173
205
134
148
89
118
94
116
181
165
122
155
45
156
194
6
127
169
129
105
158
117
174
53
175
167
157
30
138
65
153
150
141
242
145
179
96
43
147
233
230
206
31
247
228
73
99
128
29
2
5
46
61
97
101
111
159
170
196
207
219
227
229
238
75
102
142
152
160
166
182
188
197
231
190
44
64
66
109
135
202
212
217
232
248
37
49
62
70
71
83
98
107
114
130
176
185
186
195
204
222
224
213
236
91
124
126
143
172
244
103
108
120
125
144
200
209
220
234
235
239
33
63
110
119
133
216
223
221
72
87
121
171
193
215
52
168
199
201
100
136
139
154
178
187
210
249
76
162
240
77
180
81
163
237
74
146
226
88
192
245
191
123
137
198
218
189
214
151
241
208
211
