0
9
7
6
16
1
10
2
41
42
3
11
21
15
26
23
30
17
22
12
48
24
35
55
66
19
31
13
32
43
87
91
56
53
62
44
72
59
37
71
115
18
102
20
27
60
14
49
51
75
54
119
46
82
98
64
40
61
29
118
196
38
105
47
132
166
160
184
8
157
163
77
89
147
177
63
100
103
39
108
171
85
97
212
52
25
173
179
129
90
218
219
231
185
73
150
153
225
95
28
138
70
205
164
69
5
198
151
193
236
249
126
36
248
92
4
34
45
50
57
81
120
123
130
156
158
165
172
186
188
203
221
222
224
245
68
93
94
99
107
112
152
154
161
189
211
217
237
74
79
110
113
114
116
137
170
175
182
199
243
83
106
133
168
194
209
240
246
33
84
136
140
141
183
216
229
242
65
104
111
148
149
167
169
197
204
226
239
124
139
96
109
117
128
131
144
176
187
192
214
230
232
234
143
200
201
208
220
247
159
162
190
213
215
227
233
235
67
58
206
78
180
223
238
244
80
134
228
86
155
101
121
210
142
191
146
145
76
181
122
125
127
178
195
241
135
207
174
88
202
