0
3
10
4
5
1
9
6
7
2
17
14
19
73
20
27
29
40
12
65
108
18
45
13
96
117
34
156
21
11
116
104
105
50
63
57
140
44
49
28
193
70
95
172
243
25
85
88
61
82
190
86
94
59
66
47
89
58
241
46
52
62
39
189
223
16
31
32
87
361
169
183
43
291
48
182
167
134
180
163
112
119
323
355
81
30
120
54
75
247
103
258
51
196
231
250
378
170
113
136
100
109
137
124
318
135
177
92
38
208
313
15
24
151
145
360
23
210
8
221
122
148
168
325
220
91
379
26
165
110
256
326
259
74
152
188
227
204
289
83
36
127
213
278
55
305
37
41
60
67
68
71
79
144
147
174
187
205
207
209
236
263
266
267
270
271
275
277
297
304
328
335
364
365
399
102
129
133
143
198
224
230
234
235
238
309
329
331
337
339
342
356
363
33
56
84
98
139
287
377
22
72
76
99
114
141
146
158
160
233
260
265
274
324
341
370
53
77
80
101
131
178
191
294
303
306
344
380
78
111
118
126
179
219
226
264
269
295
302
307
308
372
375
382
387
394
42
106
125
130
175
181
185
218
242
279
314
350
388
64
123
153
186
200
280
315
254
257
35
132
157
251
261
345
389
149
155
202
293
317
338
346
366
367
381
383
162
215
222
121
166
173
327
199
276
301
97
128
286
232
311
336
248
184
203
290
90
107
288
348
115
142
69
212
358
373
392
93
228
246
150
292
252
138
164
211
225
285
333
321
216
161
176
262
159
195
312
206
320
253
249
343
374
171
244
298
330
272
255
354
397
268
282
390
349
240
273
319
300
368
369
192
154
229
322
334
197
396
281
283
347
386
214
332
217
194
351
385
245
239
296
201
237
316
395
352
384
362
310
340
284
371
359
357
353
398
299
393
391
376
