0
12
4
10
5
11
7
27
25
2
8
21
49
22
3
26
9
18
14
41
13
63
81
29
44
28
24
53
65
164
103
122
57
43
108
69
16
219
54
117
56
42
6
176
1
293
75
116
72
59
17
70
146
240
126
58
143
71
73
353
133
39
290
60
158
160
137
241
207
359
52
180
46
263
153
62
95
188
322
209
422
111
85
185
121
134
104
144
196
308
177
47
94
38
36
174
40
192
51
149
93
227
220
319
254
82
151
15
356
172
76
291
154
125
78
310
215
102
157
79
394
432
286
285
34
384
239
155
131
113
334
91
83
274
171
97
19
77
92
182
119
105
135
452
357
401
313
261
275
449
448
80
306
45
167
224
265
89
244
288
163
195
246
495
226
264
407
347
312
64
86
98
123
178
206
213
216
217
234
251
253
262
268
271
294
299
326
330
335
336
375
447
456
481
482
487
492
166
269
297
396
20
30
32
128
159
189
248
346
389
393
431
444
458
50
110
236
292
327
344
378
440
486
23
37
67
90
107
109
115
118
139
152
203
305
315
316
368
416
436
466
483
48
55
61
66
132
183
221
289
328
345
352
372
404
418
472
480
267
278
355
87
127
218
222
243
266
380
385
410
419
445
31
84
162
173
235
350
420
425
437
450
453
470
106
148
170
200
438
461
467
496
35
129
184
194
223
231
276
309
311
338
343
390
413
462
490
88
141
168
197
201
250
258
272
304
423
465
468
74
205
212
230
232
233
237
259
277
296
349
364
383
392
400
406
435
454
497
68
247
318
325
388
405
202
284
302
391
136
99
398
300
317
333
140
225
280
360
491
187
475
181
96
147
417
451
100
156
229
257
358
367
443
351
169
323
337
33
191
439
138
179
190
214
242
252
474
101
112
130
193
273
303
409
430
434
373
476
114
124
210
245
363
493
484
186
208
479
499
382
270
282
387
402
408
411
414
421
441
175
279
469
301
463
485
348
361
260
471
165
204
211
256
161
395
457
283
314
369
442
494
145
464
249
331
228
386
342
371
381
459
120
370
424
379
142
150
477
377
238
460
340
403
446
255
362
324
366
198
339
365
320
415
199
433
455
478
332
281
287
329
473
397
374
295
426
427
298
488
307
321
376
429
489
354
341
428
498
399
412
