16
17
0
15
24
19
18
21
20
27
28
6
32
26
22
25
60
33
43
23
5
7
29
44
87
39
41
30
81
54
80
31
10
38
72
46
40
42
78
55
8
63
1
70
45
51
4
59
67
56
47
50
48
14
102
95
65
49
91
62
53
66
35
34
36
75
82
128
11
71
79
93
58
9
64
143
160
122
129
90
99
142
89
112
37
124
118
100
145
74
119
163
96
52
177
101
144
187
84
86
168
241
83
138
92
2
113
107
147
184
165
57
130
195
106
236
169
139
161
225
174
231
135
223
117
200
185
186
219
140
126
203
137
217
208
158
76
154
197
218
125
116
232
114
104
240
68
132
220
213
97
157
108
13
152
172
202
227
94
216
189
228
156
244
183
73
69
115
61
131
179
3
12
85
109
120
127
136
141
159
167
170
180
190
204
207
229
239
111
171
173
205
248
134
148
150
175
210
230
155
182
199
201
209
133
149
153
206
222
247
176
181
191
192
198
226
235
110
164
178
193
238
242
146
162
224
234
98
105
188
166
215
243
249
194
212
214
221
77
88
103
123
151
196
233
121
245
211
246
237
