12
14
0
11
18
13
5
15
30
28
21
29
25
16
50
24
22
27
26
17
38
46
20
4
54
10
3
68
48
41
70
8
2
40
31
23
82
42
9
58
52
73
33
39
36
66
19
35
44
104
135
32
63
65
71
93
129
107
84
74
86
96
6
172
76
81
98
130
122
100
207
69
80
60
179
55
201
219
193
149
112
113
37
91
109
225
105
51
59
191
117
111
116
167
222
83
128
183
87
215
61
236
88
79
161
178
101
106
64
127
143
231
45
103
67
34
188
120
245
137
165
124
151
199
53
227
184
119
57
214
49
229
155
202
133
197
204
177
218
217
160
192
99
90
187
131
206
220
185
1
162
126
154
181
142
211
78
146
132
194
200
7
43
47
75
77
95
118
136
158
168
173
176
203
241
121
56
72
134
190
234
239
89
92
123
148
216
228
238
243
140
141
144
209
232
249
62
114
115
125
138
150
152
175
212
230
242
163
171
237
94
156
195
233
97
166
182
186
108
147
169
174
85
102
159
189
223
240
196
208
224
170
226
139
221
235
247
205
244
248
198
210
110
246
180
213
164
157
153
145
