0
5
4
2
12
6
1
3
7
10
25
8
17
23
27
9
22
24
86
26
28
40
14
15
89
20
13
109
34
37
58
19
30
66
47
46
31
16
48
49
96
70
18
83
99
118
132
98
52
133
172
79
41
166
71
82
11
161
112
54
151
44
93
175
56
87
129
121
104
158
201
59
187
53
242
116
227
153
32
167
81
148
55
64
225
230
74
174
35
111
107
62
94
85
146
214
124
221
245
33
60
92
43
39
45
63
67
72
76
88
100
102
105
110
131
143
147
173
177
185
195
207
220
223
226
228
229
235
241
247
75
77
101
103
140
171
194
203
217
233
246
51
61
68
69
84
125
136
138
169
180
181
186
198
202
36
78
90
119
122
127
149
157
182
204
38
123
130
139
145
178
197
213
42
80
97
142
144
150
152
160
191
219
224
21
134
168
184
192
193
95
236
57
106
114
170
29
108
117
120
135
162
237
244
115
126
212
218
113
137
164
179
190
155
163
249
196
141
154
206
209
50
73
91
211
239
205
231
165
189
210
234
238
65
156
159
232
248
208
183
200
216
222
243
176
240
199
128
188
215
