2
5
4
8
18
15
3
24
0
12
6
19
45
17
34
10
25
32
13
51
99
23
7
43
21
20
37
29
88
78
27
55
82
22
114
35
112
53
40
215
103
79
11
98
180
83
80
186
204
155
102
16
106
46
70
28
170
160
117
127
65
36
290
96
52
9
56
250
198
202
244
129
150
158
63
137
192
33
113
240
58
151
370
47
66
225
261
84
361
144
178
314
263
86
154
156
61
110
252
54
183
259
74
153
218
317
397
68
64
143
108
199
60
189
260
14
311
1
57
87
105
126
167
101
165
41
69
162
38
140
149
265
185
109
159
208
301
305
365
121
283
26
31
44
49
71
89
125
132
136
145
147
163
175
195
213
214
223
243
248
251
257
284
288
293
298
318
321
324
328
331
332
376
382
390
59
62
72
134
141
193
206
224
276
282
379
81
90
91
111
118
148
182
187
226
230
287
295
299
312
315
320
326
348
377
387
394
399
42
67
100
115
116
161
211
227
239
255
270
281
292
302
303
313
325
343
77
123
212
245
246
309
349
378
94
196
247
258
275
308
39
73
92
93
128
135
164
173
201
222
235
269
294
316
344
385
85
172
232
130
157
177
220
368
169
171
181
297
30
50
179
253
296
322
334
360
146
256
338
350
388
216
221
289
48
194
262
323
355
366
210
291
122
131
176
231
354
107
266
319
372
380
104
267
310
330
339
188
228
75
97
124
200
217
237
392
168
184
238
254
279
304
383
120
272
345
356
76
207
133
219
229
233
335
357
398
249
234
95
337
139
393
203
264
327
351
363
209
119
190
274
277
166
307
391
205
367
138
142
278
364
197
285
358
242
300
346
347
389
396
306
152
341
395
174
336
373
271
280
191
273
329
381
374
236
352
386
384
371
359
268
286
241
340
333
353
375
369
342
362
