217
124
69
207
214
98
219
4
180
81
10
231
108
32
194
3
111
179
91
105
70
215
246
97
62
140
187
112
20
87
127
75
1
23
153
224
117
129
206
64
145
181
35
12
29
99
67
247
8
114
57
61
241
154
245
19
88
150
95
125
186
220
5
6
7
133
197
202
9
115
146
178
11
71
76
13
14
15
123
16
120
17
131
236
22
175
201
240
24
25
135
26
107
28
56
160
164
30
161
31
47
90
196
33
119
34
42
229
36
168
37
216
38
230
39
149
40
169
41
49
44
51
45
122
203
134
52
53
104
54
173
59
60
116
96
165
172
86
65
113
66
138
143
68
73
80
162
174
72
204
74
77
239
78
79
249
82
83
211
100
92
166
248
103
222
101
137
227
242
106
158
109
199
118
132
142
189
128
121
221
213
235
147
141
208
198
126
225
157
210
188
130
243
234
144
148
232
155
192
159
193
167
191
177
190
195
209
205
228
223
238
