32
1
103
209
90
72
88
159
66
110
236
163
104
114
35
240
219
152
172
249
160
162
41
21
149
28
78
43
15
42
235
91
123
117
215
2
210
12
164
11
0
76
220
96
161
194
111
245
150
226
139
49
106
5
126
26
34
237
224
81
64
241
3
223
147
174
50
47
116
247
101
166
196
155
175
142
23
102
84
145
36
7
77
189
63
10
221
154
107
62
20
108
61
118
208
19
40
191
202
130
99
222
170
141
129
124
168
97
55
217
85
138
225
122
120
24
131
48
71
115
243
204
192
186
45
33
200
229
213
86
182
89
6
65
27
95
234
206
212
83
183
158
244
157
203
128
176
98
248
148
70
193
177
59
51
109
94
58
69
233
218
153
230
190
112
39
195
146
136
75
119
165
144
184
211
156
29
227
17
60
9
82
151
16
4
80
22
188
68
79
105
178
185
246
8
143
181
187
201
231
74
92
113
132
133
205
14
134
242
31
232
44
57
67
137
199
207
30
38
121
198
239
171
238
250
216
54
73
173
127
214
46
125
140
13
52
87
18
228
180
25
179
37
100
169
135
197
53
93
167
56
