101
188
142
83
10
156
176
129
29
171
47
227
194
220
9
235
130
62
158
127
124
6
121
147
26
174
35
13
30
17
195
181
89
216
185
193
48
139
123
173
110
157
112
50
132
53
250
140
242
238
31
100
159
58
198
52
94
126
186
177
148
182
184
214
196
113
77
211
206
170
12
225
116
229
24
197
141
108
49
66
97
162
202
143
131
16
163
179
63
218
85
239
180
25
243
44
191
3
192
76
241
32
79
95
212
151
7
234
213
187
84
146
56
138
67
150
204
189
19
92
152
91
105
215
8
86
166
135
99
168
73
90
57
203
65
237
137
69
98
128
207
117
4
68
43
144
160
14
51
224
64
219
0
1
153
2
71
111
164
210
21
115
5
33
38
22
178
217
244
23
133
223
46
70
82
40
72
103
106
145
149
209
230
81
104
172
199
200
11
175
87
93
107
114
165
15
54
78
246
74
119
136
154
233
247
18
232
20
28
183
34
205
221
45
60
109
161
167
240
55
134
190
228
27
75
248
37
155
245
36
39
41
42
125
169
122
59
61
88
102
201
222
118
80
249
96
231
120
226
208
236
