77
39
0
218
20
245
24
126
35
234
113
66
57
61
94
13
12
68
231
207
172
171
19
99
139
54
135
222
178
62
131
217
165
86
155
67
32
40
235
132
80
182
189
98
70
6
81
157
237
145
203
29
159
246
105
194
27
200
97
93
233
241
74
5
115
196
11
76
72
107
212
151
156
128
225
69
240
244
26
51
124
195
176
9
129
106
110
45
47
137
210
181
117
238
92
140
138
85
109
185
16
209
161
149
236
205
169
71
174
221
202
112
53
167
120
242
249
146
78
118
144
153
122
119
108
64
79
170
17
2
36
8
43
73
248
103
50
154
227
141
223
201
100
10
208
31
33
102
150
191
164
143
179
197
60
198
18
187
168
206
37
82
142
15
4
48
90
130
180
84
230
204
25
219
52
30
211
75
247
38
89
183
177
175
123
1
3
7
21
125
133
162
220
243
199
83
88
121
224
239
96
127
152
188
49
101
186
229
23
28
216
44
160
184
214
226
147
190
193
55
56
95
46
91
136
166
232
14
22
134
42
63
173
228
213
192
163
215
59
148
114
34
116
65
104
41
111
158
58
87
