245
252
88
205
395
345
147
82
167
173
109
336
177
223
145
371
367
164
158
102
269
6
170
24
67
322
142
128
81
215
251
108
372
274
237
21
257
116
241
100
254
33
125
368
90
191
212
14
349
304
114
123
150
42
334
30
226
105
217
216
50
268
208
71
270
285
189
296
165
265
329
272
337
279
290
93
130
221
278
20
231
92
282
137
70
162
362
294
283
396
325
77
139
203
17
10
65
161
115
52
369
317
89
219
146
316
351
117
79
299
11
163
354
121
244
152
143
48
202
352
126
188
218
359
295
356
84
134
384
7
381
176
275
141
260
140
267
399
120
182
387
258
85
330
376
364
277
200
27
343
390
338
388
240
43
235
38
25
375
68
361
16
346
248
286
309
69
229
54
119
326
398
261
373
195
250
239
320
230
307
36
391
333
95
122
155
99
308
86
313
180
262
242
377
397
293
318
135
323
183
264
175
172
342
159
207
169
253
2
196
8
136
15
340
233
26
87
292
157
243
222
328
4
72
133
29
35
314
300
206
291
311
174
273
190
227
75
64
303
97
186
57
224
66
228
3
13
315
151
319
386
80
344
366
168
341
246
96
214
247
332
32
132
76
385
347
28
113
111
339
204
306
19
101
98
284
154
281
129
40
297
225
249
348
302
58
259
383
131
393
31
360
335
23
193
12
1
110
271
305
106
0
62
178
118
181
187
210
53
55
298
144
185
389
5
46
47
160
256
266
310
357
321
353
78
9
232
234
280
39
236
51
394
127
166
199
288
103
61
209
301
380
44
153
197
213
276
378
392
18
358
94
179
107
112
124
363
74
156
379
22
171
312
34
184
194
198
327
49
56
149
370
255
365
374
324
37
238
41
45
350
104
287
148
201
59
91
211
382
60
63
220
83
263
138
289
355
73
192
331
