70
30
288
79
87
55
92
161
242
188
166
246
78
75
101
126
222
37
62
11
104
294
307
170
284
262
82
119
339
67
153
97
194
258
286
94
51
215
287
224
159
138
260
193
143
13
184
112
249
84
86
259
347
208
330
169
283
165
345
231
15
257
205
83
346
52
341
328
111
19
312
183
173
72
131
16
64
342
238
230
125
221
335
255
99
315
113
134
304
89
343
292
338
106
42
176
265
46
24
132
334
36
162
261
31
172
57
38
35
272
317
47
160
155
276
110
135
214
211
48
228
50
91
180
71
9
103
129
323
32
63
269
175
44
108
140
216
313
235
33
107
8
43
245
163
240
20
192
218
278
149
186
229
233
185
210
212
115
23
96
329
275
234
130
27
191
308
217
164
320
80
6
14
236
10
179
219
54
336
118
156
290
95
85
274
303
299
147
177
280
77
157
279
88
310
109
168
60
316
332
74
344
34
53
220
29
190
271
116
65
266
69
136
337
196
348
189
174
314
100
291
202
319
3
123
199
152
167
227
133
267
28
12
232
253
311
298
200
213
26
18
282
0
151
144
4
7
226
124
127
187
1
340
2
61
305
318
268
5
41
45
56
90
105
120
247
297
324
73
141
178
325
22
137
139
206
322
326
40
256
281
309
117
293
302
349
201
203
243
252
270
306
17
59
81
295
209
66
68
142
285
254
58
263
25
148
241
248
264
296
21
122
237
198
244
251
121
76
182
195
331
301
49
171
93
98
327
158
207
273
300
39
204
333
154
225
223
289
145
197
128
321
250
239
181
102
150
277
114
146
