163
237
232
282
167
58
227
246
239
77
203
1
187
32
261
276
54
40
35
109
217
176
285
44
226
298
72
105
43
26
295
279
234
148
241
38
233
131
41
289
290
166
158
19
80
15
0
31
71
126
284
231
214
134
179
140
94
198
136
194
46
127
272
128
190
183
75
60
150
106
123
225
159
212
288
195
257
37
30
292
299
125
216
180
56
209
281
121
76
13
172
96
83
21
262
185
7
116
120
223
260
102
61
152
218
33
269
143
153
23
48
18
258
156
4
8
85
278
205
206
200
28
247
222
67
160
135
10
11
207
103
235
274
173
243
111
201
66
139
266
129
188
293
130
169
22
47
252
2
3
36
189
215
5
78
6
133
184
154
268
9
186
221
12
79
114
14
147
250
39
70
283
16
17
178
240
89
92
99
197
20
87
93
101
146
168
25
45
145
24
57
27
86
287
29
112
81
117
245
155
224
196
296
34
208
230
253
132
69
110
119
277
50
211
49
113
192
220
263
42
64
294
68
98
108
124
171
144
273
51
228
52
53
291
191
193
210
219
55
204
255
59
251
62
248
280
270
63
95
65
162
265
73
74
142
104
149
115
82
122
84
88
264
90
91
107
165
275
97
100
267
118
199
242
181
256
138
182
286
254
213
229
244
161
259
177
137
170
141
249
202
151
238
157
164
174
236
271
175
297
