23
72
84
329
136
339
122
255
42
98
235
97
221
82
276
283
107
62
196
201
185
293
280
223
102
123
54
330
5
230
0
89
140
9
117
77
344
91
13
132
215
130
219
184
294
172
126
88
191
12
256
45
203
161
171
103
318
137
104
189
111
48
313
197
153
192
262
209
10
81
110
18
56
334
14
8
328
268
114
289
11
348
3
322
240
25
261
138
287
259
139
30
50
173
326
269
150
159
141
254
116
124
233
16
174
286
296
346
24
208
4
312
272
85
252
257
51
31
76
66
204
26
175
222
113
343
129
187
158
340
271
297
2
59
238
323
1
331
78
55
61
236
274
205
226
194
292
216
305
29
39
71
86
309
64
307
316
63
67
167
41
20
231
325
275
270
135
345
47
69
17
95
40
229
263
164
200
53
73
241
90
285
228
249
281
336
6
148
7
21
34
87
202
46
157
181
214
232
244
180
183
267
213
264
94
125
277
308
108
154
162
224
242
248
347
75
115
15
177
170
220
311
60
193
290
338
19
65
178
327
22
44
93
245
298
335
317
212
92
134
27
28
218
239
306
37
128
302
176
251
265
32
112
144
33
168
35
36
332
38
342
282
68
70
96
145
43
206
333
156
295
57
315
260
52
341
225
106
143
210
234
278
337
169
58
301
195
284
121
133
100
186
288
237
190
247
250
80
74
165
207
79
131
227
320
199
83
314
120
243
279
299
303
109
99
151
101
188
155
105
211
300
258
166
160
118
119
319
324
127
152
163
273
142
217
146
147
349
149
310
182
321
304
179
198
291
253
266
