97
87
149
357
221
41
349
54
205
191
421
216
326
25
314
347
362
219
414
176
248
65
425
18
367
135
215
20
59
210
175
81
180
376
197
378
413
360
126
123
6
386
201
74
214
301
182
66
75
438
437
50
269
58
16
5
359
274
136
265
303
383
171
238
267
62
355
338
309
232
141
323
132
45
380
311
293
31
51
118
179
282
101
317
429
295
351
8
445
125
393
27
415
53
38
322
302
353
183
138
286
17
111
382
89
440
77
420
42
337
133
411
110
412
249
167
270
106
436
7
258
127
262
283
320
124
316
259
231
80
307
95
37
346
361
275
0
28
108
381
90
389
290
365
441
398
384
96
296
401
330
305
34
310
208
15
148
43
61
55
334
228
39
273
173
236
187
254
104
407
160
115
339
76
430
348
325
100
404
145
157
213
224
122
366
174
253
47
241
427
432
40
350
32
297
369
300
4
394
271
333
139
207
257
260
153
71
107
336
26
164
399
352
184
391
321
251
308
392
377
434
146
446
266
99
368
120
426
155
143
444
67
405
203
92
374
151
69
230
103
166
202
11
185
35
364
409
328
21
209
318
428
280
240
150
78
229
114
52
225
234
22
190
178
439
2
102
109
291
247
370
144
200
129
410
449
324
130
83
137
13
239
161
177
223
400
442
288
431
299
256
331
156
285
304
373
277
44
354
292
332
194
30
327
60
10
227
33
70
186
279
226
121
113
24
188
268
91
287
345
159
68
313
57
63
263
112
447
169
233
46
193
403
181
134
341
218
284
422
237
435
154
289
388
340
88
93
168
264
343
397
1
199
72
98
142
3
416
358
23
246
371
165
19
56
170
212
217
244
281
408
140
192
196
272
319
9
119
189
342
363
448
12
84
255
14
48
211
294
306
335
372
418
116
235
245
375
163
424
36
206
222
242
356
315
64
85
158
105
298
29
86
385
406
243
312
379
131
195
278
396
443
198
147
417
172
73
117
128
252
395
387
152
423
402
344
390
419
49
79
82
94
433
329
162
220
204
261
250
276
