112
140
69
283
79
42
201
254
91
189
27
95
36
55
150
151
59
157
228
194
280
253
178
72
216
46
281
53
213
70
33
48
124
267
64
183
188
231
197
7
136
240
25
147
9
234
217
264
259
86
274
258
219
123
142
158
146
164
2
205
257
131
210
224
169
299
193
145
76
156
60
139
11
73
128
141
68
171
106
200
45
207
63
182
43
276
263
74
236
130
249
26
226
221
138
12
241
125
122
275
143
175
174
166
20
177
223
245
82
292
81
133
180
80
282
270
218
51
52
246
244
132
99
105
272
269
260
87
121
77
222
285
279
271
78
135
235
18
242
44
186
296
13
57
24
265
152
0
1
266
8
16
23
49
199
255
3
4
233
5
6
34
293
179
212
243
32
159
89
118
170
209
10
66
100
127
295
191
214
163
14
15
97
17
101
256
19
202
102
115
160
21
119
22
162
71
109
117
172
232
203
41
185
294
28
134
195
29
30
31
168
196
35
67
250
261
278
290
291
37
38
173
39
40
47
98
144
220
190
208
110
167
56
75
230
298
192
225
50
137
103
61
92
54
88
96
187
206
286
58
62
111
148
262
65
129
277
85
184
211
165
215
239
94
104
126
268
273
153
227
284
289
83
84
198
90
204
297
161
93
155
237
108
247
252
107
113
114
287
116
149
251
120
238
154
288
176
229
248
181
