102
114
107
133
47
91
84
140
127
205
51
26
160
97
145
101
158
100
250
213
14
200
193
198
134
29
183
161
221
49
115
19
62
173
148
184
33
208
21
32
238
68
95
171
109
143
106
185
122
228
24
149
239
225
110
167
135
219
111
245
74
237
157
130
46
138
169
216
17
142
18
153
76
146
166
78
7
98
199
172
88
192
159
55
119
186
81
232
230
210
141
20
85
240
170
152
65
204
87
41
218
131
5
123
117
206
67
128
132
227
59
52
64
22
93
103
108
44
54
121
249
77
92
94
243
36
139
31
203
176
50
6
83
23
30
191
70
80
3
163
113
120
180
38
223
56
0
129
247
179
164
73
124
150
12
156
233
1
112
2
155
195
4
34
66
105
57
60
196
224
45
90
125
154
187
8
162
9
10
11
13
181
61
137
189
202
222
15
16
118
207
89
126
209
151
190
194
214
58
168
178
246
42
37
40
25
144
174
28
27
226
234
175
69
211
212
215
63
197
35
39
244
241
177
43
217
231
48
86
96
136
53
201
242
165
79
236
72
229
71
75
235
220
82
182
147
248
99
104
116
188
