206
68
75
32
11
153
31
157
232
182
76
129
35
103
237
218
66
178
36
82
78
9
235
17
101
127
43
123
84
65
117
167
63
165
168
125
229
209
122
148
172
58
79
160
98
173
51
59
47
192
202
130
139
34
222
7
90
62
132
214
106
95
14
91
138
29
104
204
88
175
3
112
115
85
161
196
246
188
210
142
200
244
133
143
19
54
156
136
215
166
221
113
87
190
45
41
230
211
15
149
194
83
220
108
2
28
30
250
86
146
81
193
207
12
199
77
118
186
20
61
0
236
107
223
80
226
22
56
164
93
119
177
247
159
33
8
240
13
60
40
49
195
72
114
46
158
64
170
53
6
227
197
5
174
94
191
73
187
151
55
57
163
239
44
27
67
205
189
219
185
137
42
121
116
99
24
92
39
89
171
128
242
110
38
25
233
154
231
241
1
245
21
96
97
176
4
71
10
50
155
169
198
228
37
70
147
243
248
69
141
184
224
74
134
238
109
162
181
145
217
234
102
144
216
179
16
180
100
225
18
152
203
213
212
52
105
23
26
111
124
126
131
208
183
150
249
120
201
140
48
135
