317
294
61
175
102
343
209
420
407
150
139
104
299
428
406
203
172
307
417
194
72
87
243
251
170
389
0
8
240
369
48
280
426
292
177
151
392
146
93
83
446
145
42
228
469
127
75
487
484
305
352
435
452
302
31
309
421
372
153
164
416
456
398
106
12
137
80
179
403
297
52
222
347
117
197
138
376
419
422
22
467
249
101
329
424
135
212
395
188
2
215
468
361
63
199
262
253
332
271
360
431
411
11
21
351
35
242
109
450
195
43
95
230
140
346
55
66
356
233
125
201
371
202
397
256
320
23
129
241
264
92
382
105
270
225
136
236
476
168
3
480
479
166
391
457
265
493
349
433
98
34
358
62
377
6
206
455
324
114
47
288
388
363
245
333
49
367
447
173
171
16
210
365
7
350
186
378
81
147
494
485
29
306
319
193
227
267
345
57
312
327
303
96
77
443
445
5
211
191
176
290
19
28
289
310
89
353
295
73
323
18
258
313
374
59
293
462
285
386
434
51
119
84
274
471
315
339
56
217
442
497
4
284
181
423
229
220
272
430
208
454
366
13
123
154
304
491
381
100
495
409
325
33
190
1
27
99
390
162
174
413
449
496
10
121
263
116
226
415
470
486
131
250
281
76
321
453
488
9
24
107
316
414
460
402
37
204
14
15
498
213
296
337
410
17
88
465
373
404
463
20
183
338
368
375
474
436
441
481
90
192
196
492
25
400
26
65
85
134
30
124
160
161
322
387
32
370
133
221
314
412
36
38
39
40
393
41
50
126
132
237
359
44
45
46
252
143
157
483
169
341
458
205
91
54
278
279
328
53
112
218
385
459
283
472
276
58
60
275
86
180
149
64
97
67
68
207
69
74
70
432
71
477
152
184
489
187
219
355
78
466
79
103
165
396
444
82
120
273
111
380
318
334
451
141
223
354
482
94
185
427
156
383
182
158
448
287
342
108
232
244
478
198
379
438
189
163
282
110
248
130
113
473
115
238
144
235
118
300
122
260
155
399
439
128
254
246
437
326
142
298
268
405
148
344
311
159
401
247
167
475
234
214
336
178
224
362
330
384
335
499
200
261
394
257
291
266
418
408
216
269
259
231
286
239
461
364
255
348
440
308
277
464
301
340
429
331
357
490
425
