3
181
135
97
105
120
176
142
210
174
187
102
194
88
56
43
216
44
85
166
208
118
96
232
12
38
198
157
81
161
223
236
45
50
84
218
58
132
30
152
205
108
93
77
204
207
70
17
90
94
235
148
226
248
246
239
197
190
122
107
179
182
214
130
225
49
196
103
149
53
141
242
202
211
231
75
230
66
185
73
165
95
172
143
162
170
119
139
1
7
158
39
243
2
4
71
189
114
111
79
34
146
91
203
159
228
124
117
183
177
101
37
19
133
11
144
27
35
80
0
192
20
22
169
6
247
16
28
46
69
109
163
8
186
5
78
200
68
127
215
9
10
134
29
126
164
245
249
13
14
86
15
65
51
123
227
18
64
62
21
145
23
24
167
25
26
40
199
60
150
137
140
184
224
31
32
188
33
83
106
115
36
217
191
234
41
42
87
98
121
147
112
195
212
237
138
221
47
48
67
104
178
222
238
52
99
54
55
72
82
241
57
153
229
59
92
61
213
63
156
193
154
116
155
201
74
128
240
173
76
131
110
175
136
220
89
100
180
160
113
206
233
168
125
129
244
151
219
171
209
