26
489
359
197
354
444
417
214
13
212
190
156
196
386
481
313
391
230
137
93
393
301
261
204
84
426
171
249
342
64
222
473
188
79
7
400
28
75
70
336
476
14
241
428
460
498
315
357
455
170
217
493
120
253
1
220
112
30
337
411
462
57
265
314
451
54
18
122
63
38
439
408
326
259
339
182
21
59
304
438
413
319
453
316
41
366
201
403
289
401
448
350
209
355
71
441
224
83
52
282
34
124
61
138
490
195
303
200
323
160
147
332
155
92
277
114
85
4
189
149
231
418
108
65
159
208
440
51
3
275
80
15
370
125
295
483
338
103
43
78
321
33
375
218
298
419
107
410
471
271
398
262
255
178
46
109
131
40
454
286
148
288
173
334
162
102
348
494
32
430
47
407
470
387
365
9
351
69
158
252
369
82
425
272
452
194
465
97
16
394
396
132
73
463
456
352
280
335
226
367
449
164
457
2
347
421
205
104
163
144
468
496
245
341
307
8
180
378
376
291
172
207
177
0
227
35
318
12
153
176
142
308
126
88
436
487
210
167
467
488
345
435
86
146
388
199
464
48
187
475
477
27
115
219
243
244
311
49
221
5
6
20
234
258
405
497
116
459
106
151
361
495
10
330
11
276
327
482
179
216
264
363
458
479
133
166
236
24
247
279
17
364
422
437
19
340
77
37
238
450
22
23
246
25
50
145
183
292
344
392
486
206
446
29
31
251
305
320
68
248
76
91
113
300
384
98
433
36
139
181
285
353
414
39
492
141
168
174
211
42
267
360
278
442
44
45
67
317
128
299
432
87
192
284
165
424
434
203
385
53
99
134
229
324
55
100
56
349
239
58
233
389
202
331
60
254
484
62
257
382
101
372
427
66
443
96
157
383
193
213
356
397
302
72
269
74
90
119
223
290
447
461
242
368
409
152
237
423
466
81
185
89
374
406
469
169
297
312
110
130
266
281
480
135
260
94
95
358
270
472
431
191
127
105
129
478
328
415
111
117
150
240
256
268
118
287
329
485
121
263
123
136
140
143
429
283
390
232
228
154
379
215
402
161
198
175
273
416
420
373
184
395
186
322
412
250
274
499
491
343
225
306
371
404
293
294
309
235
325
310
474
381
362
296
333
377
445
380
399
