24
153
164
234
79
149
97
45
208
86
188
181
40
128
22
8
83
111
76
73
57
165
88
185
30
200
93
48
63
65
241
51
226
235
4
158
163
214
23
70
102
108
113
21
198
129
80
210
222
184
43
66
249
110
31
248
193
179
148
54
94
0
224
98
221
26
67
82
131
55
247
47
87
159
12
75
132
36
90
35
175
137
121
191
133
246
39
196
44
28
11
3
72
183
215
122
112
123
15
120
96
134
237
6
34
2
218
99
236
154
169
230
13
92
18
212
20
71
9
245
124
68
172
213
130
190
115
223
78
38
17
231
161
209
243
157
139
207
7
109
46
217
206
178
216
203
240
19
211
85
229
180
225
199
117
194
81
201
168
61
103
176
52
74
239
167
177
1
16
58
182
197
59
202
160
227
116
5
144
14
250
50
104
147
49
69
156
192
84
126
127
186
77
100
238
140
145
29
41
125
146
32
37
33
106
136
189
233
25
10
118
219
232
151
138
242
42
60
152
62
114
173
91
141
171
220
27
56
135
166
205
119
53
142
150
204
89
95
174
228
101
105
143
195
107
162
170
187
155
64
244
