396
499
9
335
399
262
276
312
125
458
19
417
172
496
65
88
71
428
296
470
210
178
283
400
18
31
271
358
469
468
120
461
147
194
390
299
365
106
117
183
158
493
355
131
20
89
448
24
427
102
156
211
280
373
444
57
256
447
83
142
380
311
6
498
109
96
232
97
35
145
431
341
199
266
191
450
320
263
492
235
3
389
407
136
112
384
241
188
243
53
343
127
440
374
270
222
157
314
60
36
406
471
218
269
279
15
476
85
212
295
129
486
306
153
408
361
298
200
351
261
104
167
332
155
465
254
454
286
150
32
360
141
81
353
91
107
275
14
412
220
339
301
287
133
231
383
253
221
323
84
405
251
67
105
29
488
229
103
350
422
489
372
165
250
61
357
345
100
73
17
424
228
259
182
213
352
44
108
375
75
48
51
418
363
460
95
130
124
11
252
473
354
217
66
116
281
174
190
273
234
453
369
56
419
128
169
74
333
315
324
475
54
206
223
466
313
274
459
152
137
8
72
347
394
392
16
143
132
138
58
189
318
62
402
255
497
201
219
123
39
438
403
226
472
364
410
79
4
225
309
430
135
154
205
98
126
42
204
110
289
451
346
294
303
80
442
455
163
144
288
114
38
134
244
184
238
1
290
33
329
64
240
437
7
423
388
317
456
293
45
207
420
337
378
146
480
330
366
21
181
331
13
122
236
227
387
76
258
82
302
398
41
25
208
149
180
344
247
495
494
192
308
282
386
439
78
168
175
342
46
316
90
159
40
245
319
467
278
397
371
415
291
47
173
121
49
101
297
140
260
367
2
379
362
434
170
452
187
50
300
391
111
26
485
435
334
162
10
43
196
5
307
77
164
186
230
478
37
449
160
413
0
12
30
327
464
242
195
68
63
368
257
482
305
328
336
348
429
432
92
267
322
22
99
215
86
119
59
414
446
185
325
359
382
425
463
23
202
203
356
409
338
34
151
411
433
436
484
161
177
292
52
487
198
93
264
321
376
115
224
239
326
385
481
395
214
401
70
118
349
193
479
27
248
445
457
477
148
216
249
377
483
491
113
233
421
28
272
474
462
277
340
381
237
284
265
268
370
69
166
55
139
246
393
416
179
304
441
490
404
176
209
443
87
197
94
171
310
426
285
