260
159
104
218
176
174
81
281
261
267
51
217
32
41
40
68
103
156
114
253
146
175
118
21
135
170
79
18
181
54
230
53
158
19
259
34
205
168
72
263
166
46
124
228
187
220
62
10
120
11
246
183
179
282
193
35
107
160
126
207
140
215
112
75
71
164
163
195
65
128
188
136
30
286
88
33
87
237
3
52
194
256
162
2
92
131
113
231
206
67
73
50
76
127
227
208
299
25
171
45
249
268
115
57
142
36
238
252
24
240
167
223
86
247
274
29
242
155
272
5
15
165
66
55
265
222
84
216
219
264
28
23
177
295
9
27
43
184
0
198
17
173
262
110
250
59
291
39
292
1
93
269
90
150
280
284
47
69
122
273
4
141
26
63
151
6
96
7
74
8
60
279
294
44
106
148
201
293
100
119
129
229
235
12
13
64
204
14
98
133
16
180
244
186
277
80
82
134
276
283
298
20
258
95
192
197
22
191
185
58
196
61
94
99
143
241
89
287
224
144
31
109
161
226
199
37
105
189
172
251
290
38
83
254
278
297
111
182
239
42
108
139
102
147
169
202
48
49
149
200
248
154
130
209
116
233
145
210
56
270
214
132
243
153
213
70
257
138
225
296
77
289
78
123
271
85
125
137
117
232
255
91
97
121
101
178
152
221
157
266
288
275
203
190
236
285
211
212
245
234
