178
97
129
142
89
16
2
60
31
159
166
19
76
164
29
167
90
67
162
10
40
163
148
4
66
197
146
145
132
153
100
70
49
55
135
156
116
105
73
133
106
94
109
115
36
112
121
175
20
158
150
136
47
6
57
37
23
198
71
83
168
32
140
8
103
65
45
154
9
51
25
46
186
1
84
122
58
5
43
63
123
85
39
86
62
165
118
12
61
188
151
144
184
176
50
177
152
190
155
0
59
74
183
24
41
42
3
80
69
79
111
139
171
26
33
38
87
117
7
34
101
110
130
27
143
170
18
81
138
11
13
125
14
15
72
75
17
22
56
88
181
82
21
180
30
157
92
127
195
28
189
147
107
192
35
95
182
137
174
160
114
99
44
179
185
64
134
48
77
199
91
68
52
53
124
54
96
98
104
149
173
187
108
93
78
172
128
141
161
102
191
119
169
193
126
194
113
120
131
196
