171
212
101
33
28
130
20
61
166
15
199
38
21
158
97
67
168
154
163
106
110
162
135
29
147
230
42
104
134
60
25
95
56
115
80
155
245
36
13
108
32
246
169
186
6
4
207
76
191
26
160
137
81
211
23
216
40
124
52
159
102
58
179
182
170
53
96
194
180
107
205
113
70
37
1
189
82
196
187
47
19
109
86
248
77
64
237
190
39
43
157
68
239
0
35
143
129
69
232
142
27
228
41
202
197
226
66
92
103
193
192
156
73
243
145
173
198
87
122
150
218
2
144
3
72
83
140
247
5
242
177
220
7
8
9
57
10
14
11
12
127
164
221
30
99
206
219
231
16
17
161
18
126
165
204
49
105
214
215
222
54
79
91
94
111
132
167
22
217
213
24
85
185
75
138
178
112
118
174
175
31
50
48
183
238
181
203
34
176
235
201
227
139
200
172
120
188
51
119
210
63
44
45
152
46
236
241
244
149
88
55
209
59
223
146
225
62
98
71
240
65
123
136
117
74
229
125
84
121
89
90
233
93
151
224
148
100
131
114
116
208
128
133
234
141
184
153
249
195
