83
121
105
26
49
110
19
177
64
100
51
190
141
159
118
132
47
29
170
36
135
171
30
127
18
94
33
63
66
76
53
175
114
15
164
45
11
90
169
150
107
54
119
59
172
31
37
162
161
151
116
22
155
84
168
14
78
1
134
69
0
195
109
60
28
187
180
77
87
79
89
157
112
106
43
126
167
27
174
4
122
130
96
80
13
75
8
181
156
38
125
179
88
16
46
50
117
73
185
95
61
56
145
57
98
99
192
186
24
196
6
10
25
39
52
23
71
74
2
68
21
92
128
142
148
158
7
42
62
102
147
182
144
149
3
72
93
5
86
184
165
193
41
58
85
166
194
9
139
44
137
12
55
111
91
103
153
176
120
133
146
188
191
17
70
82
108
129
101
124
136
20
138
34
97
48
113
173
32
140
198
183
197
104
131
81
115
154
35
123
152
199
40
178
160
65
67
143
189
163
