57
91
204
147
160
187
198
222
8
112
229
165
173
89
62
13
0
164
58
68
96
108
122
240
191
47
118
72
210
51
115
55
48
119
148
87
126
21
152
180
70
202
45
128
219
130
107
169
196
145
77
176
19
163
237
113
242
117
5
42
10
214
28
15
83
65
49
9
213
37
220
216
31
69
129
138
158
98
184
186
3
56
175
76
125
29
144
134
246
11
178
247
54
248
23
195
124
211
33
12
94
63
135
104
227
232
44
59
106
218
183
189
244
16
71
109
172
74
120
236
241
249
1
18
170
2
4
233
38
101
102
137
52
114
146
6
7
81
17
155
193
20
24
32
26
43
142
66
95
154
185
199
40
75
150
14
34
35
141
97
136
201
231
46
22
88
27
194
78
127
132
162
167
157
209
225
30
86
238
139
36
217
245
80
39
41
143
179
116
159
205
121
192
239
111
93
110
50
73
168
53
84
64
123
181
105
79
182
228
235
212
60
171
61
215
67
197
177
103
140
151
133
156
208
203
92
207
82
85
206
90
166
243
153
234
161
99
100
224
149
221
230
131
174
190
226
223
188
200
