68
141
114
115
110
113
47
63
174
187
198
93
184
6
90
208
51
214
128
121
48
66
153
0
211
25
54
245
19
55
101
195
213
237
74
133
231
204
44
88
234
241
196
205
164
79
98
142
80
169
145
186
182
10
86
171
192
7
166
212
117
176
229
181
183
170
16
91
230
134
247
216
92
122
246
33
52
242
120
109
197
188
31
160
69
59
100
112
238
97
81
87
202
64
190
61
144
167
127
70
111
119
244
58
89
57
32
18
13
126
168
8
27
194
53
106
227
72
222
131
207
203
162
22
147
76
35
105
60
73
67
210
185
177
159
40
96
138
26
36
20
201
124
56
249
189
62
107
23
157
233
65
236
103
41
136
161
42
39
140
94
34
2
215
152
37
148
78
219
137
75
180
223
150
1
158
84
224
43
146
139
151
154
191
15
135
46
156
49
116
239
149
206
172
4
12
155
14
200
77
82
102
123
143
232
235
28
193
199
83
125
228
3
240
5
9
21
24
104
108
165
175
179
217
218
30
38
50
221
45
85
226
11
220
178
129
99
118
17
71
29
248
209
163
95
130
225
243
173
132
