132
147
243
106
19
53
1
226
192
93
239
150
182
24
81
146
173
0
178
47
75
130
134
205
225
21
44
68
31
208
35
191
9
219
74
135
162
100
185
194
242
122
148
77
38
142
123
3
26
179
116
247
231
37
236
76
169
210
85
143
29
140
107
171
60
15
27
249
59
40
67
137
129
32
11
233
246
113
167
103
180
215
56
200
57
230
83
55
248
69
144
223
183
86
127
96
112
102
104
48
12
217
197
36
145
218
211
71
199
20
216
90
7
45
115
61
193
189
187
224
212
89
209
232
16
221
108
72
198
98
121
18
78
166
131
65
203
153
168
196
23
174
17
155
79
228
141
114
152
111
201
28
91
54
227
119
117
213
70
49
154
176
250
22
63
14
195
190
8
156
186
82
136
109
42
120
95
175
51
138
220
46
126
10
34
84
238
241
73
52
105
2
124
5
25
58
110
159
170
184
206
207
62
99
128
160
164
240
244
125
237
133
149
235
4
161
13
6
151
50
94
202
39
118
229
177
30
64
92
181
234
33
97
157
214
245
80
165
188
163
204
66
222
41
158
87
139
43
88
172
101
