178
161
41
120
164
244
232
86
16
94
148
206
12
109
66
175
249
11
48
139
7
238
35
51
128
53
112
65
229
96
127
28
77
81
124
26
71
234
218
89
55
233
6
52
227
24
108
102
25
0
57
119
211
226
21
144
9
131
177
190
46
189
83
19
214
225
207
49
171
116
78
31
152
98
141
29
224
1
159
107
67
181
122
180
220
123
212
248
113
163
54
15
170
156
184
33
91
80
146
166
150
176
240
76
143
4
140
79
63
216
3
137
42
111
239
43
70
155
45
157
62
8
40
202
169
199
125
50
18
101
231
59
2
129
237
147
236
142
88
135
36
95
14
228
210
185
193
72
121
115
5
182
117
56
192
17
104
60
10
69
160
85
110
242
201
130
195
158
243
105
172
84
247
151
168
197
194
73
204
221
200
209
39
38
30
246
58
245
162
82
100
47
37
173
92
118
153
64
167
230
215
136
187
165
68
149
174
222
23
205
13
196
32
20
219
90
44
106
126
208
235
87
133
179
22
241
75
97
99
134
186
191
93
188
213
217
103
138
34
61
74
114
198
183
223
154
203
27
132
145
