237
218
102
244
77
147
47
44
231
232
88
227
56
122
155
84
62
132
50
160
181
0
229
3
250
130
140
240
90
101
48
245
190
144
99
202
182
138
185
7
148
63
79
98
242
212
233
116
136
213
222
30
152
149
178
31
21
189
118
71
193
165
215
221
112
235
109
39
107
230
57
106
163
108
46
243
171
223
142
123
8
151
210
234
55
170
110
18
180
131
35
1
124
246
249
17
33
14
127
27
168
54
241
2
34
92
6
75
86
73
225
216
194
133
121
87
91
11
13
78
23
115
156
239
117
32
139
51
64
72
164
206
150
208
201
217
52
10
69
175
226
167
137
184
113
61
120
169
67
5
172
59
105
42
211
198
134
125
176
173
70
205
200
228
154
60
24
196
177
95
209
38
191
12
153
187
26
247
248
100
159
161
174
214
126
20
9
74
58
104
111
114
197
22
89
146
204
4
66
68
96
143
145
188
195
28
128
49
85
141
199
119
158
186
45
192
207
29
65
183
236
76
129
81
219
16
220
15
203
162
166
224
19
41
97
135
25
157
40
179
37
36
80
94
82
43
83
103
53
238
93
