8
25
105
177
171
168
156
165
186
111
81
48
193
196
90
151
54
166
133
231
248
204
36
84
10
14
60
159
194
38
197
214
211
3
158
96
226
104
67
148
83
145
140
153
143
116
45
100
6
190
20
223
176
66
99
192
184
200
87
101
222
58
218
235
154
27
142
146
9
113
89
117
65
122
229
150
232
56
198
39
182
225
217
40
175
28
55
136
53
5
208
147
31
224
57
131
22
79
23
178
228
233
77
240
135
141
206
42
161
130
98
157
30
191
174
236
169
70
128
170
205
103
46
75
179
71
210
97
249
195
180
32
139
203
95
164
185
162
35
107
12
181
207
4
37
239
112
209
21
134
44
242
152
47
149
7
76
114
160
213
121
110
80
129
202
59
93
123
227
245
244
137
173
52
18
69
78
125
19
167
220
230
15
118
92
188
187
108
124
50
109
33
26
216
246
72
234
221
212
189
127
0
138
17
219
215
238
88
11
155
51
126
29
16
247
73
63
106
132
85
241
74
201
199
62
34
49
94
61
237
1
41
2
119
43
82
243
120
163
68
144
24
13
86
172
115
183
64
102
91
