173
100
157
171
193
107
53
188
91
110
135
2
138
92
29
200
177
186
182
219
83
204
81
45
9
132
224
7
231
118
237
178
23
90
50
64
202
21
160
242
74
187
225
15
38
73
33
69
106
80
191
155
1
96
35
68
70
76
3
94
99
4
13
6
17
136
77
170
8
18
75
116
10
164
11
56
12
149
181
236
16
223
19
40
97
212
249
22
175
105
141
172
24
198
25
28
115
31
41
32
52
148
34
120
36
104
37
48
65
39
42
43
44
84
213
46
57
49
167
211
51
93
85
95
143
197
54
55
114
217
60
88
61
209
87
196
129
66
228
67
218
208
119
234
72
245
229
78
189
79
162
121
123
166
230
241
82
124
216
144
89
146
176
214
205
195
199
103
169
163
134
117
108
203
220
109
111
128
152
239
122
168
125
159
130
131
165
137
233
139
140
142
201
147
150
248
154
156
240
250
247
192
179
183
232
246
206
215
227
243
