3
92
168
115
127
87
199
90
103
141
6
132
91
197
111
190
226
165
108
248
120
71
217
173
4
9
109
201
67
192
98
191
36
159
163
208
213
204
183
1
144
227
110
7
8
85
123
44
138
126
174
156
170
113
142
215
61
210
105
27
78
95
40
23
32
15
41
209
194
102
219
203
137
107
38
84
182
186
99
245
68
131
151
86
206
178
63
133
76
45
20
69
73
55
244
52
88
116
33
189
26
89
202
229
166
220
34
5
180
211
66
117
60
234
65
235
223
64
18
193
118
114
169
171
135
101
230
24
28
130
42
146
14
154
200
2
233
10
47
222
72
172
50
129
157
121
175
79
237
221
247
13
82
150
179
236
56
152
46
97
58
0
119
139
147
153
160
167
94
96
181
246
11
125
158
162
16
29
49
185
231
19
48
161
77
195
241
250
37
93
143
176
196
214
21
30
100
238
17
43
122
106
124
12
198
57
62
224
70
239
31
187
218
136
207
216
22
242
81
112
149
240
155
25
35
212
53
205
74
184
39
134
249
59
140
104
148
83
75
225
80
164
51
243
188
54
145
177
232
228
128
