122
242
249
181
227
127
89
108
221
209
171
88
105
185
106
93
84
97
155
81
100
79
43
201
190
191
174
204
125
154
71
166
160
12
40
82
5
20
196
159
118
132
245
10
137
54
32
240
151
213
4
36
193
65
176
22
243
35
68
60
192
146
28
233
198
224
177
50
67
195
92
232
25
48
172
66
72
142
6
98
16
182
41
94
215
157
112
208
152
241
86
80
18
73
23
85
149
74
220
102
24
175
129
42
99
236
161
133
57
77
238
214
75
14
218
231
164
7
63
0
31
178
19
147
107
116
165
90
239
212
135
138
134
61
111
234
136
87
109
103
144
186
115
3
128
15
247
95
13
225
76
217
180
206
207
1
70
244
2
158
173
145
188
246
38
130
170
211
29
56
62
141
197
21
143
183
58
168
8
9
150
96
113
199
205
237
11
179
222
44
101
148
248
17
69
30
104
140
226
230
210
139
131
162
223
39
47
169
184
45
26
114
27
55
64
153
156
203
34
121
33
37
59
91
51
189
124
46
119
120
202
49
78
163
167
52
53
194
216
110
229
228
123
219
117
83
200
126
187
235
