43
171
235
264
131
66
225
70
49
81
210
195
130
145
23
4
209
214
220
14
15
202
30
9
119
215
281
111
68
335
334
12
307
162
201
21
80
11
178
35
204
262
76
347
154
339
34
253
87
127
183
52
176
169
180
282
291
221
188
167
258
31
308
182
163
251
77
186
120
73
229
92
326
309
332
114
133
344
46
194
271
218
27
82
20
61
337
329
39
212
38
112
313
8
228
261
146
226
56
36
155
110
205
113
268
265
24
295
60
192
105
17
150
328
273
165
260
312
144
267
263
136
325
28
98
190
142
37
216
189
10
197
259
55
316
172
286
69
115
179
233
223
345
348
275
50
252
75
18
231
161
315
107
191
64
101
22
288
97
5
147
123
230
138
287
65
181
302
44
211
74
151
152
148
219
236
158
278
54
122
238
240
227
99
121
159
90
91
53
297
109
318
321
305
254
322
47
71
306
283
33
349
156
51
85
333
289
45
270
16
269
249
292
196
135
300
217
294
280
203
255
103
285
187
166
256
274
341
340
83
199
102
42
200
106
129
346
266
25
241
224
343
320
89
1
139
93
331
310
298
250
132
244
257
330
177
0
3
149
2
41
86
207
239
246
336
6
125
299
304
237
7
32
94
232
58
128
173
175
293
327
13
40
108
193
242
185
323
79
88
153
170
284
303
319
117
314
342
247
19
104
184
213
63
124
324
116
222
276
29
118
234
245
140
26
141
96
174
279
59
126
143
277
296
164
208
338
317
78
157
72
160
100
137
57
168
311
48
62
67
198
134
272
301
206
248
290
84
243
95
