1
6
127
163
192
295
48
248
89
242
37
133
288
159
17
211
42
27
307
118
3
139
188
130
268
345
51
319
255
43
322
70
90
191
85
103
301
11
19
121
305
151
215
176
7
257
25
233
266
88
160
68
132
210
320
239
12
315
143
125
150
182
93
172
178
327
64
58
67
54
184
71
76
122
280
297
79
97
142
347
201
134
232
61
32
287
298
101
44
330
252
249
165
62
229
39
208
251
274
102
145
4
279
141
10
30
281
8
120
57
110
108
26
324
340
313
31
343
50
149
338
237
247
148
244
304
5
162
309
166
341
310
195
202
284
183
342
60
24
45
303
177
331
294
328
129
144
278
221
323
234
206
33
264
99
223
214
204
78
226
270
80
273
250
286
0
205
213
285
296
181
246
216
335
136
314
348
2
9
339
91
36
326
282
23
119
46
155
75
245
199
41
174
260
259
241
293
161
20
72
224
225
269
207
92
299
128
318
317
55
74
171
137
217
123
100
28
197
333
94
35
186
173
203
218
256
349
63
289
106
267
227
262
219
18
109
235
98
114
263
243
111
187
170
290
193
209
228
212
276
56
157
168
124
312
15
14
95
107
196
38
73
117
220
254
265
271
302
336
21
87
140
167
300
346
82
146
83
126
198
334
65
321
344
22
153
180
236
306
13
138
230
332
337
16
135
169
53
105
116
190
316
156
175
253
59
84
261
308
112
115
86
69
231
81
66
179
240
40
47
104
311
131
147
185
200
222
291
29
158
194
77
238
189
34
152
154
258
283
113
292
325
49
96
329
52
275
164
277
272
