241
230
322
202
53
133
275
168
105
171
144
139
341
113
99
236
208
195
126
324
25
30
243
59
248
288
39
138
44
184
132
87
320
218
294
36
228
196
264
114
159
170
71
27
245
311
65
254
62
279
214
260
217
146
247
317
101
95
295
261
134
149
31
162
330
143
17
185
102
307
227
262
266
259
235
147
33
213
199
282
237
40
165
189
54
61
47
270
100
60
238
66
328
72
160
74
150
6
250
92
161
191
211
273
16
291
225
240
281
179
173
287
312
249
8
37
201
308
9
4
127
347
164
223
313
332
175
78
344
180
166
207
142
18
334
55
12
42
98
11
125
80
338
299
140
7
24
0
239
19
229
118
255
200
155
188
111
145
284
137
85
21
222
32
1
77
174
310
304
315
296
103
289
231
253
251
108
336
64
306
283
131
323
15
221
82
154
148
97
226
252
115
46
309
157
212
93
349
246
244
49
124
319
83
190
23
305
2
269
106
63
123
327
205
51
86
169
256
316
129
107
73
192
141
280
128
274
285
109
120
96
292
48
35
286
278
265
187
277
345
206
122
267
331
112
193
224
326
10
3
318
343
303
20
52
167
178
181
220
258
89
116
172
219
271
232
346
50
329
45
84
121
257
314
5
117
186
197
90
176
182
198
333
88
263
151
242
276
293
94
272
13
297
342
41
130
348
14
28
22
26
104
302
152
156
177
183
29
210
268
300
67
68
69
325
290
34
38
153
215
56
209
233
335
194
337
91
81
216
204
298
76
234
321
340
136
110
43
58
119
339
57
75
158
70
203
135
79
301
163
