0
17
15
41
77
206
137
97
119
220
70
44
37
86
249
4
46
45
150
21
183
54
222
107
1
84
78
217
142
32
104
99
188
243
145
50
105
125
65
96
115
232
121
168
39
207
52
27
81
126
106
69
43
204
25
237
42
198
211
56
63
236
82
191
6
8
140
67
22
239
71
34
12
131
226
235
166
212
5
20
116
223
233
134
68
186
242
7
118
59
139
165
200
64
143
149
174
2
3
87
9
26
90
92
180
51
195
184
199
153
229
127
148
161
24
130
10
60
79
11
169
178
181
250
13
244
14
197
30
49
128
16
57
61
88
162
18
19
31
66
83
98
133
175
53
73
159
23
156
234
202
214
28
201
29
120
177
33
93
36
103
110
35
215
58
123
241
38
40
193
213
224
157
208
176
146
158
167
151
101
111
228
47
48
89
138
173
205
122
112
80
190
203
248
55
179
62
163
185
152
240
75
221
209
238
72
74
210
76
155
216
109
100
132
95
147
219
85
114
218
91
94
187
113
129
171
102
182
144
108
154
192
160
124
135
225
247
245
164
227
231
194
189
246
196
