119
62
183
226
165
64
28
6
245
108
72
11
170
124
19
71
38
3
125
224
43
225
20
176
4
217
54
178
169
166
188
26
180
29
197
182
66
30
242
52
110
234
222
190
57
230
241
47
158
77
44
104
69
196
84
215
24
130
243
237
31
90
144
193
208
154
73
142
49
228
164
191
227
117
127
25
133
87
111
132
219
145
161
223
249
23
162
131
79
41
209
147
17
213
42
150
118
123
15
174
121
206
210
63
5
109
101
137
167
175
51
7
152
98
140
220
13
68
238
201
113
67
160
232
8
10
194
97
179
88
33
246
105
22
203
184
2
211
159
100
216
233
185
173
14
149
107
236
59
61
50
143
27
70
86
112
122
55
48
151
244
114
82
214
138
134
229
39
0
177
1
235
16
36
102
120
126
187
195
199
35
58
168
181
171
75
85
247
18
148
218
128
198
248
9
156
60
99
141
172
81
189
202
207
12
83
45
74
135
192
231
240
94
139
186
129
21
78
95
136
76
46
146
239
91
163
93
92
89
115
153
200
80
32
116
34
155
37
106
40
53
205
65
103
56
204
212
157
96
221
