3269
24800
12231
10738
21350
2200
5067
15640
13535
3313
13166
11939
16905
5066
15549
15031
23322
23855
15043
17737
21352
14315
7955
9069
24212
24567
15027
7664
3312
4014
3758
5064
22659
14465
6639
15641
13537
12262
17107
19678
9751
1371
10314
23542
23323
1143
18078
15883
14312
15551
11622
11798
3621
8850
13916
4489
19313
21539
8164
16189
4013
18974
17108
19310
3743
18322
7849
21238
17104
21040
23056
21353
14459
19439
6280
1094
21232
5071
3293
1139
21537
3898
18994
6459
14378
11706
5227
20403
24563
1372
15330
12684
475
21541
21542
21235
22349
3291
14313
23320
3271
6637
21540
22953
21346
101
24920
19519
21538
24232
19124
20894
3837
3521
3254
23545
6000
21351
3618
198
7853
23967
3904
14669
13165
1355
3268
10986
21033
17988
20541
24861
14668
14007
5222
15554
7850
20506
8837
20026
5452
15642
2281
19676
23544
21443
18439
12877
3842
11936
4018
11291
1750
3287
16187
14493
1903
18973
20753
14457
20747
21867
21035
22919
19312
4199
14464
20987
21010
19677
15625
11703
14667
19337
21348
3538
8782
21371
3374
21005
2089
15697
21554
20575
24229
24763
7848
2821
19926
6294
3923
3619
18437
14291
5065
17106
12260
21555
23992
21237
6330
21006
18979
23599
39
9429
18441
13591
9723
6455
19491
3922
5223
21009
1379
14458
6331
21240
22842
3799
9753
20745
3233
4016
117
13147
2922
20749
9641
23693
14670
6495
3288
21007
6663
14460
6002
20406
23049
14310
23664
14076
19654
14246
22698
13427
3899
13500
4098
20744
3373
3848
11313
15632
21032
17983
19190
24228
21926
14393
20746
2836
1999
7566
5873
21477
17114
11940
6727
7233
9748
24535
22746
19597
19675
20755
20913
13562
6691
6980
9642
3250
11287
19947
16691
20751
15039
433
14885
4205
14496
8510
4697
2825
4632
19927
15041
19945
15844
19944
14495
12060
13831
9306
22661
3317
4204
19334
15009
9169
13485
21868
13988
15519
12981
434
15
19790
24915
19493
14553
4201
14681
19766
13830
7567
18654
16637
11332
21475
5154
16559
19928
21877
9652
23391
2820
3666
19954
1381
5420
21008
11707
23864
12873
19438
19653
18047
13486
19953
18435
20799
3243
10739
20405
10201
10351
9382
17116
20057
16
14462
7929
21377
20269
19946
1925
761
4612
21233
4703
21062
4172
11386
10443
22954
19951
13674
2380
11125
16906
20452
7278
1608
14039
19488
14488
21527
19949
13506
2106
7569
5424
1164
4198
7052
4696
24225
4607
3665
8915
23321
10349
4202
20603
3886
6405
18987
4097
21059
1746
16156
2247
23848
20417
2373
11290
5927
23583
2913
6281
12601
21553
18485
19441
8629
9976
6328
5021
4825
24565
10140
8175
18045
13922
1380
19152
11935
23709
13327
23380
3616
4614
14487
12735
5671
10509
4495
13670
19442
19948
17103
20424
20988
20475
3280
9895
10352
22012
6991
4256
16119
7570
11898
21928
5122
14245
18438
21054
20063
8729
21824
2417
14314
19743
16302
21300
16621
21505
18082
22142
3454
10643
16124
21055
10940
10633
20502
19175
18446
21039
20986
8350
19338
8341
11573
4041
24231
4200
14964
1166
15193
21507
19763
687
6506
19525
22297
21050
14
15029
11068
4860
15045
1931
19858
19794
108
14481
11315
21341
8798
6191
24568
23660
21163
11740
20045
3682
6989
2285
19680
9654
1165
893
13483
15858
3070
14619
7820
24227
945
23708
7995
19349
4442
10710
8241
20067
12732
5230
4704
18104
14480
4861
1995
19599
3686
7784
7678
3341
18516
12734
14890
5331
23006
3609
21034
10360
11283
5079
5955
19209
16238
18769
8172
11427
8893
14182
19339
4178
11700
2045
11800
3052
1140
10347
17417
15725
5438
4010
5319
6640
14479
13827
16622
19882
2983
1992
14665
2713
24988
22794
2985
22905
20302
2424
20991
19853
9621
1934
19595
19183
3592
1609
20813
24883
19842
18774
7851
8634
20221
2800
3232
11746
22189
23654
1998
23711
22097
4315
1923
6671
23994
8781
9903
6494
972
22950
11289
14456
1389
18770
6971
19440
15773
20176
5262
24230
10118
19791
18103
2798
184
1382
19166
343
10629
2543
11293
21442
18772
4609
21860
21702
15495
16886
10011
10511
17731
21002
15612
6377
22317
7854
17801
2342
9869
24882
10030
16304
10139
10034
22545
19594
20281
8166
19779
9204
23971
1927
7565
3266
1347
2790
5161
10653
24878
7857
4474
15052
9947
14259
5802
20173
19214
24690
3800
11292
7434
8440
9651
14482
7554
2566
1397
204
20508
21471
22795
2260
10374
13357
16679
11484
6636
7994
3634
1893
2789
19574
15638
1768
19002
19415
1924
12134
9650
11317
11576
24351
4480
17696
17025
21049
15639
11903
21436
8111
4263
3380
22141
22218
6008
3668
15881
15075
18152
4639
4502
13868
3974
14311
3854
14961
6293
13216
1125
19959
23843
7604
14956
15048
20601
24858
11897
11741
15372
19505
2752
18247
13539
20194
20989
6709
7395
18771
20491
13532
14461
7989
5410
22868
9896
1969
2993
20148
13152
5663
3791
12059
12339
3452
8635
20288
3774
16680
4633
10593
10123
5068
4524
23152
7574
23710
1050
19798
11771
15446
15181
2823
20354
14484
1579
23769
4226
14698
15042
13724
20669
22212
3525
13151
14572
8627
5253
16687
9855
20708
1352
15028
11917
20752
12745
830
6326
20058
18576
7662
9884
844
11079
7535
21674
15300
14475
23759
23437
11371
10857
6278
24788
6464
3977
4906
1041
20516
13
20621
19225
22217
4897
18977
1716
482
18650
21118
19240
22696
10534
23501
9467
21392
11428
19419
22514
12510
1970
2546
5861
7563
12489
19845
17646
19379
18918
966
14699
13390
17
23543
9657
24407
18190
4720
20232
16099
11899
13150
19490
24692
7819
17678
22768
18626
4174
1507
481
9727
11376
20581
4686
12259
4029
20321
21043
24987
3673
11231
16319
21053
10517
12218
3838
4001
19728
22211
2822
7605
24051
3810
24165
15764
8344
20059
23897
9036
8095
2839
435
16989
15114
3526
23633
19417
15266
6351
18185
5417
13999
21671
16242
18668
6499
13210
11902
11372
11294
7836
20567
21272
18191
4082
14823
13965
7892
1508
13484
13243
24163
4089
9886
15140
5647
10010
19054
21123
13592
14257
18436
20177
11838
11981
7229
18773
24256
21052
19229
9084
8981
368
3069
19227
11938
9285
973
13356
20966
10794
2567
14266
6145
16514
16318
1312
20278
15216
8538
11280
11407
24295
3457
20291
15626
6460
2110
4073
4824
16800
16790
16013
21403
14033
12903
14666
15407
8715
14540
9630
21460
18751
3211
13233
16686
6296
12514
15981
11704
15772
11773
9356
2721
14430
18526
16602
3387
23989
6016
3642
2111
20230
8646
4640
21435
6262
692
14490
15248
2689
19363
6216
18804
20280
17311
3755
6638
18039
3259
16893
24863
4418
5155
19986
691
22160
4081
10625
17577
11586
19984
2083
968
2702
19186
15053
3310
21905
14095
11702
15133
10684
17102
19233
21091
23076
12462
6634
18609
727
6948
10348
24859
9891
5705
11662
23114
20055
16426
3900
17286
20760
10157
1019
15976
14878
20285
20487
11312
14333
4525
3606
16230
19333
17122
3852
18700
6562
9055
17007
4357
1907
15516
20955
15409
19874
20083
21003
14127
14694
6967
1111
9414
21047
15051
23950
5269
24691
21793
5845
21366
17574
1110
8847
2367
11070
23344
15030
17867
13557
11080
3279
15637
22708
21705
2304
3824
10375
10225
5591
24211
2376
3068
10361
21927
11567
19224
15274
2992
2075
4762
4
16570
10400
3376
22158
3476
1306
6003
9189
19123
6297
3555
9331
21158
11896
1142
924
3993
4764
6543
12365
19416
4251
16493
21770
20816
751
21457
17623
1543
23094
10510
4189
20875
18587
11525
2916
21120
7564
107
2648
8277
3067
3683
24177
19506
20454
971
9746
18225
19707
20981
1141
16675
5180
6086
3789
24764
4341
19236
16494
6001
22305
9675
14541
9089
12066
1195
3729
11328
5778
18968
15093
2448
2735
7675
3804
8167
11527
23430
9720
1638
5450
5957
5062
1043
717
15449
1697
17708
3115
4278
276
20839
9056
18822
9710
15267
2859
10401
9427
18536
19792
12892
16354
2727
4481
23957
1675
17356
7313
6672
3905
4030
20097
6988
11062
10232
10148
5224
14234
14593
825
10557
16873
9699
23949
19005
2712
140
922
15696
9302
11776
13902
14037
23631
4340
4249
6708
16682
19184
18458
24236
12780
19311
3970
5730
1792
13168
3058
15595
4989
22786
11201
534
19838
3864
7429
6050
17325
20673
20810
11311
18527
21489
8769
20605
10997
19520
21656
16993
21950
6483
5502
22155
7492
22690
19288
12030
14397
12261
19527
17723
23178
23093
6410
7117
20483
12216
15894
20797
15404
6032
3316
5177
9960
21048
14537
15852
17619
19418
21838
3855
13428
14515
24978
11167
21014
16948
18396
11486
13598
16577
19198
24330
11511
1971
11124
15303
10072
6546
2846
4509
21704
5875
12599
6746
7947
9828
2657
24226
18657
16028
1758
15762
7312
2296
21167
5025
23435
16721
14451
21660
22881
20451
23042
18542
19495
16002
15384
3728
3787
3801
4471
5953
6726
11884
13672
14509
18924
21347
24991
334
14987
3991
2722
8838
3242
19289
17916
4594
7592
23077
16101
8326
14392
15842
14594
18249
18625
19988
11523
3740
557
11259
17386
12475
1737
9118
5194
4497
2180
23098
2609
22672
3116
3479
11327
4247
3985
4413
20429
4770
6544
17815
2280
3918
20947
9401
10216
22609
11142
11331
11719
11764
19234
20152
17164
12062
647
16751
10595
7597
24133
23760
8064
1583
8882
23179
6402
5733
14485
6707
16314
4835
4148
15367
14293
5035
6493
11739
13426
12118
19684
22428
21820
9813
11368
11385
16297
12390
24927
20867
14247
14519
19630
1554
9713
1108
15351
13799
2481
11229
19596
6395
1641
7928
12064
14120
9086
11894
186
199
273
17599
23741
715
14390
2791
1036
16026
7079
19871
7951
3844
4987
7204
1695
7097
1743
4717
7719
9410
21797
15528
2514
16793
19664
2980
10925
21321
3002
3009
4685
10054
20796
3600
23038
4096
9885
19765
4436
4477
22195
12683
20624
18669
21504
13359
4138
11069
8028
9457
14729
1756
11200
19486
14746
13556
14417
18330
18849
19016
24716
5729
8887
196
6048
17900
704
9856
6557
949
952
24732
20825
1353
1598
1620
1668
24405
12820
4496
7642
17407
19864
4139
5898
3062
9745
21292
23184
17618
16781
9214
4213
15412
10210
6418
14916
24976
5809
9733
6116
9631
10920
11043
18181
13941
12446
12572
12600
13491
13703
15724
15859
15890
11223
22003
1868
3430
3455
7553
9138
9148
17697
2050
2711
3429
11934
9149
10459
14759
20712
410
2336
4915
9048
13418
15758
22911
23085
23087
18
19
20
21
22
37
38
750
1677
5013
7093
11745
14648
18097
19059
40
10825
41
10685
70
78
12348
14744
19215
23696
4445
8632
13963
14743
110
111
112
20485
80
11918
13833
21128
23547
134
8074
10591
143
144
163
182
12042
183
18859
7292
23442
17628
9718
827
1581
6113
16601
21920
3038
15119
200
207
208
211
221
222
233
255
4043
270
289
329
336
16736
341
3199
348
2062
352
359
367
4988
369
370
371
372
373
374
375
17469
378
16789
391
3741
393
11878
411
22716
429
473
1938
5229
7663
11701
11708
12263
18073
23318
14671
15884
18803
5069
6631
9067
9070
15644
21866
24921
456
22348
7725
476
480
1741
2845
7991
1150
3667
16488
21897
483
488
504
511
516
11295
533
17771
1978
2494
535
536
547
4158
22526
558
563
581
584
594
596
597
615
636
5865
637
639
10342
665
669
676
677
682
5026
5748
7749
9658
22430
16041
20433
705
21335
2332
17644
12037
18414
725
2347
24333
732
13206
739
740
2465
7277
11893
11900
13588
766
5475
774
775
21258
777
17528
20710
16600
843
1118
1294
3419
6722
8170
8174
9252
13310
20415
23961
847
862
863
865
880
4836
5237
7060
11915
22958
24076
912
1012
7040
14585
937
941
942
944
15546
20521
20865
23918
946
950
955
962
2868
964
5741
965
16788
24759
967
3841
15452
19565
969
1524
970
1935
10143
10619
11391
24240
1749
1853
3385
3386
3684
4613
6062
9543
9544
10637
14476
18048
19849
976
1001
1552
1003
1005
1011
1014
23115
1024
15038
23473
5077
12615
1049
21778
1054
6261
1055
7761
1105
4161
15977
19057
1116
1119
1120
1122
10856
12488
1126
22471
1127
1128
9750
6456
16448
5552
8101
9714
1152
8476
1161
11748
1167
16972
19086
20383
1196
1197
1235
1248
1281
1296
1305
3442
20560
8913
19458
22740
22741
1327
5815
1342
4364
24242
1344
1345
19923
747
2938
13545
13546
14243
18000
20826
21117
5746
21116
22705
2939
21112
1996
5226
11705
12258
18076
1356
1364
1365
1367
1368
1369
14040
4705
6692
8010
9032
9186
9853
13802
14529
14981
16996
17000
17416
18412
21339
21340
21731
23990
1873
7945
11922
23018
18285
18998
4120
4227
4228
8787
21825
23148
1384
1385
7666
8173
13096
21416
490
14711
17889
1419
1420
1425
1449
3849
1501
22920
23621
2482
13750
13752
15299
15302
1509
24635
1518
24938
1541
2184
10901
12902
18942
21401
10871
20050
1559
17065
1580
1582
1586
1587
1588
1589
9649
1590
1594
12374
12377
8154
12910
17689
24733
1619
2149
1639
24320
1658
6215
1659
1662
4358
1664
1666
16657
22611
1682
1692
1696
14492
6055
18706
2982
7098
7099
20798
1719
20453
1720
1725
1740
1742
10413
11406
15888
1744
4606
4608
4610
4615
18046
1747
1748
5700
14091
14093
14494
17026
1754
8929
20404
21243
22190
1776
16871
1778
1782
4499
4493
1815
1816
1820
1821
1822
1839
1840
1842
4504
1851
1854
1859
1861
1863
1870
1884
1891
11790
9305
11784
11795
11796
22246
1902
21103
2321
3302
3805
4160
6501
10622
10774
12253
12934
13446
18406
18575
18758
20912
20974
24937
1912
1913
1919
17593
22396
4491
1929
1236
1237
1930
5215
512
9705
20170
1932
17027
1936
1941
1957
1960
1965
16786
1968
19383
11170
15544
21168
3263
9144
1972
19165
1979
24688
2656
10574
17343
2014
2020
2032
19780
5020
14478
15774
2053
2071
2072
2077
2080
2078
2082
8597
2079
2084
7446
12731
2097
2109
3261
14268
20381
20999
2120
2126
2127
14558
2129
2130
20486
2132
10032
2139
2144
2146
4669
9988
20815
2181
2189
2197
317
12203
12208
2201
2204
8696
2206
2236
2699
4716
8218
9088
9275
20583
23159
2259
11374
811
3792
4647
5487
5739
7735
19742
23819
2262
2263
2274
2277
2275
2282
16248
2284
16917
20484
837
1422
8169
16292
21522
6940
12790
19102
2307
10369
13194
2329
14722
17643
4094
7014
24869
2358
12115
2359
2360
5010
2385
2393
6085
1163
2824
2827
11859
15614
16517
22534
2439
2445
11840
18306
2449
2456
2464
14622
2467
6061
10696
10699
2491
2496
2497
2501
8717
12909
2525
9266
10253
14649
18731
2545
20039
5181
23123
23446
2547
23086
2554
2558
2563
3679
6790
9263
12404
7954
15606
18246
2583
2600
2602
2610
2611
2612
10931
2625
2640
12487
2642
13583
2643
2644
2645
10213
2646
2647
2650
2659
2663
18580
2684
2685
5334
8198
4702
9121
15790
15524
15527
16499
12248
13937
15525
15526
2703
7293
9116
19651
2726
8794
20296
2731
6633
7993
9655
2736
2737
2742
5681
11168
2777
4203
10624
10939
2802
2807
15416
19367
2842
2843
2932
4910
6673
6936
7291
9151
9537
10191
10221
11146
20754
22299
17580
3599
42
3797
5929
8984
729
4620
6007
8536
11090
18348
22046
2844
10915
6368
2857
13039
2878
2880
2881
2883
2884
2886
2896
2910
5295
5409
6292
7949
10373
13161
17626
22492
24100
2915
8615
2925
2926
16740
2929
2966
7925
2979
17141
2981
4072
6414
19745
2988
6914
9246
9482
11166
18584
20638
20641
2998
2997
2999
3001
3006
3007
15763
3011
3023
3036
8168
3039
3047
3051
7207
15500
21063
21708
3054
3056
11429
19877
4494
3117
12485
18705
15501
15502
15503
18162
20112
20113
22833
22834
3071
3083
22099
3087
15962
17184
3088
3114
3120
3119
3144
16122
3160
3806
3170
3175
8801
3176
6438
6440
3188
3207
21281
23091
24164
24989
3214
3220
3225
3231
3522
8799
12176
17658
17871
20175
20837
24259
3239
14724
3241
23236
5002
5383
7336
10831
12141
14285
15336
15339
16333
18878
20431
20717
21865
22269
24811
3247
3246
3460
22223
5738
7852
15548
17101
24918
3262
3260
15313
7657
19679
11316
13913
18653
18976
3274
5897
14700
18044
3286
4895
4904
24980
6457
7526
3303
19055
3306
18425
3307
24065
4766
13587
22949
3343
22364
3350
3375
16157
7610
15599
16689
3377
3378
3379
2937
3381
3384
18041
18050
17753
3431
3440
15488
3482
24159
3501
3518
3029
5000
5519
5715
6409
8494
9758
10126
11415
11514
11812
12707
13050
13948
16315
16769
17238
17640
21105
21454
22226
22717
22764
22826
23844
23845
24860
8093
22219
13402
3539
3542
3540
4398
3593
3595
3594
3602
3934
9058
12223
18403
18404
22785
3608
18402
18407
21248
5423
6277
9066
13505
13950
15550
16901
22057
22656
23128
24917
5063
10628
22658
6404
3623
17468
3626
3627
3628
3630
10463
12885
12887
3641
19919
6291
9961
9962
9963
12976
12978
3643
3645
3661
10035
11577
11888
13197
15288
16684
17660
20258
2420
6755
10113
12412
12515
16774
16775
18691
18692
18693
18696
20430
23041
24618
24620
10663
23703
6463
23356
12135
11299
22298
3696
15077
24071
24072
13558
13559
15074
16907
24126
3778
2653
14005
8657
11240
19789
22225
5996
3118
4133
5437
5495
7108
8073
8785
8789
9798
9799
13786
16170
18648
18695
19303
19306
20399
23505
24712
24713
9504
16685
3802
11663
3809
13659
489
5337
3825
3829
3839
4899
21483
16638
18109
23088
6004
15853
21369
3859
3860
7591
3879
8996
13163
3887
3913
5123
5486
6951
7888
9157
10203
11571
12033
12491
13034
13403
13405
15024
15656
16890
18854
21106
24157
24160
24213
24905
2879
14646
24153
633
5156
5493
7082
9243
9358
11570
12252
12486
15861
16173
16305
16306
16309
19246
22558
23407
24154
24156
3907
3908
3917
939
1977
4456
4674
5192
6492
6593
8732
9618
9619
9620
9744
9793
17600
23050
24584
1592
2858
6500
15721
18083
19245
21216
23051
3930
15345
3933
13898
13857
16303
18809
21906
17331
3986
6332
3992
9292
9293
14431
20070
21874
3994
14470
16610
21761
4015
6905
13700
18137
18486
19431
4036
17037
19848
19850
19851
20065
8731
1204
1206
14150
19770
24085
23398
4088
4363
20138
16603
13938
13292
4155
16257
4169
4175
4177
4179
4180
17033
17035
17036
17039
17041
18049
19852
19857
20064
4173
12772
20066
17040
19854
20062
10930
5022
9216
9892
13465
5019
6304
9887
20037
9893
17901
24762
14450
14483
19950
4209
4210
4212
12935
13117
4225
4235
4248
13010
4250
4898
21510
4264
23566
4272
4271
4273
4276
2847
4284
4308
4309
5785
15011
15317
16320
17245
19932
24504
4322
4325
4354
4359
4360
17213
4385
15366
4404
4405
18814
12054
18386
21921
24170
4428
17755
2810
21259
4447
4449
15689
9272
21908
4472
513
12340
20253
4475
23099
21307
9211
4483
4488
22914
4492
4503
11659
4508
4510
4513
4516
8395
8396
16722
24288
24289
24290
4526
4527
4529
4565
4566
4586
4595
4597
452
4601
4605
4616
4621
4628
4629
4630
15184
14383
15966
12039
4641
18649
4646
7750
4662
4678
4689
4692
4693
4440
21400
2000
13793
13796
9611
4719
13770
23514
4728
4763
13012
4769
4777
4779
4781
5315
4790
16506
19529
9829
11215
16519
5323
8120
16683
4862
4869
4871
4896
4901
4903
4908
4935
4959
1351
13744
5005
5011
5016
5017
23912
17855
17925
5060
5073
5091
5107
5120
5121
7990
5135
9395
12658
9840
16690
5171
5172
12051
5193
5217
5218
5236
5981
10954
5238
5240
5243
16974
9764
14761
18347
5268
5273
5282
23040
5320
20204
5372
5374
5405
22347
22655
5427
19238
6210
6579
6581
8761
11033
14915
15245
18037
18040
18248
20617
21913
22309
23831
5441
19145
9143
22780
21804
5467
1067
5488
24444
5494
5497
5546
5564
15675
5568
5586
5589
5595
5613
5628
5635
5649
8896
13923
19593
21166
22180
5377
24430
5711
5735
5745
17470
5755
5763
12088
5787
2971
5830
19524
5833
5859
22387
22707
23574
5862
5868
5871
10854
5881
5887
17738
5899
5925
5941
5944
8741
8745
8749
8750
5954
5959
16123
5956
5960
5961
9653
5958
5975
5976
20713
5998
1042
7935
8806
9210
10885
12905
13869
14548
19483
21247
24607
947
7698
15311
20096
22628
22937
6005
8427
6014
6041
6052
6054
6057
6069
6077
19578
5267
7051
6090
6144
6620
12546
6146
20887
6155
19143
6156
15408
15411
6157
6169
6180
953
954
956
957
6670
7270
7271
16674
17519
21822
6193
6206
20141
6208
13953
23177
6222
6234
6235
6236
6237
6238
1895
15744
6241
6242
6255
11488
9384
10063
10313
11030
23555
6295
6990
6306
6313
6321
6322
6323
22532
23447
6327
9456
19387
21176
24687
1109
2305
10522
10830
11797
12883
13608
20730
20866
22380
23448
23859
6930
14437
16155
17236
21323
9374
6336
9217
20314
6355
12985
6363
7113
8354
12571
6394
6399
16100
6397
6398
6411
6413
6415
5086
16372
6423
6468
7393
11418
18036
24507
6502
22784
9469
20649
6564
6605
6609
6632
17967
21567
6644
6646
7808
7279
3915
3920
6710
3916
6711
3919
4037
20949
1988
7679
12898
18456
21367
6745
6754
6788
20724
6789
22311
6791
6809
4634
6897
6899
12291
6907
23157
6946
7487
6945
7485
7489
6949
6943
6950
9949
6952
6960
14902
15333
6976
258
4285
4425
4804
5699
6987
7205
7484
7778
9014
10694
12926
13201
15879
16231
18583
18996
24653
6981
6982
16301
12338
6994
6995
6996
6998
6999
7000
7001
7015
7041
4417
4661
10067
7070
7095
7714
7096
15947
7390
11063
23776
7129
7155
7170
7189
7023
15479
7230
7235
7237
7248
14439
7284
21104
7328
7333
7335
7354
7401
19658
7402
7403
7409
12597
7410
22600
7415
19981
7421
18343
17508
19674
8976
19993
7443
7468
7482
14290
7486
18372
7537
7538
7557
7559
23233
14702
4229
16171
20838
20843
951
14701
15819
15820
7582
7584
7593
7606
18035
7622
7627
1272
7633
7634
7648
7654
7656
17732
7668
7669
7670
7673
11734
14696
18226
16504
7709
2754
7733
18704
7756
4135
7760
20192
7779
7780
7783
7785
7786
7792
7803
7804
24916
9085
12841
13098
7825
7832
416
7453
7879
7948
7956
7957
7960
7965
707
7977
9122
7978
7979
3604
10816
8979
9383
11733
13518
18224
18227
20056
20256
19934
8051
9925
15448
8065
13460
8066
8070
8083
7020
17532
17534
18984
8114
8144
12490
16158
17634
20973
24509
8165
8188
5514
8191
8193
8210
8219
8220
8288
12425
8303
8323
8327
8324
8325
8330
8331
8333
8343
8348
11081
3411
7394
14240
15132
16120
17830
20366
8357
8693
8369
8370
8371
8373
8377
8379
8412
11258
8462
8470
858
5907
8886
8888
13945
8483
13798
8488
10500
8489
8506
8509
8511
14316
8512
19872
8513
8516
8519
8535
8564
9373
15560
8590
8625
9222
9226
9904
19340
24771
24772
8633
8647
16563
8655
8680
8707
8724
21894
12268
8736
8739
8748
8763
8777
11145
16167
16169
18333
19247
8796
8797
12536
8800
8824
8835
11128
11874
13741
14426
14491
20279
21085
8841
10597
8846
11478
8883
8885
19122
8890
9788
23854
2515
8899
6096
8928
21151
21152
8941
8953
8954
8974
8975
8977
8985
8993
9773
9777
9009
9033
17404
9057
22825
9072
14539
20246
9094
9113
23354
22808
9120
9130
4811
9147
9146
9183
22711
9184
13828
9202
15508
9206
9209
20482
9221
9227
9235
17555
9264
9274
14391
15821
15822
15823
9304
9328
9355
14184
9357
9359
9360
9381
9386
9387
9402
9403
9415
9419
9416
9420
21046
9421
13977
9422
6571
14289
18708
10269
9454
9455
351
2063
9468
9472
18701
9479
23224
9484
9487
9509
9519
19592
9526
9579
9582
23295
9609
9623
23873
12537
9696
9697
9861
21773
9704
9734
13137
9752
9774
9776
9791
9792
9812
9814
12528
12529
9835
9888
9889
2599
9959
9980
10003
15157
11399
10053
23092
19805
10073
10084
10086
10094
10105
19121
10117
10120
10125
10124
10127
10129
11747
19510
20003
10168
10202
10208
6821
21643
10214
20445
1463
20375
10226
17935
10227
17724
10316
10331
10332
10333
6712
17402
21821
21828
13829
10378
10383
10418
10421
10438
21318
10439
10446
10474
10497
10507
10508
10532
13149
18480
22417
24033
10559
14148
10592
14277
10599
3587
10610
10611
12884
10618
10623
10639
10642
10644
10646
10662
10665
17795
10669
4670
10706
10707
8420
10709
502
9688
10872
10873
16911
10713
10753
20322
10795
10812
10814
10829
10838
24770
10860
10870
10891
4255
20731
10919
21090
6992
24215
10922
10603
10938
10957
10956
1803
11727
14877
21791
10988
10990
10991
11003
22912
11037
17835
11038
17837
11039
2415
17833
17834
15836
22098
11379
19089
15444
15445
11071
11073
478
10724
15142
21098
21370
21644
21918
22059
16807
20566
11115
11122
11127
14334
14684
19500
11143
19317
11171
11197
749
753
19259
11202
12952
11250
12655
11251
11254
11262
11261
5737
11880
11978
12977
13172
19291
22775
11285
11286
2323
6573
6580
8779
9795
11921
11977
13176
15806
18034
18092
18734
20231
20618
20622
22310
23117
11288
18798
14808
18094
5473
14914
14917
20951
22702
20620
14477
14489
11321
11323
14534
20261
20265
20319
21345
24807
12567
12863
15287
16885
22651
11352
11353
17750
11370
11373
11380
11381
11382
11383
6615
11384
11390
11389
24575
18879
18883
11455
11375
11460
23003
11485
18782
11487
11509
11510
3961
11539
11542
11556
17870
11569
4701
18065
17582
11615
2898
3544
4042
5701
10620
11150
12481
12913
13293
13618
14043
14448
15275
16429
16908
17773
18262
20027
20092
20100
20862
22131
23456
23988
24799
11639
11655
11658
11665
11666
11667
11680
11686
12050
11721
7016
12714
20068
11763
11770
10697
11779
21832
11820
11822
11824
11827
11839
5827
11842
13321
11866
16720
11879
11882
11883
11881
19533
22356
11885
11887
11906
11911
11925
11928
19521
11930
11933
12000
12001
12002
12003
12004
21578
12006
12008
12013
3541
12052
4482
12057
4466
4676
12065
1811
13809
465
12110
10978
12133
12149
12148
12166
12172
12204
12211
12212
17472
12217
6419
12091
12220
12244
10882
12265
12267
5464
12280
12320
12321
12323
12326
1818
1819
6239
12375
12385
16750
16753
12387
3660
3659
12391
17215
12408
18631
12442
12443
14308
12459
12460
12465
3282
12471
12473
19477
19189
12502
12509
12532
12533
12543
12544
12545
12547
20277
12596
19168
20515
21678
10531
10862
12227
17662
20586
23910
12602
12225
12613
12630
12685
115
12729
12733
14583
16249
24982
12736
21180
12742
12743
4909
11387
12765
13758
14532
20504
12815
12817
12834
12836
12842
12843
12845
12858
20637
12859
12862
17527
24810
24812
12878
12882
12886
12888
12895
12899
12906
12908
12911
12918
1500
14109
19777
12938
12948
12949
12954
12955
12956
12958
6739
6915
20499
13025
13072
13075
13083
13090
13104
13107
13109
19228
13131
18014
24661
7238
998
13768
13769
999
6875
13187
13195
21613
13305
13324
13326
7165
13340
5999
13377
13410
13411
13434
13436
13445
13451
13456
14703
3136
14706
14134
14986
13492
13494
19463
13509
13510
13511
13515
13520
13521
15273
24073
24942
9971
17624
13596
13589
11097
13610
23112
16724
19485
13671
13698
13704
13705
13706
20569
13728
13743
13749
13783
13784
14606
13803
13813
21325
13943
23140
13944
13955
13964
14027
14031
14032
14389
13811
14096
14425
17042
14042
14044
14045
14054
14075
14084
14086
14396
23202
23203
14087
21244
14092
14094
14116
10734
16755
14159
14162
14164
14641
14185
5886
19507
14186
14188
14194
14202
14203
14233
12380
13742
14236
14237
20602
14241
14244
15369
18479
19153
21253
22528
22531
917
3897
6408
6561
7236
7298
14169
15829
15830
15994
18087
18537
18538
22191
23263
5358
14255
12384
20154
20156
20158
20402
21846
24545
24548
24550
14258
20153
21843
24549
20155
20157
24546
14264
3500
14265
15301
15304
14279
14288
6705
8786
14705
19304
21823
23147
17783
4093
14318
14326
4715
11147
14349
14358
14365
14376
14377
19308
14442
16620
16681
17716
14419
17715
14427
14453
23707
9625
14511
14518
2463
13060
14520
19253
15716
19254
14542
14544
14547
14554
14563
15357
15359
14576
14580
14600
14602
14613
7125
16195
14614
14616
14651
14657
14658
14660
14661
14662
338
8029
12458
15461
16636
24933
14687
14688
14689
24234
14690
14691
14632
14712
14727
24321
14728
14737
14751
14750
14775
16228
14783
14807
14809
14843
14876
9797
14927
14929
6997
14952
14957
14960
17118
19983
14963
13420
18385
14982
6100
11050
15014
15022
5186
11566
20079
24026
15071
19179
20968
20970
21064
15078
15080
11139
15101
275
15116
15136
13568
15687
21213
15150
15160
15162
15164
15178
17399
15243
20377
15256
15264
12844
20081
23303
15286
15289
15291
15292
15318
15323
15324
15325
15326
18933
20048
23250
15332
21195
15338
21658
17357
15346
7798
15356
15371
14280
23160
15413
19226
15441
15442
15455
19360
15458
15459
15469
15470
15472
15482
20873
15538
15567
8069
15574
22670
15580
15600
22620
15650
15690
1085
2596
2601
6575
17959
18192
21722
1286
16870
15747
15750
15759
15766
15784
15827
7686
11863
19407
21061
21076
24899
15850
12121
850
2099
9979
13800
18802
19863
20639
20640
15860
15863
15864
4113
8992
15891
21501
15893
18167
15896
15913
20469
15968
15974
180
3015
16001
14782
16048
16110
7424
18223
16121
16127
756
9185
14985
16347
18144
20171
21675
16166
16226
16225
16229
16268
16279
16282
21476
16284
16296
23743
22148
22149
22146
22419
16321
16327
16373
16376
3057
16394
16416
16435
16449
16462
22771
16495
22216
16524
16546
16548
16554
17319
16564
16565
16566
16567
16568
16569
16572
16573
21080
23952
16579
21646
16580
16581
16591
16594
16604
5717
20568
16784
16624
16666
12210
14758
20972
16725
16726
16727
16735
16749
16779
16782
16787
16794
16795
16798
24379
16799
1794
16562
24382
16813
18300
16874
16875
20944
16897
2691
21020
16913
16914
3846
16941
16959
16961
16975
16986
12378
24377
17034
17038
17047
17049
11172
17053
17074
17078
17079
17120
17128
9762
17145
17147
17148
17151
17152
17156
17162
17165
17163
17168
17212
17222
17237
17254
17272
24580
17322
17334
7004
17339
17362
17400
18055
5399
23870
17412
17432
17459
22241
17475
17482
17503
17526
17554
17556
10979
17584
11789
14398
22203
17633
7594
17642
17673
11862
2151
23504
17703
17719
17779
17780
17808
20379
17819
13424
17822
17826
20990
17844
17865
17869
19182
17913
17915
17948
17960
17968
1274
3405
5575
12889
23078
23100
24270
10061
17998
18031
18038
18051
1828
18105
18119
18122
18140
8189
18141
18161
18164
18172
14078
24765
18188
15450
18189
18193
18194
18195
18207
18208
24337
18251
18275
18282
18283
18289
18290
18291
14937
18311
15209
24906
18368
18397
18405
3803
18444
18447
11253
12907
18470
18471
8819
18517
18518
18520
18525
1115
5047
13221
18539
18547
18565
18568
18598
18599
3545
23234
18633
1989
18652
18664
21485
18712
18741
18753
18759
18763
18766
18813
18818
11226
18819
18820
18847
22726
9162
12007
19217
18857
18871
18870
18881
18880
18911
18915
11471
10146
11318
3129
5365
19146
18952
19014
19025
19026
19028
19020
19029
19043
663
19069
19138
19139
22437
21215
24633
19192
18855
19216
19221
18393
24383
6868
19235
7419
7420
19239
19263
19267
13725
19268
19285
1724
19292
19293
19315
19318
19320
15865
18423
19341
19342
11393
19371
24074
19372
19381
19386
19413
7558
12005
12498
14748
14749
14752
14753
14754
24111
21306
14747
19424
19426
19466
19482
19484
19487
9622
23019
19489
1869
11276
14010
22016
1967
18417
23225
19526
19528
19534
19554
19560
19561
19566
4485
19620
15400
759
19655
19659
6390
19663
20462
19752
15870
19782
19793
19820
19824
19839
22940
9471
1273
1622
19878
19895
19917
19918
19920
20479
19922
19924
2773
21410
19955
19966
19967
19969
19970
19975
19978
19991
19979
4735
21102
19985
19987
20024
12674
20028
20030
20034
20043
16837
18263
18264
19591
23097
20101
20108
20109
20111
13481
20135
20140
20460
24825
20169
20174
22395
5254
20178
20195
20211
20237
20244
20248
20257
20262
8091
8534
15021
23440
23626
16971
24178
23519
20151
20300
20313
20315
22840
20335
20360
20363
20374
20380
268
11217
13367
21976
16625
20425
10376
19402
20432
20458
20464
20492
20493
8942
6045
6209
15414
18400
21807
23715
1597
15916
20511
20513
4758
4367
20522
20525
20533
24508
20571
10039
13934
17553
20591
20597
20607
20616
2526
20644
20643
20645
20652
7864
20701
9820
20719
20720
20722
20725
20733
20737
20740
24979
24990
20759
21707
9810
16535
19401
20800
20809
14546
20823
20820
16172
1653
20840
20846
20844
20847
20845
20857
20858
20860
13404
20891
20892
20901
20903
20905
20923
20924
8537
7676
10223
23410
20956
20957
20960
426
20984
16430
20993
24302
1004
6305
21784
10307
1417
8626
13175
22247
6876
11777
21019
24415
986
987
990
2831
6212
988
21051
15555
21070
21100
21111
21125
21127
21140
21155
21156
21157
11654
21159
21153
21160
21161
21177
21184
21185
21187
21221
21229
21239
19077
21254
21256
23416
21260
21266
21267
21268
21269
21270
21279
24491
21295
21296
5210
9719
11810
14445
19163
24601
21317
21319
3959
21327
2310
19518
24501
21368
23562
14718
21382
2167
21404
10635
21427
21429
21434
2306
21448
1937
21449
21450
21451
24530
21486
21487
21488
21492
3447
21493
21503
13001
1926
21533
21528
21575
21577
21592
4814
21654
16522
21669
21682
15825
21683
7231
21720
21769
24769
555
6577
7289
8774
14918
14919
21827
21837
5084
13452
13458
21847
21853
21864
21869
21870
21875
21881
21887
21890
21900
21940
21941
21969
4969
21971
21974
21986
22018
22035
22036
22119
17057
22129
22133
22156
22157
22159
22166
864
22183
22196
23757
14296
17491
22213
22215
22132
22220
22222
22239
22244
22308
22316
22325
4478
22338
22351
22354
22383
22427
22429
22435
22438
22460
2694
8214
16616
23531
22546
22556
22584
22599
22663
22664
22665
22666
22709
22703
22704
22713
22710
22720
22735
22767
24673
22769
22779
22781
9060
18100
22835
6874
24900
22846
22848
22891
22894
22895
22906
22922
22952
15447
24782
22961
22979
5211
23074
23075
14463
23081
23082
10682
23132
23186
23189
23222
23226
2037
23227
23251
23256
23305
23337
23338
23343
23394
13020
23402
23417
23432
23433
9951
23439
23451
23464
23474
23502
23503
23518
23561
23567
8077
23570
23597
24317
23625
23632
23669
23671
23672
10315
13153
23716
23742
23748
23751
23782
23788
23789
23790
23824
23825
23827
23828
23858
5680
23917
23927
23956
11788
20317
22245
24020
24045
24053
24086
24087
24094
24099
24115
24117
24130
9811
10828
24166
5327
24167
24179
24199
24200
24202
24239
24271
24322
24324
24326
24348
24350
9342
24352
24361
24376
24380
24391
24397
6720
24406
24439
24445
24460
18619
24597
24598
24614
18080
24648
11886
24649
24664
24682
1123
24693
24694
24720
24718
24726
24731
24737
24760
24776
24798
8107
8814
24826
7012
16836
17625
17862
24862
20290
24881
19144
10274
24901
24912
24919
24957
24968
24983
24984
1849
