367
113
414
272
149
219
310
207
12
37
75
217
15
108
187
110
268
302
251
164
459
380
370
215
237
105
95
6
362
406
8
115
225
31
320
92
1
9
139
211
383
93
42
19
5
254
0
430
276
2
338
3
4
241
334
277
438
445
350
291
252
7
358
312
469
126
333
10
63
11
440
281
347
387
450
163
410
435
418
223
13
14
396
177
88
423
476
148
16
231
17
18
192
55
20
21
22
23
24
25
26
27
33
28
91
50
29
30
314
441
365
496
78
32
34
35
427
36
59
249
166
188
331
377
357
38
39
40
153
41
456
205
43
44
45
46
47
48
49
51
146
52
53
54
398
56
57
58
355
60
230
61
62
64
65
154
66
67
68
69
206
70
71
330
72
84
73
74
144
119
300
137
339
89
124
109
323
303
76
77
79
80
81
82
83
85
143
86
87
470
167
90
369
425
123
94
114
261
96
97
183
98
221
99
299
100
150
101
102
103
104
173
318
284
327
172
253
106
359
107
273
401
419
373
218
484
279
235
455
125
259
466
111
156
112
374
196
131
363
433
216
138
497
376
407
403
361
162
415
232
290
353
275
222
198
116
117
118
120
478
121
122
171
182
135
467
356
411
127
128
165
129
130
134
364
132
434
133
136
483
248
304
142
258
140
141
145
444
158
147
170
346
485
233
412
460
472
452
297
468
337
372
317
193
408
151
152
335
354
155
382
157
159
160
161
301
289
212
285
181
399
224
168
421
169
471
174
477
175
446
176
178
179
475
180
200
184
185
402
186
309
343
266
287
262
488
389
189
190
265
191
194
195
197
321
199
201
202
203
204
271
448
457
208
209
210
486
213
214
447
371
344
326
345
250
234
390
322
424
461
283
388
499
286
495
479
220
313
480
328
242
226
227
228
229
493
325
236
431
451
238
239
240
243
306
244
245
246
247
386
255
256
257
437
260
263
492
264
267
305
409
394
269
443
270
280
351
400
274
278
282
288
292
319
293
360
294
295
296
298
498
381
474
307
308
439
491
316
465
385
311
463
315
324
329
487
393
332
336
458
464
481
340
341
342
348
349
375
352
366
416
482
454
429
404
395
426
489
379
405
384
432
494
368
462
453
378
428
391
392
397
449
413
422
417
473
420
436
442
490
