147
281
110
280
11
251
21
159
218
36
244
298
259
114
41
198
252
109
154
293
125
29
167
170
254
126
70
113
34
223
63
118
292
181
139
78
84
123
0
149
1
2
98
3
196
4
269
5
151
6
7
8
60
9
10
69
51
57
286
239
137
153
54
174
236
132
119
68
47
12
13
194
14
15
108
16
17
18
19
20
76
115
77
39
214
25
22
83
23
24
268
26
37
226
27
219
28
140
99
33
30
45
203
31
201
32
294
67
169
35
79
228
62
190
38
93
40
52
188
42
43
141
44
46
48
49
50
138
103
53
297
55
56
240
278
290
58
59
204
61
102
230
291
106
64
65
179
66
199
95
255
71
72
73
74
120
75
282
253
80
215
81
82
279
250
243
85
86
87
88
89
193
90
104
91
92
158
246
94
96
97
133
248
100
116
101
105
107
266
247
165
111
112
206
270
150
287
117
271
234
121
122
208
148
237
124
166
295
131
127
128
129
130
168
134
135
136
180
146
155
142
143
264
144
145
229
211
192
209
285
224
274
241
184
197
272
156
173
216
185
152
205
257
283
157
217
161
273
160
162
171
163
200
164
232
261
262
172
175
176
177
178
182
249
183
186
187
189
191
195
227
231
260
202
256
207
210
212
213
245
220
221
222
263
225
233
235
296
238
242
299
284
258
265
288
267
275
276
277
289
