171
57
124
205
14
17
89
13
231
128
53
217
93
184
195
148
71
56
198
238
160
172
122
221
212
87
191
60
119
194
190
138
1
43
228
147
220
135
159
133
218
188
106
169
91
158
131
18
201
214
76
0
225
40
4
189
224
192
10
8
31
6
16
86
44
64
167
152
20
38
41
241
178
2
19
22
24
42
59
68
77
92
120
140
143
151
155
157
183
142
185
153
150
235
223
243
202
234
199
247
207
239
179
45
47
49
83
115
181
174
232
208
74
79
5
9
141
226
12
37
51
98
103
116
117
111
112
96
164
222
127
25
63
136
229
197
244
213
32
39
15
84
129
215
78
132
62
70
81
130
216
94
97
165
107
125
170
236
105
126
230
137
34
58
166
61
156
48
67
114
144
182
237
162
35
36
227
248
26
82
101
187
210
23
219
69
168
85
146
203
100
104
134
154
123
209
110
173
54
145
242
65
50
249
75
180
204
161
99
193
55
139
73
80
211
163
95
88
186
246
