247
75
112
177
228
38
52
69
32
215
25
100
220
193
142
181
1
65
129
81
158
188
14
88
119
146
168
235
225
45
74
93
106
151
200
58
207
241
17
136
171
124
161
6
41
85
96
115
154
185
212
232
21
55
29
48
62
197
10
35
107
164
174
204
238
132
141
248
120
68
147
219
89
102
192
243
3
110
82
155
182
209
229
13
42
51
97
137
167
28
59
71
128
189
196
216
224
18
77
92
116
150
34
123
176
202
234
63
103
143
157
170
237
244
0
37
54
84
131
184
205
211
249
2
138
4
5
7
8
9
11
12
15
16
19
20
22
23
24
26
27
134
30
31
33
208
36
39
40
43
44
46
47
49
50
53
162
56
57
60
61
64
66
67
125
70
72
73
76
111
78
79
80
83
86
87
90
91
94
95
98
99
101
104
105
108
109
113
114
117
118
121
122
126
127
130
226
133
135
139
140
144
178
145
148
149
152
153
156
159
160
163
165
166
169
172
173
175
179
180
183
201
186
187
190
191
194
195
198
199
203
206
210
213
214
217
218
221
222
242
223
227
230
231
233
236
239
240
245
246
