119
134
82
68
37
89
54
168
109
237
248
65
41
9
107
208
182
47
163
26
205
124
224
153
180
74
15
199
226
166
111
137
215
239
209
128
151
98
83
159
246
181
110
20
90
67
216
3
175
144
232
40
192
203
125
53
66
18
250
27
96
43
72
191
158
223
55
123
12
34
145
97
81
202
113
238
1
211
135
56
190
24
172
222
80
44
10
152
30
63
95
117
184
131
247
196
229
104
143
162
217
16
75
178
28
52
240
87
197
4
138
170
101
35
59
46
118
210
73
231
150
19
183
164
249
91
198
108
129
8
218
62
116
33
79
233
146
156
171
204
102
242
188
21
88
36
48
127
139
6
214
60
71
194
241
14
174
49
221
103
230
157
5
22
94
115
186
201
147
29
38
84
122
57
76
169
136
243
207
0
2
7
11
13
17
177
23
112
25
31
140
32
39
42
130
45
106
148
50
51
92
58
173
61
64
236
69
70
200
155
77
78
85
86
93
99
100
105
185
114
187
120
121
126
133
235
132
179
225
141
142
149
154
189
160
161
165
167
176
193
195
206
234
212
213
219
220
227
228
244
245
