313
303
348
231
165
356
477
409
213
105
337
198
451
253
114
14
170
223
271
374
290
79
5
473
45
139
244
298
148
25
261
402
239
385
74
189
219
434
36
91
379
267
370
55
234
487
455
20
420
328
351
153
281
205
362
116
58
395
161
98
472
497
412
10
66
427
320
443
176
50
121
134
30
85
182
390
262
140
276
367
460
39
146
284
331
158
345
417
491
193
250
0
63
316
431
448
13
94
101
108
201
227
295
405
424
439
22
71
208
216
256
354
468
42
128
173
306
359
398
482
33
287
300
382
463
133
321
49
88
120
179
238
334
391
494
151
166
268
341
275
312
82
113
187
247
373
444
19
154
325
413
4
125
197
243
280
26
59
95
102
204
228
292
363
376
406
421
52
220
309
257
457
7
46
75
136
142
157
169
184
212
235
264
387
399
428
440
452
469
476
488
162
416
498
31
37
62
67
110
117
190
481
286
297
317
326
332
344
353
394
435
15
129
89
380
40
149
449
122
464
172
194
278
360
224
240
251
270
9
53
70
97
104
180
200
207
215
230
484
369
401
408
423
458
493
1
499
2
3
6
258
8
11
311
12
77
16
314
17
18
21
407
23
24
338
27
364
28
29
32
34
35
38
80
41
43
44
47
84
48
51
54
56
57
478
60
249
61
64
65
68
69
72
73
333
430
76
78
81
347
83
86
87
90
92
93
291
96
99
100
103
106
246
107
109
111
112
115
397
118
119
123
124
126
127
130
132
131
135
137
138
141
436
143
144
145
147
210
150
336
152
453
214
155
156
159
160
163
164
167
168
171
174
175
177
178
181
183
185
186
188
191
192
195
196
199
202
203
206
209
211
496
217
218
221
222
225
226
229
232
233
342
236
461
237
241
242
432
245
248
252
254
377
490
255
259
260
263
265
266
269
323
272
273
274
277
279
282
283
285
288
289
293
294
296
299
396
301
302
304
305
307
308
310
315
483
318
319
322
324
327
329
330
365
335
339
340
343
346
349
350
352
480
355
368
357
358
361
366
371
375
372
475
465
378
381
445
383
384
386
388
389
392
393
400
403
404
410
411
414
415
418
419
422
425
426
429
433
454
437
438
441
442
446
447
450
456
459
462
466
467
470
471
474
479
485
486
489
492
495
