184
86
105
76
189
152
282
47
120
134
307
331
101
61
233
217
323
269
41
224
238
13
292
254
159
25
6
97
79
147
48
319
202
126
198
301
266
339
349
172
140
209
241
130
18
248
311
70
111
177
287
344
32
55
275
91
298
229
164
326
45
192
258
155
314
2
205
21
115
143
213
251
295
10
73
83
94
123
220
304
336
36
169
244
272
281
104
28
51
58
66
137
288
343
197
230
263
110
158
176
330
14
129
208
225
237
181
348
5
151
188
257
42
98
315
201
162
88
17
31
80
144
173
193
216
247
268
278
284
291
322
22
310
327
340
72
39
107
118
124
234
260
333
49
57
102
138
252
7
300
212
92
112
186
131
148
168
219
226
271
345
1
75
179
204
240
316
0
3
4
8
332
9
11
12
15
16
19
20
23
24
26
27
29
30
33
34
35
37
38
40
43
82
44
46
64
317
50
243
294
52
53
54
56
59
60
62
63
65
67
68
69
71
74
77
328
259
335
78
81
302
84
85
87
305
89
90
93
95
96
99
200
100
103
165
106
265
108
109
113
114
116
117
119
121
122
231
125
127
128
132
183
133
135
136
146
139
141
142
145
149
150
153
154
156
157
161
160
163
166
167
170
171
174
175
178
180
182
185
261
187
190
191
194
195
196
199
203
276
206
207
210
211
214
215
218
221
222
223
227
228
232
235
320
236
239
242
245
246
249
250
253
255
256
262
264
267
270
306
273
274
277
279
280
283
285
286
289
290
293
296
297
299
303
309
308
312
313
318
321
324
325
329
334
337
338
341
342
346
347
