47
117
242
226
174
149
141
182
192
203
2
29
176
13
85
53
198
167
21
232
128
157
80
99
61
233
136
90
211
6
145
43
111
25
190
244
79
32
98
218
169
71
57
202
237
126
17
1
39
106
140
162
222
75
207
52
44
89
183
64
12
150
33
212
132
18
105
121
156
217
201
8
95
178
37
163
69
247
112
238
24
63
142
224
48
73
131
168
186
86
122
197
100
155
7
28
91
208
228
38
59
245
78
137
146
172
216
16
236
115
68
127
181
104
0
23
49
82
223
94
159
213
34
154
230
240
11
120
187
196
206
74
55
108
134
164
173
3
116
19
40
83
101
180
144
219
27
54
65
93
231
249
248
4
175
5
9
10
14
15
160
20
195
193
22
225
26
151
30
31
35
194
36
41
42
45
46
158
243
50
188
51
56
119
58
60
62
124
66
67
70
72
76
77
81
107
84
87
88
92
239
96
97
103
102
189
109
110
113
114
118
227
123
125
129
143
130
133
135
138
139
184
191
147
171
148
152
153
161
165
166
170
177
179
185
199
200
204
229
205
235
209
210
214
215
220
221
234
241
246
