186
26
127
96
30
45
179
151
106
71
37
121
63
109
133
141
79
167
187
57
68
84
46
5
12
158
18
52
101
193
116
174
136
40
21
89
162
61
2
154
9
33
74
149
190
180
51
171
15
95
102
112
120
130
140
25
198
56
145
165
41
64
87
183
123
175
29
48
75
80
92
98
105
115
137
155
6
36
22
67
197
148
161
168
14
131
191
144
42
53
117
176
58
70
90
81
124
0
1
3
199
4
7
8
10
11
13
16
17
19
20
23
24
27
28
31
32
91
34
35
38
39
43
44
47
85
49
50
54
55
59
126
60
62
65
82
66
69
72
73
76
77
78
194
83
86
111
88
93
94
97
99
100
103
104
188
107
108
110
157
195
113
114
118
119
122
125
128
169
172
129
132
134
135
184
138
139
142
143
147
146
150
152
153
156
159
160
163
164
166
170
173
177
178
181
182
185
196
189
192
