487
165
189
393
119
403
328
17
88
231
277
157
244
320
66
80
449
418
425
113
343
151
292
97
179
481
436
52
34
303
397
386
71
127
410
249
286
61
459
205
122
324
144
154
190
432
376
259
356
426
79
172
195
254
274
136
13
351
199
215
363
473
45
90
313
336
266
3
27
452
368
39
107
223
327
297
492
422
74
381
441
56
100
7
162
183
401
283
309
415
476
139
469
211
218
271
239
359
262
316
333
389
0
20
93
202
339
462
83
30
48
147
169
227
289
348
371
407
123
495
110
234
23
60
67
103
116
176
191
486
280
429
12
245
364
128
455
380
394
35
41
186
255
267
296
306
319
437
53
140
158
196
355
248
342
445
466
477
6
86
94
132
206
212
374
150
173
300
219
385
411
489
16
26
44
63
76
161
180
258
293
312
330
440
458
470
57
70
166
230
263
323
345
360
390
398
421
451
273
408
9
38
99
120
143
352
241
251
284
337
367
377
431
483
498
109
463
200
29
47
87
226
124
133
192
480
287
414
19
102
129
153
185
238
208
214
299
305
315
472
490
1
499
2
4
5
8
10
11
14
15
18
349
21
22
25
152
24
28
31
32
33
36
373
37
40
42
43
46
49
50
51
54
55
58
59
62
114
64
65
68
75
369
69
72
73
395
77
78
81
308
82
220
84
85
89
302
91
92
233
95
96
98
484
101
104
105
106
108
111
112
115
117
118
121
493
167
125
482
126
331
130
131
134
135
137
138
400
141
142
145
146
446
148
149
155
156
182
159
160
163
164
496
168
170
171
174
175
177
178
454
181
184
187
188
354
193
194
197
198
201
203
204
207
209
210
213
216
217
221
222
224
225
228
229
232
235
236
237
240
242
243
246
247
250
383
252
253
256
257
260
261
406
264
265
268
269
270
272
275
276
341
278
279
467
281
282
285
288
405
290
291
294
295
298
301
304
307
310
311
314
317
318
321
322
325
326
329
332
334
335
338
340
344
346
347
350
353
357
358
442
361
362
365
366
370
372
375
378
379
382
384
387
388
391
392
396
399
402
404
409
416
412
413
417
419
420
423
424
427
428
430
433
434
435
438
439
443
444
447
448
450
453
456
457
460
461
464
465
468
471
474
475
478
479
485
488
491
494
497
