35
171
15
254
194
265
141
288
300
70
88
270
187
243
28
236
197
113
154
180
98
248
44
274
308
116
231
345
78
132
224
168
218
19
158
320
94
140
2
66
107
327
50
147
204
259
61
71
135
209
55
163
188
279
7
252
294
333
101
124
175
38
84
283
24
143
215
338
196
31
129
150
305
316
323
62
201
227
299
181
239
49
11
91
221
245
291
157
208
56
104
110
164
191
1
264
27
75
174
18
41
120
313
326
255
136
276
286
334
4
34
65
85
128
151
212
232
319
341
184
302
74
23
46
52
144
160
167
177
200
296
80
205
280
309
347
100
59
271
240
112
156
222
251
261
268
331
79
228
289
12
258
246
37
67
115
123
137
190
234
339
8
30
103
131
146
170
183
303
315
322
342
0
349
3
5
6
272
9
10
13
14
16
17
42
20
328
21
43
22
25
26
29
213
32
33
36
311
39
40
45
214
47
48
51
307
53
54
57
58
60
63
64
348
263
68
69
72
95
73
89
76
77
269
90
81
82
216
83
86
87
233
92
93
96
121
97
99
102
105
106
108
109
111
114
117
118
119
122
125
126
127
130
133
134
330
138
139
142
340
145
267
148
149
152
153
155
195
159
277
161
162
165
166
169
343
172
173
306
176
178
179
182
185
186
189
192
193
198
247
199
202
203
206
207
210
211
217
219
220
223
225
226
229
230
235
237
238
241
242
244
260
249
250
346
253
301
256
284
257
262
266
312
293
273
275
335
278
281
282
285
287
290
292
295
297
298
304
310
314
317
318
321
324
325
329
332
336
337
344
