6
196
40
53
126
50
65
24
204
150
0
210
218
12
88
243
236
169
133
102
176
153
82
69
229
47
172
197
109
141
183
35
17
117
162
94
127
189
223
76
87
209
31
55
147
244
166
112
121
215
158
134
20
232
9
98
180
43
105
226
66
137
192
201
79
91
186
237
1
72
57
122
130
13
29
220
146
113
214
151
163
247
21
85
99
5
46
62
73
106
198
179
233
16
32
138
154
173
193
205
241
39
52
93
143
221
227
184
26
116
60
212
78
118
123
8
68
108
129
165
249
2
248
3
25
84
4
7
140
175
10
11
14
75
15
18
19
22
23
27
28
30
33
34
36
42
37
38
41
83
246
44
45
48
49
51
54
61
56
58
59
63
64
188
67
70
128
71
74
77
80
81
202
86
89
90
92
95
96
97
100
101
103
104
107
110
111
114
115
119
120
124
125
131
132
135
206
136
139
142
144
145
148
149
152
239
168
155
156
157
159
160
161
164
167
170
171
174
177
178
181
182
185
187
190
191
194
195
199
200
203
207
208
211
213
216
217
219
222
224
225
228
230
231
234
235
238
240
242
245
