82
156
125
95
168
27
183
36
112
49
141
249
58
226
171
179
12
79
136
91
19
122
223
205
162
199
54
106
32
41
71
149
242
5
101
60
116
213
232
188
131
51
38
74
83
194
67
219
238
46
164
146
174
8
245
22
2
119
153
16
209
229
109
159
128
187
170
202
216
61
31
96
75
195
45
68
139
87
239
248
9
55
113
145
178
234
23
35
92
133
150
184
222
64
78
99
191
163
14
118
124
212
228
3
243
17
42
48
86
198
157
173
204
28
56
70
108
127
0
1
4
6
7
10
11
13
102
15
18
20
21
63
24
25
26
107
29
30
33
34
180
37
39
40
201
43
44
47
50
214
52
53
208
57
103
59
65
62
154
66
69
72
73
76
77
80
81
84
85
94
89
88
90
93
97
165
98
100
104
105
235
110
111
114
130
115
117
120
121
123
126
129
132
134
135
137
138
140
142
143
207
144
147
148
151
152
155
158
192
233
160
161
166
167
169
176
172
175
177
181
182
185
186
189
190
193
196
197
200
203
206
210
211
215
217
218
220
221
224
225
227
230
231
236
237
240
241
244
246
247
