11
234
46
149
65
111
239
197
227
128
137
214
249
18
59
143
80
73
99
194
182
91
24
39
204
174
220
31
103
118
157
5
241
198
86
123
165
68
51
131
177
207
36
154
189
246
76
108
170
231
223
8
28
185
146
14
83
236
114
211
97
42
134
161
217
62
124
201
0
92
54
21
226
47
72
140
178
4
32
79
150
190
57
107
166
244
15
88
115
120
127
158
181
208
230
27
173
38
138
50
69
100
144
215
221
9
96
61
132
202
1
41
82
153
184
191
233
20
75
110
162
245
248
104
2
3
6
7
10
12
13
16
17
19
22
23
25
26
29
30
33
34
35
37
40
43
44
45
48
78
242
49
52
53
55
56
58
60
63
64
66
67
117
70
71
74
151
77
81
84
85
87
89
90
93
94
95
98
101
102
105
106
109
112
113
116
119
121
122
125
126
129
130
209
133
135
136
139
167
141
142
145
147
148
152
155
156
159
160
163
164
168
169
171
172
175
176
179
180
183
186
187
188
192
193
195
196
199
200
203
205
206
210
212
213
216
218
219
222
224
225
228
229
232
235
237
238
240
243
247
