34
170
69
107
192
81
0
215
41
9
195
169
159
25
114
179
228
113
72
57
161
211
96
142
194
218
59
28
152
47
236
174
133
39
123
106
68
153
12
224
48
94
186
239
144
213
125
58
184
196
238
77
38
249
149
167
8
110
168
219
56
124
18
91
202
146
32
188
230
82
143
65
17
158
247
35
112
206
126
177
128
197
33
97
6
44
75
240
185
141
21
165
62
212
151
2
46
95
229
200
85
131
16
116
246
140
156
183
237
67
101
208
27
87
49
127
182
220
15
139
199
78
104
232
248
45
115
29
210
88
166
130
76
181
227
111
20
201
1
150
79
43
129
93
223
164
11
198
234
60
31
98
74
154
217
137
176
243
117
53
14
92
225
207
187
70
3
30
163
103
138
191
86
120
175
71
42
54
226
162
5
100
242
64
136
23
148
121
204
231
83
109
178
50
4
245
244
7
190
10
13
173
147
235
19
22
24
26
221
52
36
37
40
51
233
203
80
66
214
157
55
193
61
63
119
171
118
73
145
132
84
89
105
90
99
102
209
108
216
172
205
122
180
134
135
160
155
189
222
241
