104
58
200
52
238
163
183
77
113
176
194
152
235
89
138
78
211
23
38
242
99
2
60
168
46
133
226
72
124
150
220
213
53
25
103
248
14
198
95
156
40
175
65
85
56
32
6
208
228
119
140
189
109
128
79
145
36
167
12
67
219
45
90
157
202
179
21
31
114
246
230
94
184
206
5
83
71
118
171
161
215
190
44
127
240
147
17
108
27
231
0
61
98
10
195
50
84
132
151
225
122
172
37
207
70
143
162
7
214
244
62
91
232
180
188
54
107
100
196
26
19
41
141
75
115
134
166
221
1
236
11
48
123
201
28
33
129
155
64
80
86
209
146
158
187
216
15
93
102
249
3
247
4
227
8
9
13
16
18
20
22
24
29
30
34
35
39
241
69
42
43
47
49
51
55
245
239
57
110
164
59
125
63
192
66
68
73
74
76
81
120
82
237
87
88
92
203
96
97
182
101
173
105
106
139
111
112
116
117
121
126
130
131
135
136
191
137
142
144
148
149
153
154
159
160
165
193
169
170
174
177
178
224
181
185
186
197
199
204
205
210
212
217
218
222
223
229
233
234
243
