175
18
65
142
106
164
93
128
40
228
108
63
22
124
199
82
51
37
190
90
143
1
35
72
148
20
180
224
114
210
61
213
246
17
231
156
97
201
126
154
57
95
248
79
165
133
227
59
16
183
249
78
44
24
140
112
158
92
229
12
62
34
127
171
215
6
159
47
194
145
239
220
102
121
178
23
71
205
141
8
182
226
131
96
209
161
30
230
85
109
244
206
52
155
19
186
122
234
4
107
207
86
39
170
196
50
110
84
232
68
211
129
172
33
49
243
13
91
184
73
204
144
29
245
115
185
60
217
160
88
125
43
200
157
233
113
189
81
5
46
174
203
67
138
104
0
219
48
77
188
139
169
98
28
2
118
218
150
187
83
45
242
15
64
105
176
80
216
25
123
237
103
168
198
10
149
221
137
94
70
31
54
193
117
241
166
36
136
151
223
55
7
236
75
191
21
100
163
153
120
208
3
247
9
32
11
69
14
197
130
38
202
214
27
26
41
146
111
42
119
132
192
222
53
56
58
135
66
195
238
181
74
76
179
87
89
173
99
235
116
101
167
162
134
147
152
240
177
212
225
