161
130
207
186
13
4
117
142
238
193
138
58
5
27
245
214
174
31
204
52
37
122
71
46
25
162
101
109
18
167
152
216
249
93
196
226
76
124
40
244
50
231
82
72
178
211
147
63
113
134
189
156
220
6
200
100
182
87
172
125
36
233
105
45
23
80
94
240
225
148
59
12
32
66
129
215
139
197
41
155
168
185
114
203
232
17
0
75
51
106
120
133
173
208
239
191
68
144
89
180
221
24
9
151
159
227
30
81
166
44
137
55
97
111
121
248
19
199
209
35
64
77
184
192
235
128
10
95
69
242
222
149
160
83
104
143
26
88
47
163
170
177
107
116
210
39
132
201
1
2
3
247
7
8
154
11
15
84
16
14
20
21
54
22
181
28
29
33
34
195
38
42
43
205
48
49
187
53
99
56
57
60
61
62
65
67
70
73
74
198
78
79
85
86
90
91
92
96
98
102
103
175
108
110
112
115
118
119
126
123
127
131
241
228
135
136
140
141
145
146
150
153
157
158
217
164
165
169
171
176
179
183
188
190
194
202
206
243
212
213
218
219
223
224
229
230
234
236
237
246
