191
253
57
236
288
71
176
287
45
12
72
138
109
183
81
147
215
268
115
30
167
299
127
252
209
264
222
90
157
175
108
66
34
204
280
237
246
139
230
171
190
297
214
26
50
259
161
271
194
98
19
41
153
218
165
119
228
61
85
276
199
283
129
6
104
146
51
182
244
76
207
18
40
89
293
251
123
133
62
223
275
198
11
151
260
27
80
239
102
184
52
35
94
142
208
22
116
266
169
158
229
46
189
134
292
177
5
70
56
243
203
110
279
125
84
152
224
15
39
103
213
270
65
296
143
248
163
195
258
28
75
10
121
88
170
235
44
58
178
185
281
23
95
219
262
0
272
135
148
156
99
114
32
64
79
197
240
247
254
4
16
36
47
227
234
105
162
172
179
186
201
210
291
83
128
141
217
263
274
1
2
3
7
8
9
13
14
17
20
21
24
25
29
232
31
33
290
78
37
38
42
43
216
48
49
53
285
54
55
59
60
130
298
63
67
68
69
73
74
137
77
82
286
86
87
91
92
93
97
96
100
101
106
107
111
112
113
117
118
120
122
124
126
131
132
136
140
282
144
145
149
150
154
155
159
160
164
166
168
173
174
256
180
181
187
188
192
193
196
267
200
202
205
206
289
211
212
220
221
255
225
238
226
231
233
241
242
245
249
250
257
261
265
269
273
277
278
284
294
295
