159
172
127
74
183
197
248
140
147
221
13
58
239
190
234
118
71
79
204
4
40
99
210
133
88
64
105
165
46
152
18
26
93
111
52
33
215
249
178
10
242
228
85
155
122
136
168
200
43
61
96
186
207
218
102
115
143
162
22
29
55
67
233
194
7
36
108
175
245
17
78
47
89
148
222
132
238
156
123
139
180
201
211
82
169
1
14
50
68
75
92
114
187
230
30
39
225
151
161
56
62
98
104
195
214
8
205
243
19
24
144
83
117
129
235
42
107
124
135
164
176
182
217
0
2
3
5
6
173
9
11
12
15
179
16
20
21
23
25
27
28
31
32
34
35
37
38
41
44
45
48
49
51
53
54
57
59
60
63
65
66
69
70
72
73
76
77
80
81
84
86
87
90
91
94
95
97
100
101
103
106
109
110
112
113
116
119
120
227
121
125
126
128
130
131
134
137
138
141
142
145
146
149
150
153
154
157
158
160
163
166
167
170
171
174
189
177
181
184
185
188
191
192
193
196
198
199
212
202
203
206
229
208
209
213
216
219
220
223
224
226
231
232
236
237
240
241
244
246
247
