412
11
365
34
330
169
68
318
277
420
356
404
296
179
267
53
386
79
449
408
442
230
99
23
278
300
247
204
131
427
140
172
161
289
61
445
15
362
391
210
145
185
243
36
325
105
372
434
342
94
181
69
191
275
216
263
86
313
150
30
237
256
287
44
425
116
271
75
301
385
136
416
21
124
223
55
173
281
395
308
6
198
319
57
351
132
154
48
343
251
90
380
438
120
335
426
399
110
221
294
242
141
231
190
40
178
262
168
80
199
5
371
155
209
326
355
433
29
62
306
447
16
288
115
273
126
217
95
400
85
163
235
252
381
334
146
314
390
73
225
348
189
103
49
421
25
363
10
376
203
67
413
56
282
122
111
261
432
38
441
130
194
295
0
340
89
246
149
229
215
304
357
394
407
17
137
347
157
236
324
312
47
60
269
81
177
366
375
417
184
331
437
4
96
446
401
24
205
101
117
167
257
39
224
320
387
74
153
283
9
33
299
293
142
338
241
428
361
352
193
51
64
91
106
127
248
396
409
422
135
159
186
258
1
19
28
121
212
220
265
310
370
147
439
12
346
41
98
84
303
377
109
208
201
336
226
290
284
315
382
429
174
268
328
197
276
405
415
350
389
2
448
3
7
8
13
14
211
18
20
22
26
165
27
43
31
32
35
37
369
180
253
42
45
46
50
77
52
54
58
337
59
63
113
65
66
70
71
411
72
76
78
82
83
87
88
92
93
97
100
102
104
107
108
112
114
118
119
123
125
128
129
133
134
378
138
139
232
143
341
144
148
151
152
367
156
158
160
162
164
166
170
171
274
175
176
245
307
182
183
187
188
192
195
196
200
202
206
207
213
368
214
218
219
222
227
228
280
233
234
238
239
240
244
249
250
254
255
259
260
264
266
323
270
272
443
402
279
285
286
291
321
292
297
327
298
302
358
305
309
311
316
317
322
329
332
333
339
344
345
349
353
354
359
360
364
373
374
379
383
384
388
392
393
397
398
403
406
410
414
418
419
423
424
430
431
435
436
440
444
