60
386
442
15
54
316
248
285
18
168
138
43
203
6
352
70
213
243
109
320
267
417
170
198
97
436
259
378
227
81
364
145
334
306
220
391
291
101
52
114
190
341
29
151
278
89
58
300
396
182
408
110
122
420
155
284
256
205
266
130
166
348
292
45
384
404
447
20
308
325
31
415
299
196
177
235
357
74
437
222
274
369
50
428
262
330
82
349
314
65
161
186
212
252
11
283
379
239
449
36
339
139
226
359
93
123
403
153
75
102
132
178
395
372
413
295
146
24
424
326
44
438
194
66
247
270
363
211
335
230
160
4
115
433
172
344
37
85
276
304
445
127
258
402
13
187
207
217
28
53
76
240
315
368
409
140
355
425
94
324
390
119
59
106
340
441
133
377
176
221
254
0
144
164
271
279
431
69
199
310
331
8
22
80
234
263
32
40
183
192
289
356
385
399
419
100
319
301
88
149
156
242
345
126
228
362
432
12
373
206
446
46
61
92
104
171
251
275
407
389
134
305
336
351
296
216
311
121
244
16
33
41
71
98
264
423
200
280
411
398
1
128
23
112
108
55
77
370
224
209
162
188
286
321
394
327
358
374
47
63
84
148
381
229
268
346
440
2
448
3
5
7
9
120
328
10
14
17
39
143
19
21
307
136
25
26
27
30
62
34
201
35
38
42
272
293
48
49
51
95
152
56
231
57
430
350
64
67
68
72
73
78
79
83
189
288
86
87
91
90
249
96
99
103
426
163
105
107
111
141
273
113
236
116
117
118
124
125
129
131
135
137
142
147
150
154
202
157
158
159
165
167
169
173
410
174
175
179
180
181
184
185
383
191
193
195
197
387
204
208
210
214
215
380
218
219
223
225
232
233
237
238
241
245
246
250
253
255
257
365
260
261
265
269
277
281
282
287
290
294
371
318
297
298
302
303
309
312
313
317
418
322
323
439
329
332
333
337
338
342
343
427
347
353
354
360
361
366
367
375
376
382
388
392
393
397
400
401
405
406
412
414
416
421
422
429
434
435
443
444
