5
69
64
42
48
190
139
224
88
183
173
207
193
213
21
9
16
25
29
33
37
52
56
60
211
97
83
101
105
109
113
120
124
128
132
143
147
151
160
164
168
197
201
219
228
232
236
240
244
72
93
135
176
0
3
18
39
247
85
170
203
221
1
249
2
4
155
6
44
7
8
10
11
12
13
14
15
17
19
20
67
22
23
24
26
27
28
30
31
32
34
35
36
38
40
41
43
45
46
47
49
90
50
51
53
54
55
57
58
59
61
62
63
65
66
68
70
116
186
71
73
74
75
76
77
78
79
80
81
82
84
86
87
89
96
91
92
94
95
98
99
100
102
103
104
106
107
108
110
111
112
114
115
117
118
119
121
122
123
125
126
127
129
130
131
133
134
136
137
138
140
215
141
142
144
145
146
148
149
150
152
153
154
156
157
158
159
161
162
163
165
166
167
169
171
172
174
175
177
178
179
180
181
182
184
185
187
188
189
191
192
194
195
196
198
199
200
202
204
205
206
208
209
210
212
214
216
217
218
220
222
223
225
226
227
229
230
231
233
234
235
237
238
239
241
242
243
245
246
248
