248
187
85
0
80
140
315
231
209
196
302
180
35
125
47
137
164
225
264
147
202
97
347
270
276
118
191
235
324
286
10
17
332
168
107
343
2
297
159
131
32
313
90
25
249
215
59
103
173
227
40
65
305
153
278
243
258
291
218
338
50
75
182
322
128
93
176
310
144
212
100
110
156
199
238
253
273
281
327
28
43
115
222
318
66
13
150
335
22
81
229
294
6
71
55
120
46
62
266
287
342
160
169
192
203
244
39
87
133
179
94
104
123
300
306
331
262
184
232
255
9
29
51
72
77
163
172
195
219
269
141
239
319
312
3
20
84
116
127
136
146
213
275
98
224
36
290
57
106
339
205
346
245
283
293
326
61
68
188
89
303
175
198
256
261
279
1
349
348
132
337
4
254
259
5
8
7
11
12
265
14
15
16
18
19
21
23
24
26
27
236
30
31
33
34
223
37
38
41
42
44
45
48
143
49
111
52
53
54
56
58
60
63
64
67
69
70
73
74
76
78
79
82
101
83
86
282
88
91
92
95
96
99
102
105
108
109
201
139
112
113
114
117
119
121
122
124
126
154
129
130
190
134
135
138
204
142
145
334
148
149
289
151
152
155
157
158
161
162
165
166
320
167
170
171
174
177
178
181
183
250
185
186
189
323
193
194
197
329
252
200
206
207
208
210
211
214
216
217
220
221
226
307
228
230
233
241
234
237
240
242
246
247
251
257
260
263
267
268
271
272
298
274
277
280
284
285
288
292
295
296
299
301
304
308
309
311
314
316
317
321
325
328
330
333
336
340
341
344
345
