45
186
145
30
106
223
157
95
79
15
33
152
189
217
57
22
236
64
71
86
130
137
178
196
203
165
229
249
6
38
209
241
50
100
172
111
123
25
74
140
181
10
89
244
18
41
67
82
133
193
200
232
103
161
168
213
220
2
60
120
206
127
226
146
54
94
110
175
46
237
115
156
26
34
75
182
7
99
141
248
13
19
49
68
83
134
149
190
197
90
37
61
107
164
210
216
233
240
29
42
78
117
126
169
185
202
222
176
227
1
160
51
96
112
142
153
243
14
21
63
70
85
102
129
136
192
205
0
3
4
5
8
9
11
12
16
17
20
23
24
27
28
31
32
151
35
212
36
39
40
43
44
47
121
48
52
53
55
56
58
59
118
62
65
66
69
72
73
76
77
80
81
124
84
87
88
91
92
93
97
98
101
104
105
108
109
113
114
116
119
122
125
128
131
132
135
138
139
143
144
147
148
150
154
155
158
159
162
163
166
167
170
171
173
174
177
179
180
183
184
187
188
191
194
195
198
199
201
204
207
208
211
214
215
218
219
221
224
225
246
228
230
231
234
235
238
239
242
245
247
