14
231
173
99
38
72
125
198
146
249
161
220
81
149
212
52
97
195
245
3
10
18
22
42
46
56
65
123
77
90
170
105
109
113
117
129
137
165
183
201
205
216
68
93
190
208
48
83
119
222
227
236
241
30
58
131
139
143
192
0
1
2
4
5
6
7
8
9
11
12
13
15
168
16
17
19
20
21
23
24
25
26
27
28
29
31
32
33
199
34
35
247
36
37
158
39
234
40
41
43
44
45
47
49
50
51
53
174
54
55
57
59
60
61
98
62
63
64
66
67
69
70
71
73
74
75
76
78
79
80
82
154
84
85
86
87
88
89
91
92
94
95
96
233
225
100
101
102
103
104
106
107
108
110
111
112
114
115
116
118
120
121
122
141
124
126
157
127
128
130
132
133
134
135
136
138
140
142
144
145
186
147
148
150
151
152
153
155
156
159
160
162
163
164
166
167
169
171
172
175
176
177
178
179
180
181
182
184
185
187
188
189
191
193
194
196
197
200
202
203
204
206
207
209
210
211
213
214
215
217
218
219
221
223
224
226
228
229
230
232
235
237
238
239
240
242
243
244
246
248
