286
315
403
344
128
20
100
92
246
226
328
434
183
80
380
148
375
269
136
308
3
352
276
64
262
188
444
110
395
238
119
208
59
419
196
37
179
78
27
10
216
44
294
228
370
143
51
254
234
279
396
448
166
247
316
345
55
240
177
336
187
153
170
391
36
66
423
160
203
430
118
285
412
361
101
217
310
130
273
192
300
258
85
111
335
324
357
71
377
291
6
16
314
407
209
239
443
414
28
221
365
91
387
155
176
56
122
23
137
449
438
198
382
424
320
159
35
49
70
402
105
304
86
268
369
171
281
334
204
295
230
251
76
115
340
126
147
164
212
15
60
180
96
356
418
261
330
222
5
389
429
348
287
277
47
197
19
154
245
323
406
397
42
32
139
428
306
442
87
232
257
373
9
131
213
363
383
267
24
106
184
165
50
65
293
339
411
117
420
75
191
311
0
94
322
149
272
175
220
390
401
252
298
142
349
202
329
14
82
99
132
241
280
374
433
289
4
38
45
54
123
158
224
235
364
415
439
61
408
425
260
22
31
90
107
113
182
210
342
318
447
8
168
394
141
199
151
193
133
250
172
350
214
242
386
282
331
379
229
265
309
358
1
2
109
421
355
7
11
12
13
68
17
18
21
120
25
26
29
30
299
33
34
341
39
40
297
41
43
46
48
52
53
57
58
436
145
98
62
63
435
410
67
69
72
73
74
181
77
79
93
81
83
219
200
84
88
89
95
186
445
97
102
103
104
108
112
152
114
367
116
121
124
125
263
127
129
326
134
135
138
140
378
144
146
150
156
157
161
162
163
167
169
305
173
174
178
301
313
185
207
189
190
194
195
347
201
237
205
206
211
359
215
218
404
223
225
227
231
233
236
243
354
384
244
248
249
290
303
253
255
256
259
264
266
270
271
274
275
278
283
284
288
431
292
296
376
302
307
427
312
317
319
321
325
327
332
333
337
338
343
346
351
353
360
362
366
368
371
372
381
385
388
392
393
398
399
400
405
409
413
416
417
422
426
432
437
440
441
446
