18
17
112
40
80
170
137
183
58
207
41
14
77
155
226
248
126
158
193
139
246
173
4
54
93
69
247
113
32
222
239
175
19
102
29
122
167
84
57
210
159
146
91
12
221
188
138
39
232
52
199
100
115
70
130
149
185
228
110
244
196
38
151
215
8
74
92
176
55
206
128
111
238
16
190
79
63
218
30
90
240
174
214
120
48
187
250
131
161
101
198
147
49
66
31
223
88
164
133
20
197
152
129
177
72
231
249
114
209
50
7
96
148
61
172
28
224
201
245
105
71
121
46
11
162
81
189
212
141
234
62
94
22
123
168
44
184
9
78
150
104
204
229
35
140
125
60
89
160
6
220
26
103
235
178
43
200
136
5
186
116
59
73
27
169
106
237
82
51
124
213
157
3
142
36
182
21
195
208
95
68
85
166
225
127
0
42
156
179
1
2
10
13
15
230
233
117
203
23
143
34
24
25
219
243
99
236
33
37
192
45
47
227
53
56
163
211
64
65
241
67
75
76
83
153
86
87
108
97
98
107
109
118
119
134
132
135
144
145
154
242
165
205
171
216
180
181
191
194
202
217
