344
183
238
36
297
97
32
269
351
285
250
197
119
147
334
177
202
136
71
325
396
232
315
294
90
127
44
78
221
374
264
277
338
362
3
23
355
107
348
87
180
161
224
47
156
215
252
61
286
367
384
185
10
169
259
17
53
99
139
208
301
379
389
66
309
243
337
113
172
225
272
328
27
81
104
130
122
150
291
319
399
74
189
370
255
57
281
237
41
50
165
205
229
304
13
143
312
392
350
67
84
110
263
378
385
198
214
244
94
153
6
22
31
276
134
322
340
363
173
331
373
103
268
219
258
290
38
118
124
234
249
299
345
158
209
358
9
28
58
63
75
131
195
240
316
366
381
388
2
18
70
168
186
201
273
354
33
86
146
176
228
303
326
52
108
330
296
46
142
89
100
283
191
216
260
265
278
287
341
375
12
162
395
77
116
121
149
210
245
311
369
0
1
4
5
318
8
7
11
16
14
15
19
20
21
24
25
246
26
29
30
34
393
152
335
35
37
98
39
40
42
43
45
48
49
125
51
54
222
55
56
59
60
62
64
65
68
69
72
73
347
76
79
80
346
82
83
85
88
91
92
306
93
95
96
101
115
102
105
106
109
111
112
114
117
120
128
123
126
129
132
133
135
137
138
307
140
141
144
145
148
154
193
151
155
157
164
159
160
163
166
167
170
171
174
175
178
179
181
182
305
184
187
188
190
192
236
339
194
196
230
199
200
203
204
206
207
211
212
213
217
218
220
223
226
284
227
357
231
233
235
239
241
242
247
248
251
253
254
349
256
257
261
262
266
267
270
271
274
275
279
280
282
288
289
292
293
295
298
300
398
302
308
310
313
314
317
320
321
323
324
327
329
332
333
336
342
343
356
352
359
353
360
361
364
365
368
371
372
376
377
380
382
383
386
387
390
391
394
397
