228
209
79
12
32
234
69
158
137
118
54
127
199
155
210
83
102
39
175
141
15
47
247
29
70
167
99
150
180
214
206
187
135
6
107
160
59
242
188
233
91
62
117
177
4
17
151
218
132
196
106
37
236
128
0
222
58
96
14
40
146
211
186
67
198
116
7
82
168
24
231
100
153
216
84
139
46
71
244
197
124
94
34
53
21
170
226
184
109
86
248
149
163
72
119
45
195
9
22
93
225
35
240
60
148
165
125
178
250
110
48
81
208
224
30
194
68
98
134
13
241
31
126
156
57
174
223
101
207
44
5
138
108
189
75
89
243
28
215
55
203
176
161
123
18
140
111
78
90
3
237
43
204
169
183
133
103
221
23
147
51
64
36
190
8
115
80
159
238
88
200
1
131
26
219
52
73
120
65
10
38
142
232
164
92
173
201
246
192
2
249
245
11
217
179
16
19
20
33
25
27
213
145
227
41
182
42
143
49
50
56
105
112
61
63
229
66
74
76
77
157
85
87
144
95
97
230
104
113
114
121
122
129
152
130
193
136
212
154
191
162
166
171
172
181
185
202
205
220
235
239
