189
210
64
38
125
200
140
215
195
29
43
208
182
147
0
4
8
12
16
20
24
33
47
56
60
67
71
75
78
82
95
102
112
116
120
129
133
152
160
167
176
219
227
231
240
244
51
88
105
136
185
169
204
233
246
35
77
122
142
154
178
197
212
221
1
249
2
3
5
6
7
9
10
11
13
14
15
17
18
19
21
22
23
25
26
27
28
30
31
32
34
36
37
39
91
40
41
42
44
45
46
48
65
49
50
52
53
54
55
57
156
58
59
211
61
62
63
148
223
66
68
69
70
72
73
74
76
145
79
236
80
81
83
84
85
86
87
89
90
92
93
94
96
97
98
99
100
101
103
104
106
107
108
109
110
111
113
114
115
117
118
119
121
123
124
126
127
128
130
131
132
134
135
137
138
139
141
180
143
144
146
149
150
151
153
155
157
158
159
161
162
163
164
165
166
168
170
171
172
173
174
175
177
179
181
183
184
186
187
188
190
191
192
193
194
196
198
199
201
202
209
203
205
206
207
213
214
216
217
218
220
222
224
225
226
228
229
230
232
234
235
237
238
239
241
242
243
245
247
248
