24
86
375
330
190
238
14
106
394
338
282
7
116
275
243
0
368
181
93
32
153
250
309
8
359
346
212
174
44
295
162
231
62
258
149
75
125
318
110
185
351
264
225
138
80
49
301
130
143
381
372
326
286
88
308
206
95
117
42
179
247
340
61
388
197
218
362
229
166
12
53
27
399
156
69
139
252
268
107
349
121
291
322
36
201
170
100
57
355
151
313
302
379
76
161
257
134
334
219
13
387
281
364
205
236
23
68
147
269
84
194
40
183
48
296
342
224
373
317
175
262
287
395
28
102
3
19
273
324
353
94
55
211
168
237
111
129
119
70
384
34
366
189
251
280
303
63
199
79
142
230
328
344
160
244
89
357
389
38
135
223
263
4
290
377
18
54
169
214
256
99
310
319
182
204
124
85
115
337
195
272
329
46
383
350
393
144
367
30
173
242
276
9
58
65
72
103
131
155
164
209
233
285
304
358
188
267
297
314
323
50
81
90
112
120
177
336
22
216
378
398
222
15
136
39
371
96
345
198
226
253
2
246
292
277
397
232
1
5
6
10
11
274
16
127
305
17
21
20
25
26
192
299
29
245
31
33
73
35
37
41
43
45
157
47
184
51
52
278
150
56
59
60
64
356
71
66
67
74
77
331
78
82
83
87
312
91
92
141
390
97
98
293
101
104
105
108
109
380
113
114
118
392
122
123
126
128
154
132
133
137
140
145
146
148
307
152
207
158
159
333
163
178
165
186
167
171
172
176
180
202
294
187
191
193
239
196
200
203
208
210
213
215
217
220
221
227
228
332
234
235
240
241
248
249
283
254
255
259
260
261
265
266
270
271
279
284
288
289
298
300
306
311
391
315
316
320
321
325
327
335
339
341
361
343
347
348
352
354
360
363
365
369
370
374
376
382
385
386
396
