212
290
283
91
203
9
116
327
171
78
269
105
254
128
279
43
238
302
228
14
28
70
156
182
345
4
40
207
101
251
321
316
131
57
79
166
139
221
110
36
90
50
333
275
191
172
201
121
309
98
0
341
21
62
267
227
144
177
244
84
334
233
215
262
136
188
348
47
7
162
297
54
124
25
33
204
218
18
65
74
153
306
115
95
185
272
287
280
85
143
178
248
259
322
340
232
312
103
195
208
167
328
132
240
58
120
1
44
51
159
222
255
264
37
294
125
192
10
22
66
75
81
150
112
135
146
174
235
243
276
299
318
344
140
211
336
29
181
199
305
325
332
86
99
284
216
258
15
315
31
59
92
117
163
168
186
229
3
109
11
268
46
252
53
127
271
349
2
16
5
6
8
197
179
12
13
42
17
19
20
23
24
26
27
30
324
32
34
35
67
38
39
41
245
45
48
49
80
52
55
56
60
61
63
64
68
69
72
281
307
71
73
76
77
148
82
83
87
88
89
93
293
94
96
97
100
107
102
104
301
106
108
111
113
114
118
296
119
122
123
126
129
263
130
133
237
134
137
138
214
141
142
145
147
149
151
152
154
155
157
158
190
160
161
164
165
169
170
173
183
175
176
180
184
292
187
189
193
194
196
198
200
202
313
205
206
209
223
210
308
213
217
219
220
265
224
225
226
230
231
234
236
239
241
242
246
247
249
250
253
256
257
260
261
266
330
270
273
274
277
278
282
285
286
288
289
291
295
298
300
303
304
310
311
314
317
319
320
323
338
326
329
331
335
337
339
342
343
346
347
