173
28
42
168
202
82
130
249
48
19
191
117
54
228
148
102
63
139
35
13
75
184
212
90
164
108
67
197
127
237
177
5
60
38
122
112
156
150
187
223
243
100
95
114
159
106
83
232
216
72
180
6
87
78
143
246
133
153
118
10
2
22
32
205
43
103
123
198
49
240
224
160
211
66
147
169
190
25
57
91
109
137
181
71
97
227
14
39
79
163
218
236
52
86
176
194
0
29
46
61
126
154
244
185
172
111
119
131
215
144
231
15
34
74
92
138
207
239
1
248
3
4
7
17
8
167
9
11
12
201
142
16
18
20
21
221
23
24
26
27
96
30
31
33
36
37
40
229
41
44
165
45
47
50
206
51
53
55
56
219
58
59
62
64
65
68
69
208
70
73
76
77
234
80
81
84
149
85
88
89
193
93
94
98
99
101
104
105
107
110
135
113
170
115
116
199
120
121
124
125
128
129
132
134
136
140
141
145
146
151
152
155
157
158
161
162
166
213
171
175
174
178
179
192
182
183
186
188
189
195
196
200
204
203
210
209
214
217
220
222
225
226
230
233
235
238
241
242
245
247
