45
171
99
218
194
79
127
215
24
155
91
182
69
12
206
231
84
246
122
73
239
142
105
225
204
167
191
179
135
95
50
35
154
27
41
124
75
96
68
49
220
134
166
20
147
249
175
159
80
241
108
192
89
213
32
55
227
151
13
51
120
70
178
4
112
42
66
137
172
25
103
200
247
123
233
6
208
58
156
216
193
145
82
29
110
18
174
59
125
40
5
157
189
93
144
235
109
209
26
248
44
196
164
17
131
181
153
65
83
107
9
115
33
224
199
62
98
183
140
242
47
207
126
86
162
34
15
234
54
71
221
185
116
146
1
165
138
202
100
81
16
61
118
211
37
173
190
130
90
226
2
152
238
23
223
111
76
57
197
180
97
139
163
8
214
52
119
243
31
63
72
230
128
184
143
88
39
102
7
201
0
19
158
217
169
3
245
10
11
14
21
22
132
28
30
229
228
244
232
36
38
236
43
46
205
48
92
53
56
117
60
64
67
150
74
186
77
78
113
85
168
87
136
195
94
177
101
114
104
106
219
121
198
129
160
133
141
149
148
210
161
222
170
176
237
240
187
188
203
212
