104
172
82
186
67
146
122
35
181
71
1
156
175
115
23
141
58
81
48
103
165
86
30
134
151
21
170
6
112
36
60
95
193
177
13
129
185
44
0
160
90
77
99
56
14
139
120
192
28
127
111
66
43
145
155
164
32
19
52
94
135
174
9
75
62
196
101
37
147
107
131
182
166
116
24
54
123
189
4
42
85
154
140
65
159
15
72
176
194
49
92
25
124
8
105
150
96
168
187
198
31
76
61
133
18
180
53
83
109
117
38
7
161
45
89
68
97
128
142
149
169
199
2
3
197
50
5
10
11
12
16
17
20
22
91
26
27
29
33
34
79
39
40
41
46
47
51
55
57
59
63
64
69
118
70
73
74
78
80
84
87
88
93
98
100
102
106
108
110
113
114
119
121
125
126
130
132
136
137
138
143
144
148
152
153
157
158
162
163
167
171
173
178
179
183
184
188
190
191
195
