142
42
20
227
186
5
133
170
109
121
72
247
149
96
211
43
1
155
202
217
234
81
178
162
50
75
200
21
41
199
145
221
105
185
244
69
138
92
209
56
7
99
125
233
139
22
98
77
167
127
218
53
192
107
151
220
62
176
38
14
89
207
128
115
189
158
140
28
179
240
229
152
44
168
9
210
63
30
113
11
87
239
52
131
183
161
36
246
106
79
64
117
205
29
3
193
213
153
71
232
97
15
136
54
78
169
119
242
223
31
90
103
195
160
4
19
60
212
110
123
39
177
147
46
194
66
130
83
225
248
171
27
116
13
146
100
201
159
219
184
235
86
70
134
35
57
47
245
12
114
93
148
80
23
124
68
204
191
108
141
163
172
226
37
237
2
24
61
49
82
214
132
196
181
0
249
65
6
8
73
10
150
40
16
157
17
18
165
236
25
243
26
32
33
34
230
45
55
174
76
48
51
206
180
175
58
59
188
67
208
91
74
190
84
85
88
94
95
101
173
102
111
104
112
118
231
120
122
126
238
129
182
135
156
137
144
143
154
164
166
198
222
216
187
228
197
203
215
224
241
