62
143
26
249
239
11
35
204
130
234
156
100
39
162
32
123
50
69
109
228
6
104
146
93
42
191
211
57
76
18
84
153
136
240
168
179
197
219
186
232
21
72
79
172
246
90
225
14
53
97
127
139
158
46
206
215
3
29
65
113
165
183
200
194
133
149
175
118
58
105
222
243
7
22
80
34
121
210
15
140
231
68
96
126
180
187
216
25
43
49
83
108
150
169
201
0
10
54
101
236
114
61
87
132
160
195
37
190
75
116
163
176
207
17
31
135
142
227
242
1
2
248
4
5
8
154
9
12
13
16
19
20
23
24
27
28
245
30
33
71
145
36
88
38
40
41
110
44
235
45
47
48
51
52
115
55
56
59
120
60
63
64
205
66
67
70
73
74
77
78
81
82
85
86
212
89
91
237
92
94
95
173
98
99
102
224
103
106
203
107
111
112
117
119
122
124
125
128
129
131
134
137
138
141
144
184
147
148
151
152
155
157
159
161
164
166
167
170
171
174
177
178
181
182
185
188
189
192
193
196
198
199
202
208
209
213
214
217
218
220
221
223
226
229
230
233
238
241
244
247
