67
18
245
234
10
38
58
86
182
45
213
6
127
247
78
31
229
1
14
22
49
53
62
90
94
98
110
114
118
122
133
137
141
151
155
163
173
190
194
198
202
206
217
221
238
27
41
82
144
166
185
209
241
3
55
64
104
124
157
175
179
223
231
0
249
2
4
5
7
102
8
9
11
188
12
13
15
16
17
19
128
20
21
23
24
189
25
26
28
29
30
32
33
34
129
35
36
37
39
106
40
42
43
44
46
70
47
48
50
51
52
54
56
57
59
101
60
61
63
65
66
68
227
69
71
72
73
74
75
76
77
79
225
80
81
83
84
85
87
147
88
89
91
92
93
95
96
97
99
100
103
105
107
108
109
111
112
113
115
116
117
119
120
121
123
125
126
169
130
131
132
134
135
136
138
139
140
142
143
145
146
148
149
150
152
153
154
156
158
159
160
161
162
164
165
167
168
170
171
172
174
176
177
178
180
181
183
184
186
187
191
192
193
195
196
197
199
200
201
203
204
205
207
208
210
211
212
214
215
216
218
219
220
222
224
226
228
230
232
233
235
236
237
239
240
242
243
244
246
248
