156
419
386
204
468
316
131
443
286
9
214
247
221
264
20
191
444
168
30
424
1
376
40
329
16
278
258
307
109
60
84
472
296
72
339
359
449
373
49
149
480
55
408
6
381
207
25
66
312
434
491
179
462
356
98
161
106
362
232
291
394
217
487
456
370
496
79
137
284
350
253
144
431
244
90
100
439
272
301
259
324
122
226
413
173
31
238
43
83
112
333
185
0
202
36
343
402
197
389
75
483
12
63
164
210
304
319
465
476
134
268
336
353
416
453
46
91
103
140
152
176
367
276
127
347
405
330
24
117
182
229
241
252
290
297
382
436
311
323
427
395
495
56
69
87
220
263
121
448
459
488
5
160
283
13
435
94
147
171
188
194
211
409
51
235
469
21
27
39
59
80
133
379
224
249
255
275
293
300
308
326
340
385
391
422
479
205
165
315
398
440
484
349
415
141
33
45
99
114
124
180
199
287
371
460
473
492
64
104
151
215
334
354
499
2
271
15
279
118
157
364
426
227
240
246
260
265
320
445
463
8
86
136
170
234
303
450
498
96
3
4
7
34
10
11
14
17
18
361
19
22
454
196
23
26
28
29
32
358
470
35
37
38
41
489
399
42
44
47
48
50
129
52
53
54
57
76
58
61
62
65
67
68
70
71
73
74
77
78
81
82
85
155
423
88
89
92
93
95
97
193
101
102
400
105
107
108
130
110
111
153
113
115
116
119
120
123
125
126
128
132
457
135
138
139
142
143
145
146
148
150
281
154
158
159
162
163
166
167
169
172
245
174
175
177
178
181
183
184
187
186
189
190
192
342
195
198
200
201
203
206
365
208
209
318
212
213
216
430
218
219
222
451
223
225
228
230
231
233
236
237
239
242
243
248
375
250
251
254
256
257
261
262
266
267
269
270
273
274
277
280
344
282
285
390
288
289
292
294
295
298
397
299
302
305
306
309
310
313
314
317
396
360
321
322
325
327
328
331
421
332
335
337
338
341
345
346
348
351
352
355
357
433
363
475
366
368
369
372
374
428
377
378
380
383
384
387
388
410
392
393
401
403
404
406
407
411
412
414
417
418
420
425
429
432
437
455
442
438
441
446
447
494
452
458
461
464
466
467
471
474
477
478
481
482
485
486
490
493
497
