378
335
954
1014
720
547
937
304
532
940
683
286
763
574
1043
702
360
112
38
336
984
587
1117
192
444
618
419
912
2
511
265
227
1098
119
407
809
729
660
109
311
863
838
75
1121
155
72
690
1087
371
754
583
557
301
846
4
724
793
298
402
85
131
480
323
665
14
217
526
899
964
868
1134
1080
1063
929
539
989
942
8
447
1078
253
811
510
889
415
595
620
918
198
471
438
1044
803
183
257
757
978
767
1120
150
623
870
1019
975
294
652
733
828
1055
89
233
503
12
70
268
784
467
649
127
179
571
229
430
737
881
110
215
399
485
615
694
1022
1090
342
364
373
475
514
833
541
550
625
955
721
774
904
843
187
523
697
798
1006
1129
142
157
196
331
449
592
670
907
395
841
865
1067
1009
28
160
220
250
270
759
1024
611
973
1048
423
114
289
328
433
552
628
647
947
505
933
796
1051
15
22
77
397
997
877
916
1132
145
478
518
576
663
667
982
1026
1075
24
742
412
451
920
521
1085
1107
613
772
826
16
27
952
107
124
162
306
340
376
442
487
559
630
685
885
82
210
555
719
971
1060
258
738
1116
128
184
234
496
651
656
756
893
1094
79
91
204
390
318
359
361
698
468
591
604
682
700
1096
174
285
287
581
769
829
944
1112
791
855
1035
212
261
326
600
874
901
985
1001
1011
1046
806
819
137
147
194
225
343
409
507
808
851
1033
243
711
923
96
260
275
296
368
388
425
466
548
537
887
590
642
707
728
749
884
909
1099
1127
67
105
440
164
224
321
357
385
470
490
637
687
781
836
1010
1056
1103
1136
1071
121
129
181
191
208
238
246
816
528
731
994
1114
63
171
19
133
167
195
241
992
437
456
545
564
579
745
801
1038
1139
639
891
87
102
678
272
282
308
347
1053
400
404
616
654
848
858
935
959
23
381
199
494
534
709
761
968
1021
1125
1070
86
140
292
320
354
421
633
461
509
593
913
758
674
777
788
906
956
1029
1089
30
970
999
143
153
1008
256
417
333
338
608
498
569
873
712
872
821
839
882
896
945
1124
452
426
805
1012
1109
18
29
675
783
716
297
324
554
658
680
689
770
861
930
1041
1091
1
17
927
172
176
502
202
231
245
349
500
543
640
661
813
699
735
765
823
844
897
990
1068
1105
0
3
5
6
99
435
7
9
10
135
11
13
207
20
21
25
26
279
315
31
32
237
33
34
351
35
36
37
387
39
40
41
42
43
44
45
46
459
47
48
49
50
495
51
52
53
54
531
55
56
111
57
58
567
59
60
61
62
603
209
747
392
963
751
211
669
69
64
65
71
66
73
68
74
76
78
946
80
81
795
83
84
88
90
938
92
93
94
95
97
98
100
106
101
108
103
104
113
115
116
117
118
612
120
122
123
125
1015
126
130
132
134
568
1082
267
926
141
136
138
144
139
146
148
149
151
152
154
156
158
159
161
163
165
166
168
169
170
177
178
173
180
175
182
185
186
188
189
962
190
193
197
200
201
650
203
205
206
849
213
214
216
218
219
221
222
223
226
228
230
232
565
235
236
239
240
242
249
244
251
252
247
248
254
255
259
262
263
264
266
269
271
273
274
276
277
278
280
281
288
283
284
290
291
465
753
293
295
299
300
530
302
303
463
305
307
309
310
513
312
313
314
575
316
322
317
319
325
626
327
329
330
332
334
337
339
341
344
345
346
348
350
352
358
353
355
356
362
363
365
366
516
367
369
370
372
374
375
377
379
380
382
383
384
491
386
393
394
389
396
391
398
401
403
405
406
408
831
410
411
413
414
416
418
420
422
429
424
431
432
427
428
434
436
439
441
443
445
446
448
450
453
454
455
457
458
460
462
469
464
472
473
474
476
477
479
481
482
483
484
486
488
489
492
493
501
497
504
499
506
508
512
515
922
517
519
520
522
524
924
525
527
529
627
538
533
597
540
535
536
542
544
546
718
549
551
553
556
558
560
561
864
562
563
566
573
570
577
572
578
580
582
584
585
586
588
589
594
596
794
598
599
601
673
602
609
610
605
606
607
614
617
619
890
621
622
624
1101
726
629
631
632
634
635
636
638
645
646
641
648
643
644
653
655
657
960
659
662
664
666
668
671
672
681
676
677
684
679
686
688
886
691
692
693
695
696
701
703
704
705
706
708
1130
710
717
713
714
715
722
723
725
1128
727
934
730
732
734
736
739
740
741
743
744
746
748
755
750
752
760
800
762
764
766
768
771
773
775
776
778
779
780
782
789
790
785
786
792
787
797
799
802
804
807
810
812
814
815
817
818
825
820
827
822
824
830
832
834
835
837
840
842
845
847
850
852
853
854
856
862
857
859
860
866
867
869
871
875
876
878
879
880
883
888
892
898
894
900
895
902
903
905
908
910
911
914
915
917
919
921
925
928
1100
936
931
932
939
941
943
948
949
950
951
953
957
958
961
969
965
966
972
967
974
976
977
979
980
981
983
986
987
988
991
993
995
996
998
1005
1000
1007
1002
1003
1004
1013
1016
1017
1018
1020
1028
1023
1025
1027
1030
1031
1032
1034
1036
1042
1037
1039
1040
1045
1047
1049
1050
1052
1054
1057
1058
1059
1061
1062
1064
1065
1066
1069
1077
1072
1073
1079
1074
1081
1076
1104
1083
1084
1086
1088
1092
1093
1095
1097
1102
1106
1113
1108
1115
1110
1111
1118
1135
1119
1122
1123
1126
1131
1133
1137
1138
1140
1141
1142
