23
2
26
13
3
118
4
17
16
108
14
198
25
15
18
82
214
21
233
19
113
88
174
249
163
243
254
0
73
24
146
93
208
140
123
203
238
159
228
70
192
98
103
218
223
258
213
81
63
83
128
133
148
153
168
178
183
193
22
68
27
190
121
138
166
144
96
248
253
90
29
158
173
100
244
235
64
74
195
115
135
84
104
109
124
129
149
154
169
179
184
199
204
209
224
219
229
239
259
1
5
6
51
7
8
78
9
10
11
12
20
28
87
30
31
32
33
34
143
35
36
37
38
39
40
41
42
43
44
45
46
47
48
236
49
50
52
188
53
54
232
55
56
57
58
59
60
61
62
119
217
66
67
65
69
71
72
76
77
75
79
80
212
86
85
89
91
92
94
97
95
216
99
101
102
106
107
105
111
112
110
114
116
117
122
120
126
127
125
131
132
130
134
136
137
139
141
142
147
145
261
151
152
150
156
157
155
161
162
160
164
167
165
241
171
172
170
176
177
175
181
182
180
186
187
185
189
191
194
196
197
201
202
200
206
207
205
211
210
215
221
222
220
226
227
225
231
230
234
237
242
240
246
247
245
251
252
250
256
257
255
262
260
