103
1
6
154
83
118
12
123
10
193
63
30
18
28
20
15
188
159
179
164
198
203
208
73
98
183
2
168
173
128
148
109
3
81
143
161
68
88
93
113
133
138
153
11
19
21
178
189
175
79
101
104
121
163
186
108
170
64
69
74
84
209
89
94
114
124
129
134
139
144
149
204
194
199
0
4
187
5
7
8
172
9
13
14
78
16
17
22
23
24
25
26
27
29
31
32
141
33
34
35
36
37
38
39
40
41
42
43
44
45
46
47
48
49
50
51
52
58
53
54
55
56
57
59
60
61
62
158
66
67
65
71
72
70
76
77
75
82
80
211
86
87
85
91
92
90
96
97
95
99
102
100
196
106
107
147
105
111
112
110
191
116
117
115
119
122
120
155
126
127
167
125
131
132
130
136
137
135
142
140
146
145
151
152
150
156
157
171
162
160
166
165
169
174
176
177
206
181
182
180
184
185
192
190
197
195
201
202
200
207
205
212
210
