300
378
83
193
268
348
127
285
323
366
258
221
18
155
113
336
400
270
160
91
396
181
265
190
313
318
294
220
234
409
73
6
150
363
64
179
253
333
373
286
413
108
118
223
238
359
78
198
343
404
167
208
250
282
304
1
142
157
370
88
272
328
172
115
125
351
216
331
341
12
145
153
86
76
186
263
289
20
177
106
361
299
389
406
383
414
196
226
24
229
399
164
301
30
71
291
276
96
120
137
203
245
255
397
67
326
21
130
103
200
233
306
376
380
394
416
7
162
211
236
340
418
315
69
74
111
122
184
296
148
213
354
287
401
4
17
27
176
358
5
93
140
248
309
387
84
101
132
368
201
251
261
324
338
391
240
143
218
225
273
321
292
365
420
135
279
89
209
329
345
375
402
0
2
63
3
8
9
10
11
13
14
99
15
16
19
22
23
25
26
28
29
31
32
33
34
35
36
37
38
171
325
39
40
41
42
266
43
44
342
45
46
47
48
49
50
207
51
52
53
54
55
56
57
58
59
60
61
62
243
70
65
66
72
68
384
75
77
79
80
173
81
82
85
87
90
92
94
95
97
310
98
105
100
107
102
109
104
110
112
114
116
117
119
121
123
124
126
128
129
131
133
239
214
134
141
136
138
144
139
146
147
149
151
152
154
156
158
159
206
161
163
165
166
168
169
170
277
178
174
180
175
182
183
185
187
317
188
189
191
192
194
195
197
199
357
202
204
205
410
379
215
210
217
212
219
222
224
385
227
228
230
231
232
235
237
241
242
249
244
246
252
247
254
256
257
259
417
260
262
264
267
269
271
274
275
278
344
280
281
288
283
284
290
314
316
293
295
297
298
302
303
305
307
308
311
312
322
319
320
327
330
332
334
335
337
339
346
347
349
350
411
352
353
360
355
356
362
364
367
369
371
372
374
377
381
382
386
393
388
395
390
398
392
403
405
407
408
412
415
419
421
422
