265
185
84
221
406
149
347
289
4
107
121
372
298
193
216
280
232
126
71
340
324
413
137
181
178
118
379
150
403
88
257
288
219
342
364
162
303
264
329
6
229
306
410
395
12
197
268
360
79
154
63
351
286
337
250
369
114
260
234
301
322
276
145
91
123
377
66
76
408
190
367
157
236
252
293
22
23
315
109
214
3
179
142
387
415
198
348
386
396
106
160
217
239
325
18
30
83
131
333
353
399
279
261
311
74
188
247
269
382
24
92
95
128
164
167
174
195
296
332
362
418
205
335
391
15
135
27
227
394
358
81
102
111
209
224
271
308
19
25
119
317
344
243
140
370
171
345
116
159
299
420
225
72
282
0
69
90
186
202
253
255
99
274
278
124
138
310
211
319
327
416
1
2
5
7
8
9
10
11
13
14
16
17
20
21
26
28
29
31
32
33
34
35
36
37
38
39
40
41
42
43
44
45
46
168
47
48
127
49
50
207
51
52
53
54
55
56
57
58
59
60
61
62
323
363
64
407
70
65
67
73
68
75
77
78
80
82
85
86
87
89
146
93
94
96
97
98
404
105
100
101
108
103
104
110
112
113
115
117
120
122
125
129
194
130
132
133
134
141
136
238
143
144
139
147
148
151
152
153
155
307
156
158
161
163
165
166
169
170
177
172
173
180
175
176
182
183
184
405
187
189
191
192
196
199
200
201
203
204
206
213
208
215
210
212
218
220
222
321
223
346
226
228
230
231
233
235
237
240
241
242
249
244
245
251
246
248
254
256
258
259
262
263
266
267
270
284
400
272
273
275
277
285
281
287
283
290
291
292
294
295
297
300
302
304
305
309
312
313
314
316
318
320
326
328
330
331
334
336
338
339
341
343
392
349
350
357
352
359
354
355
361
356
365
366
368
371
373
374
375
376
378
380
381
383
384
385
393
388
389
390
397
398
401
402
409
411
412
414
417
419
421
422
