1062
657
142
659
946
539
875
152
127
408
907
629
897
263
844
364
703
214
790
109
647
1097
78
830
984
507
767
1122
193
202
468
2
947
689
241
798
400
439
567
727
1057
545
223
367
481
971
760
291
446
107
143
334
449
473
576
611
198
337
371
625
1012
511
432
387
1080
622
961
233
1042
124
914
1009
485
256
868
835
1078
190
1115
937
73
163
805
883
866
1026
1099
4
300
81
219
466
587
731
911
558
179
515
977
1133
289
404
323
826
840
1055
120
155
379
534
652
83
763
749
259
394
442
579
661
809
918
1129
14
1107
188
988
696
293
342
942
1019
7
12
97
718
589
967
183
221
270
413
504
553
738
774
864
1090
618
359
522
928
1044
305
550
592
682
899
1005
1087
1126
105
204
480
252
321
785
615
666
950
70
150
330
396
685
700
720
833
991
852
160
765
228
430
802
21
90
116
630
649
1014
11
916
502
1118
756
457
112
186
286
307
344
376
594
736
880
1060
20
1083
415
469
1131
871
1102
954
8
59
823
520
793
979
722
216
613
268
325
437
478
541
935
1021
1024
1092
399
88
126
173
145
574
843
847
904
360
384
1050
22
283
583
894
975
85
537
250
340
391
862
1007
1136
265
310
556
517
810
604
723
739
769
226
447
664
772
709
351
65
129
1047
406
753
876
964
1073
640
119
162
181
295
374
444
952
487
497
654
713
677
687
691
795
989
1039
1140
13
102
147
933
230
245
328
347
548
701
821
857
901
925
1114
133
211
277
591
403
418
427
483
529
563
571
601
632
1033
668
781
812
831
887
1052
1069
1082
1111
26
178
197
238
254
355
281
298
506
581
634
758
814
845
972
1000
80
318
476
492
671
986
1016
1037
63
24
138
167
261
302
369
461
560
725
734
743
873
949
982
996
207
19
423
76
797
200
456
235
644
372
389
509
608
698
921
1029
1106
121
164
609
913
422
525
544
584
679
699
788
890
932
945
1065
1121
1124
32
675
711
747
1071
66
95
153
275
312
332
546
471
842
779
1002
959
352
1048
382
761
729
1110
1134
243
25
855
891
963
637
993
174
549
266
333
598
392
451
518
616
706
770
816
896
135
23
185
257
745
463
488
513
786
882
1045
0
1
3
5
6
99
869
9
10
171
15
16
231
17
18
381
279
27
28
29
30
315
31
33
34
35
36
37
38
39
40
41
42
43
44
426
45
46
459
47
48
49
50
495
51
52
53
54
531
55
56
57
58
60
61
62
603
639
783
819
927
999
759
1035
290
194
69
64
71
72
67
68
74
75
77
79
419
82
84
86
87
712
89
91
92
93
94
96
98
1112
100
106
101
108
103
104
110
111
242
113
114
115
117
118
122
566
123
125
128
130
131
132
627
424
134
365
141
136
137
144
139
140
146
148
484
149
778
859
151
154
156
157
158
159
161
165
166
168
169
170
177
172
180
175
176
182
184
187
189
526
191
192
195
196
199
586
201
203
205
206
885
1032
213
208
209
215
210
217
212
218
386
220
884
222
224
225
227
229
232
234
236
237
239
240
249
244
251
246
247
253
248
255
258
260
262
326
264
267
269
271
272
273
274
276
278
285
280
287
282
288
284
292
294
296
297
867
299
301
303
304
306
308
309
311
313
314
316
322
317
324
319
320
327
670
329
331
335
336
338
339
341
343
345
346
348
349
350
380
357
358
353
354
361
356
362
363
366
368
370
373
931
375
377
895
378
383
385
393
388
395
390
397
398
966
1067
401
402
405
994
407
409
410
1096
411
412
414
416
417
420
421
429
425
431
433
428
434
435
436
438
796
440
441
443
445
448
450
452
750
1109
453
454
455
458
465
460
467
462
464
470
472
958
474
475
477
479
1003
482
486
489
490
491
493
494
501
496
503
498
499
505
500
508
510
512
514
516
519
521
523
524
527
528
530
532
538
533
540
535
1063
536
542
543
1054
547
551
552
554
555
557
559
561
562
564
565
573
568
569
575
570
577
572
578
580
582
585
1053
588
590
593
595
596
597
599
600
602
610
605
606
612
607
614
617
619
620
621
746
623
624
626
628
631
717
633
635
636
704
638
645
646
641
642
648
643
650
651
653
655
656
658
660
662
663
1094
665
1074
667
669
672
673
674
681
676
683
678
684
680
686
688
690
692
693
694
695
697
702
705
707
708
863
710
719
714
715
721
716
724
726
728
730
732
733
735
737
740
741
742
744
748
754
755
751
757
752
762
764
766
768
771
773
775
776
777
780
782
789
784
791
792
787
794
799
800
801
803
804
806
807
808
811
813
815
817
818
825
820
827
822
828
829
824
832
834
836
837
838
839
841
846
848
849
1139
850
851
853
854
1130
861
856
858
865
860
870
872
874
877
878
879
881
886
888
889
892
898
893
900
902
1056
903
905
906
908
909
910
912
915
917
919
920
922
923
924
926
934
929
940
930
936
938
939
941
943
944
948
951
953
955
956
957
960
962
969
970
965
973
968
974
976
990
978
980
981
983
1028
985
987
992
995
997
998
1006
1001
1008
1004
1010
1011
1013
1015
1017
1018
1075
1020
1022
1023
1025
1027
1030
1031
1034
1041
1036
1043
1038
1040
1046
1049
1051
1058
1059
1061
1064
1066
1068
1070
1077
1072
1079
1081
1076
1084
1100
1085
1086
1088
1089
1091
1093
1095
1098
1101
1103
1104
1105
1113
1108
1116
1117
1119
1120
1123
1125
1127
1128
1132
1135
1137
1138
1141
1142
