4
6
7
26
23
21
18
5
27
22
29
1
24
15
19
17
25
81
20
261
28
34
44
30
124
335
245
161
63
75
111
117
129
135
141
147
249
255
273
279
285
291
297
303
309
315
321
339
345
351
357
159
69
87
93
99
105
153
165
171
177
183
189
195
201
207
213
219
225
231
237
267
327
333
128
66
137
156
174
179
197
203
222
243
258
318
323
71
77
83
89
95
101
107
113
119
131
143
149
167
185
191
209
215
227
233
239
251
263
269
275
281
287
293
299
305
311
329
341
347
353
359
0
2
3
8
9
10
82
11
12
13
14
88
16
94
123
31
32
33
35
36
37
38
39
40
41
42
43
45
46
47
48
62
49
50
51
52
53
54
208
214
55
56
57
58
59
60
232
61
64
68
65
67
70
74
72
73
76
80
78
79
86
205
84
85
92
90
91
98
96
97
100
104
102
103
106
110
108
109
112
116
114
115
118
122
120
121
125
126
127
130
134
132
133
136
140
138
139
142
146
144
145
148
152
150
151
154
158
155
157
160
164
162
163
166
170
168
169
172
176
173
175
178
182
180
181
184
188
186
187
190
194
192
193
196
200
198
199
202
206
204
212
210
211
218
216
217
220
224
221
223
226
230
228
229
236
234
235
238
242
240
241
244
248
246
247
250
254
252
253
256
260
257
259
262
266
264
265
268
272
270
271
274
278
276
277
280
284
282
283
286
290
288
289
292
296
294
295
298
302
300
301
304
308
306
307
310
314
312
313
316
320
317
319
322
326
324
325
328
332
330
331
334
338
336
337
340
344
342
343
346
350
348
349
352
356
354
355
358
362
360
361
