0
9
12
3
98
27
93
6
24
88
30
158
10
69
143
123
129
118
133
138
148
153
81
86
145
107
75
29
63
8
108
113
15
128
94
73
23
79
84
106
99
68
64
115
159
89
135
109
119
124
139
149
154
1
2
74
4
5
7
11
13
14
16
17
18
147
19
20
78
103
21
22
137
25
26
83
59
28
31
32
33
34
35
36
37
38
39
40
41
42
43
44
45
46
47
48
49
50
51
52
53
54
55
56
57
58
60
61
62
66
67
65
71
72
70
76
77
130
82
80
87
85
91
92
90
96
97
156
95
127
101
102
100
104
105
111
112
110
114
116
117
121
122
120
126
125
131
132
134
136
141
142
140
144
146
151
152
150
157
155
161
162
160
