184
14
154
148
179
206
85
12
171
207
213
185
242
133
170
4
70
192
121
141
159
231
94
107
87
2
24
123
28
111
209
195
100
219
22
63
225
18
132
153
23
75
25
135
165
237
72
93
175
189
124
81
177
201
183
105
65
89
77
102
113
122
137
143
150
161
221
197
215
227
233
3
21
168
240
19
211
86
96
205
126
130
156
176
190
15
69
99
30
117
235
164
147
64
76
88
106
181
112
217
136
142
199
220
226
13
166
238
0
1
5
6
7
8
9
10
11
16
17
20
26
27
29
31
32
33
34
35
36
37
38
39
40
49
41
42
43
44
157
45
46
129
47
48
50
51
52
53
54
55
56
57
58
59
60
61
62
66
67
68
73
74
71
78
79
80
82
84
83
187
90
91
92
97
98
95
103
104
101
108
109
110
114
115
116
118
120
119
127
128
125
134
131
138
139
140
144
145
146
151
152
149
158
155
160
162
163
169
167
236
172
174
173
178
180
182
234
186
188
193
194
191
196
198
200
202
204
203
208
210
212
214
216
218
222
223
224
228
229
230
232
241
239
