4
6
18
11
12
22
3
30
20
28
15
93
17
0
219
181
16
29
172
225
24
183
195
201
231
141
207
216
69
65
87
105
159
165
189
237
177
220
75
81
99
111
117
123
129
135
147
153
198
213
227
240
176
63
101
108
113
150
71
77
83
89
163
95
119
125
131
137
143
155
167
185
191
203
209
233
222
1
2
5
7
8
9
10
13
14
19
21
23
88
25
26
27
31
32
33
34
35
36
37
38
39
40
41
42
43
44
45
46
47
48
49
50
51
52
53
54
55
56
57
58
59
60
61
62
171
179
64
68
66
67
70
74
72
73
76
80
78
79
82
86
84
85
92
90
91
94
98
96
97
100
104
102
103
106
110
107
109
112
116
114
115
118
122
120
121
124
128
126
127
130
134
132
133
136
140
138
139
142
146
144
145
148
152
149
151
154
158
156
157
160
164
161
162
166
170
168
169
173
174
175
178
182
180
206
184
188
186
187
190
194
192
193
196
200
197
199
202
204
205
208
212
210
211
214
218
215
217
224
221
223
226
230
228
229
232
236
234
235
238
242
239
241
