5740
5075
11937
7854
13915
14673
21863
11313
15549
12257
6638
7858
24920
15045
6282
1142
1143
18995
7851
19675
15885
15884
16906
16907
4492
6636
2380
12258
11699
18077
15027
24226
4020
2927
5070
21551
9070
7955
6631
19307
12206
5225
21864
15039
12059
3902
7855
5069
101
17106
19311
12260
7658
6279
11315
23854
20400
5229
14311
3620
14039
14462
8164
24211
21850
6334
6640
18654
24565
23541
3290
3316
14458
1999
6637
24918
3376
1906
18804
13949
23542
19677
1141
22952
3272
15030
18977
10628
24988
3539
10738
14036
10739
5426
24799
15332
10442
19336
21351
23320
6461
8838
18978
21003
17739
11700
12682
432
14494
17989
3618
11938
17107
10313
9641
14463
24862
3291
3621
18658
197
21865
1941
3236
8510
15029
5731
10400
14312
12599
11289
19679
24227
5159
21029
12597
15550
3777
15641
24915
10643
22744
7849
18980
12730
3901
16905
7567
8241
6458
15640
3522
24230
24860
14466
5454
1371
21671
12229
10348
3926
4016
12875
1354
21030
12215
10190
23540
5232
13499
10985
2827
19926
14315
2384
14465
22659
9751
21002
22188
20572
19924
11620
19333
21534
17102
5425
10637
19312
23966
14672
21238
9306
13669
24567
19438
6147
3269
6332
9071
21973
2826
3271
12732
12261
40
7564
16236
9642
24224
21368
2829
21344
12731
21550
12061
21007
22054
434
10347
5226
2286
24228
2550
6004
13484
21537
23055
11297
5157
5422
7568
5419
15643
16012
7570
24762
16689
21235
23318
21006
2002
14292
1163
14459
3320
24917
15551
14890
14650
2204
18350
16688
22654
5875
13485
14460
24563
22953
21535
13427
1937
472
8783
20750
9753
16424
13482
14379
2825
14496
14313
8167
7293
1995
16120
17103
13214
22657
19440
23316
22216
13145
4018
6063
6672
8730
11934
13504
21925
22656
13936
22653
20503
11921
5072
7852
20402
108
3670
5066
11701
3813
11285
18439
3802
3375
20403
9649
21
19676
18045
21032
10939
11330
17602
474
17726
6563
21923
9305
23319
24212
6003
14457
2284
7565
13426
23543
9651
1380
5158
21430
18324
7000
2203
20749
6502
18441
13105
23991
19849
11124
12201
10350
6333
21031
14247
19855
433
7224
20752
20985
1973
22918
15555
3689
2549
13037
16122
13536
12733
4707
15698
7001
14314
17576
9654
17603
11663
16901
184
20
6936
7233
11697
4043
18582
14248
21037
6663
13785
15975
14489
24987
203
15028
42
1042
6404
6496
23087
21236
6994
8930
14394
6002
18975
12489
6692
16
12133
5024
21349
13483
9792
19490
15041
10633
11290
2832
10138
19925
22009
19652
18805
11744
3925
24568
10010
11230
13164
19956
11286
20901
23847
13832
22661
18440
4203
10351
20910
4615
16637
4636
2250
11799
24535
8462
5231
17033
18518
1933
19
13208
3907
21698
14497
19948
4175
1164
1905
4864
20891
944
4181
16690
23710
21004
7664
21524
13150
864
4174
6328
22840
761
4497
24787
15642
17869
374
6998
163
3283
8169
24661
13590
7929
1370
7785
11573
5665
20743
971
10346
19946
1351
22
5139
14516
21126
21433
11281
23844
3669
13830
2937
3257
17041
367
14451
16685
21339
20472
18
20421
23086
11939
9621
7995
24978
1749
20565
20297
19943
14981
11311
6064
12727
23176
23671
23992
11662
22556
24255
5239
9382
17727
7447
24933
14
18655
4202
1381
16154
7060
1049
7052
22393
4611
21924
15051
1677
11292
862
5959
21538
3523
12485
17037
12250
1585
23114
23389
15639
5929
4176
11698
6325
5960
6980
10510
14452
16683
15774
11283
6727
18106
861
18974
2987
22209
1752
1926
9619
1592
13195
19439
17579
11523
14486
17700
8168
2569
20062
22213
13912
12818
11291
18544
7787
14885
16636
21115
11769
21338
9776
2340
21047
24732
12484
5009
1583
15052
21468
11702
20299
3685
7677
5026
11167
12214
24125
6633
7099
7762
17
6299
8615
20059
6632
2796
6507
19944
19742
1591
11746
8782
11916
23863
7566
18048
1165
13166
9543
23707
14554
24580
15633
22346
4688
1930
24693
12486
20986
1116
9087
11287
2113
6005
10710
4205
3908
15
15075
13987
19852
7821
6634
13161
23872
15181
2830
23709
5504
12038
21279
3746
11196
13032
23842
1389
9720
9429
18042
5440
13308
19741
17803
16155
4204
11067
8894
5068
8379
17984
21432
9544
15976
3453
4141
14761
22948
4609
4505
20481
23074
12936
11288
20796
14093
22866
14316
20253
15269
15517
9652
6353
4180
1041
7435
11575
21758
1140
23708
21440
16621
16515
4448
7527
10373
7991
21766
1857
19765
5439
11284
6500
14485
366
2468
22210
4099
9410
20042
21059
24691
1927
6495
2885
23150
2421
475
9620
20600
12770
24690
23529
19441
7989
1934
15845
13325
9895
10938
19489
14038
18051
16187
4498
22532
21821
1971
5488
22094
19945
2283
13033
15268
13586
1352
369
9302
9304
18988
19947
691
11743
11540
20449
4179
19337
5593
19504
8111
4765
17418
21011
11326
7606
21857
1397
21374
23081
2989
9852
21230
20748
10625
3794
5127
4207
19762
11539
15447
11664
18249
1581
1166
3074
11738
19213
11384
1047
9631
12487
5931
10374
16575
16679
3382
21036
3235
6006
24882
14651
10139
4206
24158
23989
15306
8839
4012
6330
830
14701
13149
16959
15483
23759
3389
20277
6296
17681
23005
22215
1167
15890
11325
19594
12375
19524
6990
8955
11079
3795
2795
23084
5673
20168
15043
18050
14481
15829
14700
8799
2805
23970
18586
7558
23175
9395
10458
23438
7605
1118
21439
1998
15980
14453
3387
11309
9089
6726
8632
22778
10372
751
24763
13921
17627
21894
2604
1110
22211
7430
22217
16577
19518
24769
21052
15503
8626
16886
15596
24694
21304
13096
5238
2986
9455
14261
20266
15275
15450
22904
16300
4613
9057
14461
4908
22458
15133
10034
15638
1896
16635
15763
23076
646
11898
18074
10982
3073
15613
1611
15894
24294
15748
8172
16686
18487
1584
7560
18628
20484
1928
24883
19841
10509
1508
2852
2546
7892
23949
975
9855
18193
12216
6671
24968
17755
19595
18079
487
275
12006
24857
22297
23653
7393
16789
20744
24084
19310
16345
14697
16620
479
6999
20109
9381
14964
12000
22214
18192
347
15895
7720
3042
12974
11917
16684
7928
23041
23926
24878
24761
11745
9902
15859
3246
6755
20285
15843
4902
3594
3995
1347
7820
22949
16240
21902
13557
107
1307
12005
2707
6722
112
5071
8519
8627
20598
14699
7098
14290
24231
3996
12883
4766
24859
7575
7888
4529
19848
7163
23960
16674
19003
3668
7699
9145
6465
22793
8377
17577
5888
8848
20080
16561
22043
11653
11228
14754
20145
8166
4899
9746
16781
12251
5679
22832
17036
20412
18627
24210
23434
970
13868
16784
23085
21005
20056
21819
80
17025
11369
9481
2653
4258
21346
9772
1306
20282
8154
20480
20795
1621
17528
20999
5081
24321
9085
15504
14483
16121
4500
4530
17238
13538
3977
19850
1107
24050
21257
10508
19790
11661
3637
7979
1894
20618
8193
20983
13588
12065
4827
23433
21507
14235
17782
12885
15854
4919
20578
9891
5269
16609
13998
8982
6225
19851
12003
21159
41
20813
16352
15592
12734
9958
5126
12513
19238
23048
6670
12029
19055
5909
8513
6194
274
3922
2984
16493
1366
16228
16890
20318
17344
2263
17027
16972
16682
23177
18195
11278
8354
1746
11584
22315
16517
20229
16301
8175
19844
1972
6323
24351
15305
8634
11080
8512
14752
22766
20952
9067
22303
4440
11704
481
13355
8343
15157
10920
6010
15209
11569
21103
16989
7528
7990
16790
144
19056
6620
9970
892
946
21040
8029
8883
4469
4901
847
2828
20064
19769
20489
23513
16497
15451
9630
20566
24162
5495
21767
1974
17530
20034
18110
18287
21157
9086
747
23631
5228
24989
19412
22154
7238
18046
8112
22187
23956
7680
1968
8350
13174
15406
24905
23040
6988
17039
23098
20963
13671
14152
14595
4252
198
20984
14091
20499
21270
6948
19123
15751
16986
12979
18414
21400
21051
11571
19418
12705
22978
19362
23559
15853
13554
2351
11879
14032
4637
9243
8174
19430
16783
13518
24407
7779
9655
4422
20396
21213
1825
1238
9747
23636
3262
16317
21701
15053
19596
16570
1197
11837
19057
21552
22435
23039
5957
8737
18820
21151
13491
12976
24957
38
6691
8980
20414
22649
17588
7994
1510
24858
19875
9946
16027
14671
6788
21000
12002
16775
11068
24866
5270
2184
19792
19437
24289
11574
16557
372
3380
22609
17781
17846
2152
12064
21824
23378
5321
20721
1115
9675
6297
23568
11368
3302
11881
15993
24405
17400
9454
4905
14719
13509
14392
4718
19788
4483
20426
13670
13163
16870
9331
5240
19856
3282
20638
19090
23843
532
954
11145
20794
12109
13944
5264
22707
20448
8170
15014
21823
9885
936
1040
6034
16725
7421
11880
11380
14238
11374
7676
2574
6293
350
22244
16735
13591
12050
17981
17872
11351
18197
269
2694
10399
10156
20288
20218
17326
7040
19869
8120
21050
5242
14184
20810
12889
1282
21457
14491
21095
12471
15152
20041
18775
11935
8341
7956
20094
16808
23693
6407
21866
9313
6466
8173
8797
207
19212
5016
17873
23858
17077
14830
7097
11416
3808
10201
5124
8066
19983
23428
12265
24990
3556
18191
9811
3432
18774
6263
21498
6007
15765
12383
14259
21838
9774
2634
20988
8278
11037
5
14750
19415
23050
921
7207
10977
4793
5095
12457
480
2275
9359
11388
1312
11165
24338
15114
22436
4344
9467
3388
4318
23096
13148
18649
12483
15907
22153
288
9657
15042
9504
24916
13827
22714
20045
7993
23037
21165
438
11885
21918
17357
17403
11882
16295
13962
16117
17629
3608
17221
16168
556
9246
690
12380
1699
6930
9456
7780
16809
18187
24807
3296
15161
24333
16552
10665
12508
3378
11078
6989
17699
11732
23948
13555
15386
16565
18047
6298
11677
23435
23354
2362
2495
21088
21290
13457
2308
8325
24906
1509
23868
2706
3807
5090
10225
10557
13324
12402
21655
1125
4084
2300
10202
2594
2921
17626
11823
12388
3121
749
10071
9605
23445
5717
3526
3602
15369
5255
5811
17542
13704
9285
22663
21790
18713
18773
7826
8800
15302
2807
8629
23317
9263
14454
3758
15775
5271
19227
23624
3800
6714
20110
18449
4910
14294
371
20822
3163
14004
7113
13219
7734
10562
14755
12743
13493
16296
19982
9358
12475
21158
19872
10996
1419
2080
14727
6493
10930
20602
5219
14916
17117
18752
24861
22919
15861
7784
9202
12931
11383
14044
18293
22890
23431
17903
4838
11258
1643
1740
5873
6401
21067
17835
22662
21258
9479
1305
8716
15400
9326
9959
11389
24288
140
13798
512
5867
1795
2147
7229
19789
4015
923
4250
18403
7957
20635
2288
6088
17817
23437
2726
3005
3117
12087
17529
19182
4452
13935
5411
18227
12880
20836
9058
11188
17622
11757
11350
11884
22323
16164
212
7850
1127
6709
6501
19006
16097
3916
11426
4874
5962
7416
12530
22779
3964
13702
19122
17558
17647
1697
18919
2778
3903
15368
24741
7070
23224
12007
19290
686
12600
19727
4828
969
989
9357
16169
13357
1797
2363
15528
12032
15501
5284
16678
19952
17541
23572
10709
10915
23002
4345
19178
21704
19653
21485
14638
8649
10828
5030
17649
9894
17471
12736
19674
1744
1295
18164
19847
1031
1150
7427
21817
7942
21398
2114
12041
21700
23446
2791
3062
24712
20174
18105
6115
4512
5569
4719
4873
5444
24163
6992
7041
7487
9095
13251
17836
15676
17628
21154
13455
14095
22013
5920
24818
2239
6264
4150
8537
11858
39
16099
4100
6462
14495
21350
703
10140
19044
4782
19921
21043
1786
20971
20170
10869
7954
8074
2742
17007
3123
21937
24979
3842
17493
15820
4689
5025
18398
5735
20666
22309
6417
6615
6618
22764
20864
7726
8836
8188
20533
18847
21770
10077
20319
11069
12500
14042
23201
20793
17149
11252
20175
2053
10029
2992
11660
6594
9226
19142
1753
20823
8790
16820
22739
15335
6379
3852
5452
8323
8746
16719
11141
19111
4032
1582
20564
254
272
24444
11797
2289
534
860
863
941
968
4913
14066
1196
17222
14334
18002
6009
1743
6237
21652
5547
2055
2140
753
8770
23094
2505
7592
14573
19650
2741
18556
13159
22158
11427
18706
7801
11239
16592
3245
3381
3731
3812
15818
14000
17596
14966
77
11980
7337
15409
6047
6195
6544
7156
17735
14878
9402
18427
21264
13322
17049
15278
14957
15325
19222
21483
24716
3431
11521
2017
16001
17521
2065
10618
24225
21897
668
1876
1010
18127
1276
7879
15249
8077
23597
13597
1761
11387
1719
22394
1822
1823
9121
2277
4171
16893
2452
2613
2731
20821
23091
10224
3277
13897
4135
18425
20351
19338
15826
8218
18448
16721
18650
4769
5184
9945
11878
6720
12896
7095
7594
8483
8801
18732
9658
12535
12526
15361
11263
24806
18183
3118
12542
17072
13388
12935
13757
13814
15080
18395
18407
19021
19020
20842
1871
2717
2718
3455
15614
18770
22910
7555
9049
9149
15917
19060
20709
2716
11933
4075
7554
9150
12266
14398
18589
18771
18772
2506
3458
4914
18611
21082
5017
13946
22592
23692
15615
23
17855
21947
409
1679
3456
6673
6915
7093
10044
10220
11711
15759
19573
20751
23557
8985
2573
7051
10684
17582
18446
23113
43
46
359
61
10860
71
73
168
74
75
78
2743
6707
10155
14744
15024
16488
21298
22688
3344
3477
4265
5649
8633
8635
13673
14745
16598
16601
16786
19207
19629
110
111
9537
117
134
135
1977
139
3720
10591
142
19013
143
8178
9037
15726
24319
955
2548
11932
16723
22823
180
182
183
18860
1842
7292
7309
8536
13300
14030
16512
20621
22880
23440
825
827
7611
9710
9719
13867
14760
16599
20054
20055
21917
24470
14594
18585
19287
23155
9705
206
1415
210
465
220
221
5192
232
15539
4045
22517
267
268
15398
1794
3075
3087
20967
22354
8396
22524
13769
23512
276
6050
6051
14446
15579
289
328
333
335
337
18036
342
22099
351
13129
358
8681
361
365
18871
370
373
4991
9650
19929
368
7278
9653
19348
4993
10624
22242
377
1553
388
390
391
397
404
7634
410
5285
424
425
426
428
9931
1093
1139
3274
3761
3840
3845
6639
7663
7853
8851
9170
9723
9748
11314
11703
11705
12058
12259
13534
14075
15031
15645
15882
17101
17734
18437
21231
22347
23758
1355
2001
2377
2383
3841
5073
5224
6283
6457
6459
6971
9068
10629
12256
14670
17105
18443
21233
21348
21539
22696
23321
3294
3315
5067
6280
9750
14006
14669
17100
20023
21536
22694
23725
24229
24921
5333
8198
21788
23896
455
5183
16000
16486
21870
22245
24611
2851
9122
1610
10341
15496
19598
19778
501
503
504
507
510
515
5407
24810
2498
9056
9167
10622
17663
17773
533
1982
553
12886
554
4160
557
11848
11849
558
12423
561
562
576
13323
577
12842
593
594
595
596
632
636
2419
637
638
639
12871
662
2528
664
23740
23742
674
675
676
681
9706
13425
23049
687
7395
22960
2109
11897
19151
23768
704
706
714
715
716
18416
725
732
11510
739
740
750
2469
2557
5732
7277
9868
10117
11892
11893
11901
11914
13587
14623
19231
21785
766
14961
768
774
775
776
777
14391
778
779
21775
807
829
20450
2794
3973
838
13401
843
844
18138
22139
850
8889
15454
13417
19932
11187
9152
865
4839
6306
15116
893
901
911
912
913
914
915
920
23397
9713
15160
2325
924
16391
930
18708
5020
18408
938
7048
940
11413
21214
943
12534
2309
2841
10359
11371
15545
15547
16492
20166
20167
20518
23917
945
3676
6484
949
951
953
956
963
2078
964
12337
965
11725
966
21454
967
3844
1525
477
2098
4912
10142
10143
11385
972
1751
3386
3686
4610
4612
4618
12134
14477
18049
22295
22296
2996
9482
11166
18317
986
9773
987
6214
6215
1000
1002
1003
1004
1011
1013
1018
1021
1023
10522
1035
24731
3911
12951
8092
8095
12544
20191
1048
1053
1054
1057
1069
2000
1101
14319
7807
1108
1109
20872
8682
11123
21149
1120
1121
1122
1123
1639
15021
1126
22469
16595
1128
11032
21874
20538
1145
8101
13204
1152
1161
1180
1195
1207
23396
1205
4083
1200
20367
1218
1222
1236
1274
9310
5254
15627
1297
13168
1413
10063
10064
10855
20148
7598
8914
11253
22738
1322
24711
1326
1327
1342
4368
1344
1345
2943
2944
2945
9525
14245
21112
1942
5441
5748
13544
13545
14746
15263
17758
18001
21109
21114
22703
22767
16491
1358
1363
1364
3234
15991
15992
1367
19683
1368
18438
1378
1379
1869
4700
4705
7571
7945
7951
9033
9186
11761
13723
14530
17417
19487
20742
20746
21161
21337
21728
23018
23853
23988
489
490
3139
4122
4228
4229
4230
4231
5615
8786
8788
9797
9798
11259
23145
23694
23695
23696
1383
12840
1384
3849
7667
12512
13094
17254
21413
1396
4227
7134
9796
11214
14712
23146
1417
1420
1425
1439
1464
1485
8280
13749
13750
13751
14268
15303
15304
23629
2485
8277
15215
24635
1535
1544
18943
1554
13725
1555
1560
1567
1570
1588
1589
1590
5961
3441
4992
8344
13531
1594
1848
1598
1599
12372
1600
1604
3962
17692
1616
1622
1640
1641
24825
1644
1655
5378
1660
14118
1664
4361
18161
1665
4362
1666
1668
16655
1669
3851
5336
6008
9854
10268
15697
23553
1680
1684
1693
1694
1698
14493
15313
6057
18707
4163
1722
1723
1728
1745
15889
7336
11992
17512
10360
23073
23850
1747
1750
4616
4617
1757
1771
2265
1774
1777
1780
1783
4623
4502
20568
23405
4499
16560
24379
1799
20590
1818
1819
1898
15745
1824
14541
18405
18406
18409
1843
1845
4507
1853
1856
1859
1866
1872
1873
16998
17000
1887
1890
1899
11776
11788
11793
17646
20314
24406
10009
11795
24770
24771
1897
1900
15216
1901
3803
7313
7679
21667
3305
4162
5195
5196
5899
7312
10774
13039
13135
14586
16917
18154
18577
18759
20909
21099
21364
1915
1917
1922
4494
4496
17880
10901
1929
1932
4098
4367
20135
5217
18701
20171
20172
20173
511
5211
19837
1935
1936
1940
3827
1951
1960
8897
1963
10212
19165
11169
19382
3266
15764
7643
10721
1975
1980
7289
1981
17810
19164
1992
7665
1996
2661
10574
19528
19678
2003
9470
2016
15013
2023
2048
2056
6899
7186
2059
2072
2074
2075
2077
2081
2079
2083
2086
2085
2087
2092
14620
2100
2105
2112
14286
20378
2126
2129
2130
14559
2132
24798
2133
2135
3026
10299
17358
2142
11127
2143
4672
6027
2149
2154
2174
2181
2183
3519
4031
2185
6358
2187
15156
2192
2200
316
2202
16319
2207
8697
2209
2211
19072
11886
2241
7439
8494
9356
15525
16151
20580
22201
23157
24633
2260
2262
811
5741
8370
9611
2281
22527
2285
13514
16726
17586
18038
18084
19880
20617
20505
2844
1422
16290
21519
22138
2301
12788
6940
2322
2327
2330
14723
2333
2336
2341
2346
4095
24869
1806
11425
2352
12114
16894
2364
2365
2382
2389
2397
14333
2423
24355
2424
2428
2443
2449
11739
18308
2460
12657
2471
2486
8073
18851
2500
5570
5900
21983
2517
2518
2544
488
2864
4286
9266
10109
4446
9718
15193
19793
23444
1916
10252
17917
19791
7493
2561
2566
3682
7237
10157
12956
18248
21794
24017
24376
2570
10610
2587
2593
8371
12689
19244
24682
2603
2606
2607
2616
23775
2615
2622
2624
2629
11941
22670
8976
18226
2647
13582
2648
2649
2650
2651
2652
17184
7750
21702
2655
22228
2658
2664
2670
3611
4699
15791
20430
2695
2703
15527
2704
14917
24768
12246
15529
22353
8795
21174
2736
2740
11373
22164
12117
12709
15865
2753
7377
8028
8694
2789
15003
2790
16237
16238
2792
2793
2803
11896
11899
2817
3537
7291
18037
21825
1720
10210
10685
17513
17991
24991
3601
8798
9059
18306
7290
2848
2849
2850
11652
22378
2853
68
2862
21108
2871
2872
2883
4706
4708
12729
13801
13829
19174
2886
2887
2889
2890
2901
2903
2918
2920
16600
2922
20601
2930
24132
2931
7523
2942
21482
2971
17828
4074
6327
7114
15331
23449
2985
14045
5973
6416
10507
17482
2997
3003
22156
3010
3011
3013
3015
3016
3019
3040
5125
11216
3043
3051
3056
3060
3066
3071
3072
7670
21389
22831
23582
3091
18392
3119
3122
3134
6001
3140
3147
24576
3809
11146
17155
3170
20482
3173
3191
3210
21104
3214
3223
3227
24093
3228
3229
8731
9189
15524
20939
21241
3033
3484
4651
7079
11096
11811
12174
12857
13048
16313
16769
17592
17661
18335
20834
21629
22824
22838
23093
23182
23818
24258
340
5164
9745
12140
15341
16331
21862
23234
3253
3624
13505
15552
3263
3267
3284
3289
4903
12488
3309
3313
3319
3345
22362
3363
15600
20670
3379
13947
14985
3383
8441
3421
21921
3480
10834
3483
3501
3502
4535
7708
7786
8490
10125
10231
10829
11215
15099
16899
18387
21101
21102
21951
22246
22715
11566
13901
8093
24504
3527
3562
3574
4329
4091
3604
5490
9060
9061
22782
3610
16185
3629
8227
3633
3645
9960
3647
3648
3649
3662
3663
3664
11887
8156
12408
16152
18695
2404
9502
9503
15767
16774
3671
3677
3687
3699
18490
15077
24071
3732
3744
3743
3781
3790
8428
3792
8657
14003
22223
22224
5998
14823
3797
3799
8787
8789
12776
12933
18039
23502
23503
3804
3805
13658
5591
6420
6705
7108
14702
14707
21818
21820
21822
23231
3820
3832
3839
4251
4253
3846
3855
12279
3857
3858
3889
3860
3862
3861
3865
3867
3882
8994
8997
3890
3894
3120
14335
20429
22719
24154
24155
24156
24160
24606
2110
4402
7548
9158
10568
12405
13403
15101
16310
18578
19397
23471
24152
24157
24159
24508
24509
11568
23121
14648
15862
13699
16307
3910
20835
3920
2863
4459
7012
8733
12932
19243
21670
24584
5194
15856
17212
3933
5661
3937
5750
18810
3980
3988
3994
9292
10770
10771
14432
14471
14478
15821
15822
15824
20067
21871
5796
10769
14431
14434
4003
580
15132
18488
4035
5908
9428
4037
4038
4039
19846
20060
15489
6052
18040
4090
22901
23639
4134
13937
10929
24975
13290
4177
17034
17038
17040
20063
14476
20061
17035
4178
4200
4201
5029
5083
9216
9890
10148
14479
14480
15520
15773
17121
19941
19950
21046
23702
5023
9886
9892
13464
15374
17312
18083
9625
9883
11775
21056
9214
9884
14488
19951
4210
4222
4237
13008
4274
4275
4280
21153
4312
15011
15860
16318
24361
4325
8187
4330
4358
4360
11052
4363
4389
4403
4421
18388
2815
15690
4474
4475
4477
23911
4478
4480
21305
4491
4495
5847
4511
4513
4516
4520
17397
4521
4527
4528
11637
16720
19223
19225
22193
24287
4723
8395
8407
4532
4536
10983
4540
4567
4568
4569
4600
451
4608
4619
4632
4633
4634
11895
14384
4638
4643
4645
4665
4674
5696
4677
4679
4681
4683
4694
12406
4695
24530
13795
13826
21474
4720
4722
3006
4738
4750
18254
4760
4767
4772
13010
4774
4791
4799
19525
12338
4863
9828
4450
8534
8646
10854
15288
23248
23663
4865
17113
4871
4872
4888
4890
4891
18369
4773
24980
16913
1483
4911
2104
20729
10978
4938
11821
4939
4941
7426
4963
4974
4987
10603
5006
7243
23403
5021
20705
21472
23706
14484
14482
19378
21049
5034
5051
5064
5077
5086
5089
5787
10062
20625
5091
5111
5136
18973
9727
5140
7760
5142
5144
5143
5155
11768
12460
12656
14297
15722
19854
21965
5191
17492
5174
5175
5180
23414
8929
5206
5208
5210
23036
20716
20717
9179
20091
22267
23158
24380
8916
9387
11902
14667
6987
5245
16974
8656
14762
5275
14171
18541
5747
9414
12901
5297
9091
5303
5320
4789
5322
5325
5329
5369
5374
5376
11991
5379
5385
5386
5408
19519
19523
5429
547
5437
3917
16165
16167
6213
6547
6574
6576
6580
8775
11920
14915
14919
14920
15807
18041
18799
19286
20227
20614
20615
20957
22305
22307
22314
5443
19144
7635
22523
5451
24902
14040
18670
170
172
8981
20052
5469
5478
1738
9949
9950
12772
23266
5489
1066
1068
5510
12773
5496
5499
5521
5548
1343
5554
5555
5561
24937
5588
6715
5592
464
24788
5597
5616
5630
5632
5633
5637
5639
5660
5662
3202
6016
14161
14492
16302
21087
21164
22189
5666
5670
5668
5698
5700
5702
5707
24430
5713
21501
17519
8421
5736
5738
17472
5757
5761
5765
7235
5766
5767
5789
5790
5829
22218
5831
19069
5863
5864
22385
22743
5865
5868
5870
8992
10734
11648
13756
15037
5871
7170
14096
18743
24133
24648
10856
23156
5877
5883
5887
7382
5889
5890
5891
5892
947
5910
5919
5946
5955
5956
5958
5963
16680
16118
16119
5976
15488
5983
9328
5999
6000
4140
10885
20488
3352
6106
9106
7536
7935
8807
9144
11293
12531
12903
14043
15872
19593
24607
6018
6041
6040
6043
6054
6055
15253
6056
16619
6067
6087
16964
6089
6092
6112
14183
6117
6131
18793
6132
9222
11138
14190
18247
18855
6148
20884
6158
6163
6169
6183
7270
7271
6196
6205
6206
6207
6209
6211
6218
6219
1821
6238
6239
6240
6241
6243
6244
6245
24927
6253
17434
6257
22155
9384
6268
6269
6291
9961
6294
22345
6295
11029
6991
18669
15626
6304
6322
12881
12882
15830
15831
22530
22531
6329
6399
23857
23916
24169
6326
3993
12902
13607
21915
22130
13609
19386
4214
6689
10209
10619
10831
11796
15347
16153
16795
20727
20863
14438
15449
16156
17287
19592
7793
9211
9374
11120
13922
17236
17653
21319
6335
6338
9217
15301
20311
6354
6357
12983
6365
6370
6395
6400
6397
16098
6411
6412
6413
16370
22913
19706
6490
5468
6494
5699
10122
6505
6511
21415
6541
6562
7948
10653
16563
17147
23993
6598
6599
6606
6610
16794
8943
950
952
21066
21566
21781
22415
23985
24241
9421
16739
21567
24016
24880
11553
17968
19306
24015
12053
6647
11184
6648
20970
1724
7809
16623
20969
6674
6683
9005
6688
10838
6690
10112
6708
9469
20946
18458
23408
6745
6746
6754
10722
6578
12469
15208
15211
6789
6790
6791
6809
6898
6897
6907
6913
15635
6939
6945
7485
7486
7488
6951
6952
6959
6960
6967
14902
6972
6973
6976
4807
5701
7205
8734
14660
18858
24337
24630
10593
13856
16299
13338
20254
22426
21905
6995
6996
7002
7003
7004
7005
7014
7016
7038
8470
18194
19520
7279
10066
21801
4661
10706
10707
16681
15497
7096
22356
7390
14728
15135
15947
15130
24501
7111
7112
7139
7155
7792
7165
7189
7204
7639
15809
15967
22905
7230
4488
9704
23545
7236
7241
7261
7264
13743
7283
7284
7286
7298
7299
7310
7314
7328
17152
7354
7355
7357
7386
7401
5907
7402
7403
7409
7410
22598
9734
12890
19978
7420
6868
7425
7424
17510
19673
7432
24323
8979
18229
7436
7438
7444
24164
7452
7454
7469
7490
9948
17621
7755
7532
7533
7534
12441
7538
7539
7543
7559
5384
1721
6712
14703
14705
14706
20840
24713
3923
14704
9877
7584
7587
7593
18538
16871
7622
7623
7655
7656
3729
7657
17256
7668
7671
7674
8538
8975
7697
20366
21247
18705
20000
7735
7736
7752
7761
7778
6406
7781
14393
20996
23075
12088
20513
8756
11484
7804
7805
7810
7817
12839
17959
19183
19185
7829
7837
15706
7861
7876
19190
7886
7887
7909
7910
19764
18093
19289
7949
7953
9903
7960
7965
7977
7978
14542
24233
24234
24235
11731
11737
18228
8010
8056
8064
8065
13459
4484
23090
8068
8070
8071
20529
8080
24688
8083
8087
8088
8096
8107
24327
8964
15604
17534
17536
22439
22440
17538
17539
17540
8114
8138
7082
7492
16171
16308
24153
14186
16303
16304
23222
8185
10320
13556
8189
8191
21113
8210
8212
18125
8214
11720
8219
8239
8267
8269
24638
8284
8288
8303
8312
8322
8327
8329
8330
1596
8326
8328
8333
7947
8348
583
3409
3410
7394
14239
17840
22811
8357
8363
8369
8373
8413
8415
23508
8432
19257
8434
20293
8435
8438
18033
10516
15009
19492
21502
21504
24099
8463
13797
8487
8488
2810
10499
8489
8502
22921
8506
8508
8511
19366
19870
8514
14317
8515
14653
8539
8564
9373
8565
8590
8605
8606
12170
20137
8618
8625
8630
15735
8647
8653
8655
8658
8671
16025
8708
8717
8718
8724
8725
19531
21891
8732
24601
8740
8742
8744
8749
8750
8751
8762
8764
11144
15605
17188
18017
11513
12614
8793
8796
10228
10229
12832
9733
24538
8825
16874
11170
11057
15315
18693
19457
20276
22381
8842
3589
8847
8852
8886
8887
8888
10033
8900
6098
15345
4792
9998
8942
8952
8954
15448
14427
18196
23797
8978
8993
9008
9009
9010
9020
9034
14188
15290
23426
9066
9076
9084
3575
14540
9090
22669
9113
9119
22806
17711
9123
9846
9148
9147
9183
22709
9184
9193
9195
9194
9197
16568
9471
9204
9206
9209
18916
9210
9221
9227
9235
17559
13400
18731
22773
9272
9274
9275
1970
13365
9303
14399
16793
9324
11386
9327
21242
9342
15852
9360
9370
9371
11841
9386
3596
20944
9388
9398
9400
9401
9403
9408
9415
9416
9420
13976
9422
9427
9440
19744
20451
9457
17719
9468
5477
9485
9488
9495
9505
9519
9526
9579
9582
9581
9586
11310
9609
9617
9618
5448
10532
14691
18528
7806
24245
9622
9623
9629
9692
9693
9696
9697
9699
9860
9714
9731
9744
10924
18163
18349
9761
8891
9762
9764
9765
7164
9791
6159
6160
15410
15411
16746
9812
22705
9827
9834
12291
9839
18737
9845
18969
10060
9878
9876
9879
9887
9888
9893
20479
9924
9933
9935
9936
9940
23866
9962
9965
9975
9976
15571
9980
9996
9997
12527
10002
24498
10014
10052
10053
10057
10056
10070
18345
24710
10085
10090
10092
10093
10105
19121
10116
10119
10128
10420
10147
11126
10167
5233
10168
10170
10180
7508
10200
20036
18760
4817
10215
20442
20149
20374
20372
10226
10230
18029
10232
10273
10306
10330
10315
10326
10327
10329
10332
10333
10334
948
23551
10352
10361
10382
10396
10397
574
15888
13445
20619
10412
10417
10438
10440
10445
10466
10496
10503
10506
10534
12336
10559
5161
14272
18601
10563
20427
10592
10599
18137
10606
10607
13216
10635
155
10638
21901
10644
2884
10646
10648
10647
10662
11842
10664
17789
10669
4673
15017
10672
10671
10698
10825
16656
9688
16911
10737
10752
12208
10753
10794
10795
10812
10818
10868
10871
10872
10873
10874
10876
10889
17856
10891
2282
4257
10919
3583
10922
16040
24214
10937
10946
11759
10949
2684
12220
12225
21451
7649
8220
11482
10987
10990
10991
11012
11026
11027
11028
11036
879
17837
17839
11038
11042
11048
15417
11060
11070
11072
15446
10724
22056
17645
16836
21367
24775
11085
11089
11114
11118
11119
22180
11122
2103
11139
8819
14685
19499
11176
11183
11193
11195
11787
11789
11794
22243
11197
997
11246
11249
12653
11251
11257
11260
15407
1779
18595
8780
11883
13173
15418
16978
18035
18095
18742
20228
20978
21910
21982
22313
6582
11976
11977
14918
22308
23116
4644
15291
18735
23227
23830
5475
6579
6581
9794
15246
24673
3626
11783
13782
14807
14914
15607
16724
19649
20707
22700
12811
12975
15293
16934
18250
9293
9295
15819
15823
11320
2646
1849
12318
14843
20255
20258
20259
20263
12479
20262
20807
21343
11329
4444
5015
9987
12565
12861
15287
15338
16779
16885
16948
18066
20316
20806
21156
24223
17754
17753
11352
17752
11366
11370
11372
18104
11378
11379
11381
11382
11391
11392
11393
11396
17042
11398
11403
1877
11404
11405
24574
24575
11408
11412
22225
19004
19002
546
11452
11453
11458
11464
11483
11485
11486
11487
20093
11508
11516
11839
16108
11525
11537
11541
11558
11560
11564
11565
11567
24032
11572
15319
16280
11588
14035
3541
5703
9840
11003
11004
11149
11462
12158
12210
13291
13451
13794
18264
20342
20862
23092
11629
11647
15416
11666
12887
11667
11671
4671
4676
13927
15423
11679
729
11681
11682
11685
11706
19245
14850
18331
19509
19931
18651
11755
11756
11758
11760
11762
11763
15924
11771
11772
21830
21829
19235
21735
11826
6415
21530
11838
11840
18746
11862
11865
11877
828
6186
6187
10331
19532
11890
22954
11905
11906
11910
5412
10311
11929
11924
11927
11931
10314
11942
11990
11994
11999
14747
14748
14749
14753
18792
19797
12001
24110
21575
12004
14751
12010
12012
3542
3544
3546
3547
12036
12051
12056
1814
13808
12063
12067
19657
12115
19204
12164
12198
12209
12211
2747
3285
6877
6879
7422
11173
12090
15405
17474
22014
23739
23741
6561
10089
10219
11174
12906
8570
11056
16294
12218
12240
12248
12837
6545
12491
13964
14153
20095
23413
12289
12307
12303
12324
12346
12363
12373
12374
12378
21267
24382
24383
12376
1133
16750
16751
12384
12385
12387
12389
17215
12392
12404
12409
12410
12419
11649
12458
12459
12465
1501
12470
15186
17637
19339
15657
19476
17584
22249
12496
12497
12499
12628
14912
12507
12510
12525
14002
21804
12536
12539
12541
12543
12545
12552
12561
12594
273
3595
3631
10025
11143
11536
11907
13302
13956
16801
18726
20275
23951
24598
24759
24938
12598
10531
10533
13812
13959
4429
7612
10862
12223
17309
17665
20583
21426
21674
22428
24976
12611
12667
12680
12681
12683
114
115
12684
12685
12688
12690
15703
12710
12713
15556
18583
24614
1183
13170
14584
19188
1084
1182
6212
10583
15462
15785
20501
12426
24982
13941
16504
20815
21175
21178
21179
12740
12741
24429
12742
12761
12775
12777
12778
12796
12798
12805
12786
12787
12812
12813
12814
12815
12816
12834
12841
12843
12845
12855
12858
13231
24809
24811
12884
12893
12895
17676
12904
12908
12909
12914
12916
14111
19776
12947
12953
15459
12954
12980
20926
12988
12989
12990
12991
12996
1119
13022
17398
13023
13031
22912
13068
13069
13070
13071
13072
13073
13074
13081
13098
13107
18015
18099
13147
13768
14009
998
1910
11275
6875
23261
13183
13199
983
12049
4212
16505
24320
13273
13280
13303
1568
18174
13697
13373
13375
13369
9252
16615
13409
13435
13444
13450
17321
13480
13490
14136
14135
14986
19461
13492
17050
16316
19590
13510
13515
13519
13527
13530
13552
13408
13558
13561
13563
5855
5182
13589
18606
10699
7137
13608
13617
13618
1095
13624
13648
13651
13655
13665
12876
14448
16325
18633
19484
11650
11651
20428
13696
19591
16403
16404
13703
13705
13717
13724
13727
19417
13728
13740
13741
13742
13748
14533
24817
13783
7117
13786
13796
13799
14831
14838
13820
13874
13880
13891
11488
20341
22128
13926
13928
13940
13942
13952
13957
18703
21611
13963
13965
12905
14025
14026
1895
3460
14028
14031
14390
4704
3004
14927
15093
16158
16564
16566
16749
23406
14037
5737
14092
21978
24751
15871
18285
14053
14074
14081
14083
14084
14085
23200
14086
14397
14094
14122
16813
14145
14150
20461
24824
14163
14172
14181
14187
12120
14196
14205
14236
16799
16800
16987
24322
24377
24912
16562
20599
14242
14246
15371
18539
18540
21252
22525
22526
22529
23111
24177
18080
18088
19152
20634
14257
12382
20150
20152
20153
21841
24545
24546
24548
24549
24551
14260
20146
20151
20155
21843
14266
14271
14280
14281
19301
19302
14326
14327
14328
14329
14350
14366
14443
2662
14418
17718
14420
14426
14428
14433
21194
10925
12473
14510
14512
14520
2467
13058
13767
14521
14526
14527
14535
14538
15717
19985
14564
14581
22490
14601
14603
14614
14615
14617
14637
12612
12613
14652
15004
14659
14661
14662
14663
14664
14668
14688
14690
24232
14692
20047
8983
14713
14725
14729
14738
19237
14763
14776
16226
14784
14809
14824
14832
14841
14862
14876
10124
14877
5497
15892
14937
14939
14940
14946
14956
19663
14960
23409
14963
19062
20401
14984
14987
15002
15022
731
15023
5188
15048
6359
15070
15073
10166
15074
15276
1091
21061
24069
24073
15078
24052
15086
15109
23436
15129
15136
15140
15142
16096
15150
24203
15162
15164
15178
15187
13412
15214
15218
18710
15233
15244
15258
15266
20078
15272
15271
15289
23637
15292
15298
15300
15326
15327
15328
15329
15330
15334
21679
23501
23538
15336
21678
15350
15362
8995
15367
15373
15388
18613
15415
15443
15456
15458
15460
15461
15470
15471
15473
15475
7240
15502
22512
15568
8069
15578
15581
15594
15603
15619
15622
2482
15651
15652
15653
15654
15656
15680
15679
15681
15688
4588
12160
15712
15724
15725
15741
15918
22095
22096
15757
15760
5780
19980
18635
15792
15795
15794
15805
15828
15128
15834
15842
23017
19406
22196
15851
6906
20604
15857
15858
1938
2102
9978
20636
20637
15864
15867
15879
15877
15880
3847
15881
20360
15891
18169
15897
15898
15903
15904
15905
15910
20476
11082
21326
24791
15948
15961
15973
20107
8808
19196
15978
15979
18482
15983
14783
16008
16047
17140
16088
16092
16100
16115
16111
18225
22002
16125
15526
6324
9185
18146
16170
16174
16175
16189
1760
16193
10272
16246
16247
16256
16266
16277
21473
16281
16282
16283
22143
22145
22417
16312
16353
16414
16415
16416
16418
16419
16428
16429
16433
16446
16447
16457
12921
16459
16460
16483
23877
16489
16506
16520
16522
16549
16551
16227
23912
20066
16567
16569
16571
16574
7690
21642
23788
16796
16578
16579
16585
16589
8424
16602
16603
16605
16611
19103
16647
3811
16662
11062
9763
19058
21859
12922
14759
16734
21254
16736
16753
16754
16770
16771
16772
18692
16782
23429
16787
22263
16806
23136
16819
16822
22920
13021
16839
16852
18302
21118
16872
16873
16875
17806
16897
21017
16914
16935
16961
16970
16971
16975
16984
17020
17022
18879
17045
17047
11171
17058
17060
17064
17073
11591
17078
17093
17094
17110
17115
17119
17135
17136
17150
17151
17237
17252
17255
17265
17269
17273
17322
17323
15413
17335
17340
17347
17348
17370
17384
17387
17396
17401
17402
8652
17404
17412
17413
17433
17435
17453
1686
17461
17477
17484
937
17555
17557
17556
17574
15402
1923
6878
17578
782
7531
17783
18602
10197
17597
17606
18526
18527
13933
17633
17636
7595
17674
17675
17706
17707
17708
17709
14072
17716
2020
10882
17737
17738
19000
17760
17775
17776
17777
17804
17821
13423
17824
7925
22044
17847
17857
17926
17867
13520
19813
24507
14758
1273
17885
17891
7133
17920
17921
17936
17953
17960
17961
837
3407
4628
4279
17999
12456
18030
23630
10623
18098
1831
15837
24176
18112
18118
18123
18131
18142
18143
18149
18165
18166
14077
18190
18218
18419
18223
18224
7562
18251
18253
18283
18284
18291
18292
18298
1213
18310
18315
18329
18330
18332
18334
11809
24600
18370
18399
4417
18404
2727
7903
18455
18460
18461
18471
18472
18473
18481
18517
18519
18520
18522
18524
18529
18531
23902
10611
18549
18552
18561
18562
18567
18587
18600
18612
3545
614
23232
18634
18638
18645
18648
18653
18702
18709
18749
18751
18754
18764
18766
18765
18767
18783
18813
11222
18823
18821
18822
11226
9163
18850
18859
18882
18884
18883
18893
18912
11469
9534
18934
19145
18953
18989
18998
2233
19031
19007
19015
13246
19026
4597
19028
19029
19030
19034
19023
10729
10730
17143
19064
19070
18493
23632
23633
20089
19128
19137
19138
19141
19147
19177
24942
19201
19219
19224
19226
19232
19233
19252
22785
19261
19265
19283
1727
12856
19303
19304
19309
19314
19315
19316
19317
19332
10368
15866
19340
19341
19359
19360
19371
19379
6997
19380
19385
21303
19414
19416
19483
19481
19485
19488
19505
19506
19526
19527
19560
19562
19564
19565
19619
19625
19627
19646
1759
10366
14982
19654
19658
6392
19662
19708
20459
19748
11316
24764
14249
19819
19836
2170
19861
19862
19876
19878
19879
19882
19877
20018
19915
19916
19918
3644
19920
5360
15912
19942
5014
19974
19486
19975
19976
19981
20243
19984
19986
19988
19989
2311
19990
20012
20013
20014
20024
20025
20027
20040
18265
18266
12202
20065
20075
20076
2014
20098
20101
20108
20379
20132
5256
20186
20185
20192
20212
4408
4409
20220
20223
20225
20245
20250
20251
19295
20257
16968
4604
22239
22432
23517
20290
20312
20331
20332
23355
20353
20371
20380
16624
20455
20457
20458
20483
20491
20507
20510
4761
20521
20530
20541
20563
12900
20589
20591
20593
20594
20620
20646
20698
20710
20719
20722
10028
20733
20736
22618
20756
6396
9809
16533
20714
24397
20797
14545
14548
20812
20841
20843
20844
20852
13402
20889
20898
20900
3249
21431
20902
20920
20921
20941
10222
20953
20954
20964
20965
14309
6718
10038
21869
6172
6307
18101
2501
24415
21044
21077
21078
21100
21110
21121
21132
21138
21152
21155
21166
21182
21199
1741
21219
21251
21260
6876
21265
21266
21268
21277
24491
21292
21293
21294
21295
21315
21316
16632
21317
18872
21320
2314
21345
21365
21366
13869
21401
9732
21424
21445
21448
21449
15943
21489
21490
21484
21486
21488
3448
9787
11874
21938
21571
21572
21574
21589
24781
21639
21640
21650
21651
21654
349
21656
21661
18210
21663
21665
21688
21693
21705
21717
21730
21752
21779
21786
10682
1519
6102
15102
3921
21835
19349
21855
21861
21872
21887
21898
21899
10595
21903
12907
24309
18056
21966
4973
21967
21968
21971
23523
22000
22015
22033
22034
22047
22146
22157
22194
15989
23595
22212
22220
19723
22235
5975
22241
8977
22306
4485
22336
22374
22375
22388
22389
22399
22425
22429
22434
22499
727
22528
22544
22554
22582
12937
22607
22610
24722
22626
22664
22673
22677
22701
22702
22706
22710
21291
22711
22708
22718
22733
22775
22776
22777
10518
22792
22825
22833
1230
15412
17331
24900
22844
22846
22845
22867
22885
22887
17129
22911
18791
22939
22951
22957
22993
23033
23034
5213
14464
16502
23077
23080
23099
23137
23138
23187
23219
23221
23223
2040
23225
5079
23226
23249
23255
23260
23282
23283
23301
23303
15044
23335
23336
23341
23342
23360
23363
23392
7530
13018
467
23430
19181
2999
6509
8091
482
20496
23454
23458
23472
23499
5092
23500
23534
22923
23544
23550
23555
10030
23097
23560
23565
23581
23589
1500
23619
23625
23659
23668
1670
23670
23697
12278
23714
13151
13152
23715
23747
23781
23787
23789
23823
23824
1275
23859
18516
17250
23879
23899
23903
23950
23955
23987
24019
24025
24044
14551
18144
18147
24053
24072
24075
24080
24083
24085
24086
24098
24100
24114
24116
24121
24129
24165
24166
24196
24197
24198
24199
24200
24201
24204
17717
24236
13978
24243
24244
1051
13189
15623
24269
9355
24270
24291
24301
24318
24325
24343
24346
21180
24348
24350
24352
24358
24378
1437
24381
24388
24391
24417
24426
24432
24434
24460
24483
17722
18621
24571
24597
11861
24615
24649
24651
24653
24664
24683
24692
24699
24720
24717
24719
24718
6560
24725
24730
24736
24742
24760
24767
24774
10837
24784
12567
12570
20377
24819
24820
24823
24835
24836
2837
17183
17864
24879
24896
24897
18426
24901
24919
24923
24939
6872
6957
20990
24899
4234
24983
1852
