85
84
60
15
13
17
115
59
33
27
5
23
74
25
18
8
20
73
12
21
61
1
102
19
170
127
101
40
11
65
4
10
16
88
41
90
125
26
14
91
28
29
39
24
55
42
7
2
106
156
76
81
3
149
44
111
135
188
78
37
118
104
136
161
179
107
62
87
206
147
117
192
82
34
152
168
93
121
194
69
113
43
22
150
63
89
30
77
232
185
31
128
148
171
56
153
159
109
193
199
129
86
165
94
203
46
119
184
216
9
151
83
140
142
72
45
132
233
64
52
58
92
162
131
139
100
97
50
217
191
48
51
160
163
177
66
238
145
49
134
54
158
57
141
112
32
126
143
133
137
130
75
79
36
38
53
47
138
187
234
211
173
201
223
98
197
116
114
166
186
237
202
122
214
182
176
96
67
195
213
99
146
123
224
221
157
218
169
215
120
105
108
155
172
204
80
103
154
190
208
222
200
167
124
231
70
210
227
196
71
235
110
226
164
181
180
178
207
174
144
35
225
228
230
236
239
209
220
229
189
198
183
205
212
219
95
175
68
0
6
