77
91
23
88
1
78
48
62
113
37
90
178
19
110
16
81
75
179
14
198
115
85
51
142
2
26
128
13
159
167
29
111
18
55
102
89
112
60
169
134
233
195
21
92
170
168
125
46
76
214
42
104
83
224
63
74
15
146
119
49
120
67
56
65
100
11
79
129
73
127
136
153
164
141
163
160
246
58
12
244
183
17
202
226
215
139
158
97
61
20
191
69
99
118
3
27
196
117
35
80
24
82
148
53
31
109
70
135
379
66
186
143
123
225
32
177
137
114
184
151
33
30
72
106
121
28
239
189
105
94
4
107
54
116
193
174
156
199
152
165
34
59
126
336
93
50
40
39
140
187
145
22
144
228
190
147
133
44
161
41
130
108
98
154
157
131
64
124
95
38
185
171
155
122
84
203
188
138
25
182
36
181
150
132
68
45
101
96
43
103
162
149
71
8
192
205
237
222
175
209
249
317
344
417
229
206
197
220
232
173
207
254
211
166
194
384
200
230
253
236
276
292
368
399
409
413
436
447
223
52
234
213
212
255
259
227
204
248
217
208
258
267
275
283
316
339
343
347
359
371
383
446
176
313
372
380
180
242
240
247
218
245
449
238
296
356
252
201
251
221
269
273
285
297
314
327
341
357
361
381
410
418
429
440
444
263
279
295
324
351
363
367
375
408
412
416
420
427
431
435
321
360
241
377
262
378
284
432
57
231
210
308
392
235
256
265
306
310
322
333
337
345
400
423
433
442
271
299
312
335
172
331
390
398
402
439
268
305
300
302
250
47
281
289
293
329
349
373
388
397
406
414
421
425
395
332
352
424
428
443
364
216
403
353
304
396
9
266
278
282
294
311
319
323
338
346
358
370
389
401
426
287
291
303
320
394
277
307
318
325
369
437
288
328
340
348
391
260
243
219
387
301
355
365
385
264
405
376
87
309
290
382
386
415
445
448
326
404
441
280
270
330
334
411
438
261
366
272
257
342
350
0
5
6
7
10
86
274
286
298
315
354
362
374
393
407
419
422
430
434
