60
10
112
77
7
8
2
13
18
78
11
53
12
15
114
4
136
98
117
20
19
65
86
1
16
49
89
174
80
175
79
61
48
150
144
28
54
153
119
14
71
73
96
30
195
63
64
162
123
141
168
97
180
50
199
56
157
93
22
26
90
45
147
171
100
194
104
27
115
87
91
137
118
161
152
9
67
24
68
58
88
173
167
29
76
108
51
121
62
188
135
164
197
66
169
44
125
32
106
133
143
193
31
196
99
95
192
102
184
5
128
21
158
145
37
140
23
148
34
43
190
52
17
163
47
182
122
177
42
146
40
81
85
109
33
113
124
131
186
3
116
134
35
36
129
126
0
25
74
75
127
84
83
132
165
185
92
111
110
160
72
55
139
183
166
155
142
105
181
101
59
176
191
189
200
39
70
159
156
149
57
69
151
103
172
170
138
187
46
41
178
179
120
198
130
154
38
107
82
6
94
