8
80
10
20
16
81
90
24
68
9
167
4
79
23
67
12
13
2
175
166
6
54
126
11
58
128
57
110
131
106
107
92
19
125
148
17
83
28
115
14
157
161
25
69
26
85
130
108
135
75
136
147
153
66
129
73
3
133
55
18
150
197
168
174
88
152
137
116
112
33
70
192
82
180
140
117
109
189
127
51
27
84
164
98
118
181
170
190
177
35
146
163
200
101
162
122
87
36
65
1
199
123
188
142
21
144
193
86
165
196
94
95
169
22
99
159
171
32
5
72
76
74
59
143
29
93
151
41
38
52
132
15
42
48
39
56
191
187
53
49
78
139
145
37
47
62
60
134
30
40
138
46
141
43
34
97
31
45
102
0
124
160
182
149
103
155
194
185
77
173
172
71
184
178
119
121
63
120
198
104
186
96
195
158
176
113
89
179
91
114
154
100
64
183
156
111
61
105
50
44
7
