101
85
39
5
2
38
44
40
36
10
105
9
12
37
35
133
73
3
13
11
41
102
45
104
93
43
17
16
0
1
4
63
106
92
129
150
42
72
97
91
147
115
15
107
186
18
128
146
136
47
174
197
20
120
173
182
62
139
21
161
185
14
171
117
149
109
183
48
190
96
160
60
203
103
131
50
77
51
54
165
153
143
88
220
127
155
187
164
152
189
29
162
178
74
135
49
99
57
134
65
95
67
166
154
30
78
66
142
198
68
167
163
46
157
19
23
116
159
28
25
175
33
61
138
130
98
84
168
113
64
52
55
137
124
123
118
22
112
108
141
140
145
122
110
125
90
126
111
80
132
7
119
94
114
70
27
71
81
193
75
169
215
188
56
208
177
206
176
172
158
87
200
213
156
179
83
58
195
218
76
59
201
205
100
207
181
226
209
151
199
184
79
86
211
214
204
26
217
53
89
180
170
82
31
222
202
192
148
69
194
196
24
32
191
34
121
144
229
228
210
219
225
223
216
212
221
224
227
6
8
