83
10
11
21
164
3
18
12
118
100
19
17
1
102
123
2
190
85
166
122
86
142
105
63
4
52
108
16
126
143
104
101
84
22
73
167
148
90
165
30
155
88
121
60
94
128
160
26
159
15
54
150
14
80
35
103
181
53
64
186
168
96
8
56
67
111
39
87
145
74
93
95
204
40
149
41
68
91
66
112
219
170
153
65
172
76
127
161
151
42
201
107
33
141
20
169
119
59
125
206
162
58
114
131
24
191
29
57
138
185
31
37
38
134
25
217
115
34
194
157
132
182
195
36
187
136
99
13
49
154
47
23
79
130
188
106
110
51
71
152
176
120
46
117
77
197
139
232
44
113
171
32
133
212
5
50
28
48
144
135
43
137
129
198
7
69
124
27
98
116
97
89
215
55
226
72
179
177
208
70
92
228
173
158
183
61
233
213
202
205
231
193
163
196
81
180
221
225
78
223
175
184
209
203
189
200
220
109
229
239
146
82
234
178
235
248
242
245
246
174
247
75
224
9
156
62
237
147
199
211
222
240
244
257
45
236
252
210
207
254
238
241
249
253
256
216
227
192
218
140
214
230
243
250
251
255
258
0
6
