4
48
65
46
88
47
105
15
21
78
69
104
118
17
160
119
176
2
170
148
174
59
54
181
64
126
151
120
180
79
157
109
91
186
66
175
72
25
29
80
16
107
56
11
149
94
13
14
97
167
132
71
111
53
92
179
18
133
128
1
129
5
130
96
117
142
73
95
195
68
99
168
206
183
164
49
85
172
58
197
90
89
20
115
23
136
70
114
24
81
30
192
162
76
103
144
141
51
110
171
154
108
101
43
102
123
74
93
139
202
57
205
98
223
50
163
116
203
19
131
155
152
219
26
198
165
147
37
100
137
138
82
36
177
28
60
27
145
40
84
161
41
67
191
189
31
166
22
3
42
75
61
210
224
218
216
241
55
140
201
182
185
190
188
86
187
217
212
143
184
153
62
207
225
38
150
87
34
159
106
200
127
113
220
222
63
194
169
196
135
35
374
156
39
134
249
199
337
353
214
77
173
32
122
215
272
158
312
350
33
208
251
268
274
290
298
300
323
333
339
341
365
83
235
264
368
345
327
349
146
376
266
292
308
331
8
244
256
281
302
336
344
352
359
370
328
228
257
288
361
282
112
211
314
124
363
304
278
295
311
279
329
193
296
321
243
276
284
355
357
378
239
306
227
230
233
248
263
271
286
310
319
320
343
372
238
247
265
275
277
285
289
297
307
324
326
338
340
342
366
45
351
246
259
316
325
242
318
270
335
360
371
237
232
253
261
287
303
204
280
367
347
240
267
313
317
332
348
369
226
234
255
294
252
260
262
273
283
291
301
305
309
334
346
358
375
221
245
250
213
373
7
121
254
269
354
362
377
209
125
44
379
330
293
299
315
322
364
236
229
231
258
356
178
10
9
0
6
12
52
