17
55
136
27
64
19
149
156
97
16
67
151
123
39
109
95
13
49
56
15
14
25
92
59
54
135
3
165
63
98
157
21
88
161
83
77
96
60
9
180
28
31
104
68
51
74
40
52
141
185
134
170
100
152
150
66
184
87
58
99
169
18
158
159
139
4
57
202
102
145
12
65
50
48
127
192
53
130
118
120
82
176
137
71
182
62
106
42
91
70
22
84
142
105
181
125
126
11
79
124
132
111
76
24
45
166
147
143
115
37
195
121
160
204
168
32
133
61
140
183
80
128
35
171
211
38
93
101
46
26
33
69
72
148
2
178
193
175
214
23
203
177
129
164
167
34
36
146
110
43
226
89
20
114
81
179
108
138
117
122
225
154
6
201
90
103
173
153
78
116
41
75
107
174
186
190
86
199
200
163
196
207
187
208
209
112
222
213
206
94
221
198
210
220
212
217
224
246
281
352
375
197
218
113
227
230
259
289
305
321
329
267
296
344
261
283
285
293
30
191
131
273
337
367
47
252
162
302
189
263
277
333
339
363
229
236
266
280
304
320
343
351
358
366
238
307
325
369
244
119
300
319
357
313
144
219
234
248
269
275
291
361
371
377
299
359
257
258
265
279
288
311
312
327
355
323
348
233
235
241
268
284
318
340
362
237
249
287
335
365
298
317
350
373
328
336
374
378
215
29
188
256
270
232
242
315
331
341
251
272
245
303
44
194
216
155
254
205
240
346
354
295
231
239
247
253
264
282
286
292
294
306
308
314
316
332
338
342
345
349
353
360
370
376
379
223
243
262
326
356
364
73
274
172
297
250
290
228
309
260
276
278
301
310
322
324
330
368
372
255
347
85
271
334
5
0
1
7
8
10
