5
95
3
84
18
85
77
86
144
148
4
185
149
107
190
32
118
76
16
23
15
11
87
25
52
14
98
202
1
2
117
97
114
19
124
17
182
51
21
65
27
9
20
10
122
8
53
63
131
54
140
109
96
132
175
64
81
78
155
158
106
172
89
141
123
112
71
150
146
188
30
70
88
110
186
66
154
28
168
39
41
12
22
99
171
151
187
90
157
170
207
173
214
139
44
218
29
34
191
221
120
184
205
159
156
79
127
31
82
35
113
130
37
91
193
128
197
160
265
108
136
26
69
169
60
234
24
111
164
180
40
68
104
181
125
46
48
203
80
43
102
161
33
49
119
121
198
116
45
142
153
83
133
115
145
162
135
253
129
138
73
36
50
42
152
47
137
101
100
134
38
126
13
6
143
178
200
163
224
67
174
55
92
209
213
216
165
220
56
94
177
226
57
59
244
264
72
239
257
223
246
251
210
240
74
206
243
242
166
189
235
228
103
179
194
263
229
254
225
245
241
222
195
259
217
105
261
250
252
147
199
248
236
62
176
233
219
208
238
58
183
237
227
268
272
275
280
283
290
273
274
285
294
93
212
192
262
258
266
247
215
260
267
211
231
196
204
269
271
276
279
284
286
289
292
293
296
167
232
201
277
282
249
255
256
61
278
281
287
288
291
295
298
230
270
297
0
7
75
