74
9
73
2
43
4
7
84
42
40
131
8
13
11
3
130
49
91
19
14
44
15
141
47
94
39
1
0
134
103
12
111
178
76
5
10
58
153
176
17
24
53
120
88
55
96
57
6
48
22
54
45
114
190
21
194
112
28
92
170
179
68
18
155
115
116
172
104
85
30
159
151
51
161
101
117
139
160
80
95
71
46
156
83
125
193
106
173
100
77
140
124
145
86
66
34
133
154
200
174
105
36
72
126
164
60
166
87
29
191
171
158
59
93
123
62
165
16
197
52
113
189
61
118
121
109
181
110
147
56
78
148
98
168
23
143
99
136
128
50
35
167
175
199
108
146
69
79
132
102
183
20
25
150
187
31
182
195
185
137
184
27
26
192
75
196
32
180
70
186
67
144
163
127
198
152
169
37
38
135
177
188
89
65
64
122
97
81
162
149
119
142
33
90
63
129
82
138
157
107
41
