43
89
3
8
104
16
10
98
73
2
90
91
1
11
151
103
156
19
5
72
78
102
13
131
17
50
138
111
135
62
92
181
56
99
46
40
105
95
30
45
9
12
94
101
14
157
54
53
169
22
158
208
44
76
26
124
15
108
123
24
61
21
159
128
121
74
164
51
179
57
58
28
214
85
163
129
197
63
118
18
133
134
132
60
77
196
173
59
79
100
136
88
29
20
23
154
195
64
220
231
130
194
144
96
222
186
68
142
31
67
167
87
150
152
204
140
109
187
39
112
143
35
33
153
160
113
180
93
80
119
190
107
174
4
38
42
176
117
70
32
52
36
146
25
116
201
81
55
65
34
115
37
141
126
27
106
203
137
84
114
110
139
0
149
120
145
75
184
182
192
211
198
69
97
170
188
189
168
175
172
209
165
232
86
230
199
177
183
236
48
155
202
216
210
49
191
125
178
47
127
212
228
213
83
224
223
234
71
82
215
218
205
66
225
122
226
235
185
206
227
207
193
171
221
239
240
241
243
244
246
249
250
253
254
233
161
248
219
200
229
247
252
255
217
237
257
242
251
256
258
162
238
245
148
147
6
166
41
7
