4
75
76
3
11
61
8
80
115
126
128
16
79
20
164
13
1
10
254
142
5
17
26
92
18
185
6
118
203
166
82
19
78
22
12
77
83
155
127
252
14
81
152
25
158
195
204
15
169
24
165
90
74
216
87
228
30
28
160
21
107
167
129
233
40
156
119
168
95
171
27
194
286
29
157
247
104
121
186
42
7
248
67
34
275
205
236
196
64
84
269
93
101
190
23
199
277
53
291
287
108
130
272
175
181
112
35
117
50
210
88
241
257
36
44
276
31
99
219
266
143
235
113
98
97
193
259
161
150
278
250
9
54
47
298
91
274
89
100
52
39
299
144
243
33
178
68
255
103
212
200
159
295
43
289
71
296
215
173
106
179
32
69
122
148
55
232
293
102
96
2
256
234
258
65
172
270
59
180
290
56
86
225
58
267
57
242
146
188
133
137
284
38
149
208
45
218
145
48
288
197
0
46
191
244
116
260
136
217
214
251
294
206
125
151
176
72
239
279
141
207
138
198
265
222
132
66
280
110
182
282
297
162
264
273
147
253
174
134
223
177
135
229
209
262
62
201
213
300
226
183
153
139
230
211
261
114
70
170
123
63
231
249
202
220
246
227
154
192
224
111
120
281
238
292
41
94
285
263
124
237
184
271
189
109
240
51
73
245
105
283
131
187
37
268
140
163
85
221
49
60
