47
144
2
66
7
6
49
67
95
1
179
5
101
23
116
11
74
36
134
98
145
37
9
70
12
68
175
187
135
125
20
69
0
16
155
102
62
65
10
76
171
48
72
79
99
54
168
82
161
64
19
133
73
195
75
104
57
126
182
100
172
96
157
174
196
117
149
52
112
199
30
14
178
53
71
78
91
29
31
189
154
8
89
131
77
164
86
88
59
84
83
80
93
90
190
3
142
180
24
129
136
198
191
51
186
121
147
188
33
18
153
181
119
128
165
41
46
27
21
158
150
58
197
170
177
32
115
194
139
50
111
55
118
173
28
141
105
17
35
151
152
61
26
22
137
113
167
132
143
44
108
63
184
13
127
130
148
192
81
176
159
25
120
109
56
123
114
34
38
45
169
163
60
103
122
85
40
162
138
124
110
140
39
97
146
42
185
107
156
160
166
43
94
15
87
183
106
4
193
92
