5
159
74
128
7
9
1
54
11
28
4
56
77
15
176
24
3
13
19
64
191
162
58
22
78
137
55
14
157
131
105
29
198
59
140
10
111
177
113
129
62
192
84
106
79
17
75
16
57
80
18
20
130
82
60
246
81
102
6
160
224
8
125
213
12
141
97
181
158
40
231
139
86
182
103
116
163
123
120
45
237
250
217
112
232
144
184
89
93
172
71
83
207
119
35
233
167
235
239
91
151
121
98
34
161
220
50
104
33
65
51
27
41
47
31
49
23
0
132
143
200
126
244
199
149
95
100
114
212
92
179
215
63
170
168
209
169
210
187
236
109
202
193
241
108
94
118
195
90
194
67
188
61
206
115
245
228
243
196
249
219
229
145
203
156
234
165
218
221
135
164
230
87
166
222
32
138
142
72
248
154
204
30
76
201
208
150
42
101
134
190
136
99
152
205
66
70
186
110
178
183
197
146
247
88
52
53
36
180
2
96
153
227
238
117
174
189
214
211
122
155
37
73
148
39
147
171
43
69
216
68
223
225
48
175
25
85
240
26
38
44
46
107
242
21
124
127
133
173
185
226
