81
222
272
140
101
43
182
136
47
117
434
163
37
32
41
92
271
9
376
99
202
57
36
137
208
42
263
227
165
495
106
417
139
39
0
167
121
301
120
170
180
84
229
365
66
2
238
72
30
75
26
264
3
128
196
250
102
285
287
49
116
374
156
8
184
108
33
244
252
15
315
14
206
197
144
228
383
341
232
123
375
288
161
406
345
34
12
379
118
122
187
56
322
427
373
389
425
242
151
392
17
309
359
109
154
218
46
25
103
481
234
207
105
469
408
183
104
310
40
185
115
329
67
181
198
496
474
55
58
141
246
48
112
304
166
169
350
462
98
204
149
158
100
188
162
145
340
384
203
346
418
317
53
50
221
6
352
249
490
125
230
223
390
214
255
199
332
226
347
426
31
457
313
27
416
442
320
256
337
412
314
179
13
422
451
172
164
305
59
299
479
261
70
168
18
124
220
200
143
54
171
323
274
138
437
38
472
160
241
311
273
216
129
224
248
294
303
307
396
209
355
280
217
69
253
247
52
155
150
77
306
205
10
487
284
438
60
319
63
110
95
225
78
245
94
470
493
215
44
439
189
237
499
210
324
471
177
86
135
302
85
366
447
235
467
35
76
142
468
453
132
297
146
423
401
201
231
71
283
441
173
45
178
498
79
175
62
281
83
236
360
153
152
73
219
148
65
29
159
96
213
147
157
97
16
64
174
82
89
90
87
74
4
68
176
211
91
5
80
11
19
459
358
480
388
195
290
404
400
399
131
478
485
488
413
477
450
107
328
295
407
257
414
432
338
321
20
403
473
336
362
334
448
275
130
330
262
433
190
278
279
482
464
291
428
276
265
192
243
454
436
357
449
267
327
127
318
335
444
133
440
429
258
312
126
266
491
410
371
368
369
387
411
348
458
395
351
382
339
191
333
298
364
486
419
420
325
378
370
372
398
443
282
455
300
361
446
113
483
377
380
475
363
381
466
393
424
292
430
497
391
349
186
286
111
24
353
259
254
194
343
402
489
251
385
28
465
22
331
260
494
452
394
463
270
342
119
296
460
415
461
435
326
397
277
354
268
308
193
21
233
431
239
23
269
484
409
289
367
356
456
405
386
114
344
421
492
476
240
445
212
316
61
93
293
88
51
134
1
7
