35
42
83
36
104
82
4
44
38
26
116
127
89
71
0
37
1
92
129
107
135
27
117
7
16
146
154
39
84
182
106
51
141
8
54
155
91
100
34
95
86
57
48
49
31
10
52
72
25
184
196
61
62
165
144
121
43
180
108
88
90
140
74
118
46
47
75
134
28
53
29
30
102
183
159
80
65
69
119
114
50
79
14
22
175
68
177
147
45
76
191
12
81
96
162
5
32
40
66
59
41
63
109
60
56
112
64
110
6
139
128
197
132
125
173
152
174
199
77
130
19
178
195
11
189
161
157
188
193
2
198
133
143
9
18
170
33
136
167
138
172
126
123
181
158
17
153
194
124
87
93
99
13
176
151
169
85
149
192
156
97
168
21
98
23
103
101
148
120
142
145
163
187
150
160
137
131
94
179
55
24
164
105
190
171
115
67
58
70
20
15
73
166
186
185
78
111
113
122
3
