194
17
416
234
4
256
7
21
10
309
14
138
12
265
191
196
42
6
195
384
193
149
13
16
104
139
300
281
145
1
133
275
134
319
150
101
433
236
204
441
325
362
2
137
396
219
460
49
445
482
293
273
280
24
197
140
97
251
23
32
413
231
26
205
474
79
147
69
343
326
142
179
478
11
302
46
153
248
19
103
376
98
262
258
217
22
421
468
414
442
174
488
361
379
106
40
87
48
470
235
392
192
211
327
229
260
244
422
220
74
91
369
27
61
239
450
222
184
237
203
68
65
125
298
136
259
497
430
218
382
381
154
299
37
171
451
294
417
198
279
99
476
316
50
301
320
75
341
345
9
253
92
288
469
249
308
131
90
95
201
202
335
43
495
487
410
85
152
224
332
225
151
226
214
446
359
168
34
94
123
317
35
44
459
449
148
173
475
41
267
115
398
403
264
135
334
141
318
89
242
295
464
84
278
375
210
67
399
209
283
452
358
481
328
36
374
412
112
491
86
347
200
60
82
238
434
240
431
228
143
436
292
212
93
58
458
276
498
83
489
124
493
216
108
81
365
494
113
33
208
241
160
415
397
181
158
29
18
407
45
457
164
54
47
402
146
178
169
330
5
484
405
438
76
247
156
56
170
437
230
88
15
324
117
71
73
78
454
383
245
72
57
100
163
252
105
162
424
64
166
55
159
177
31
20
80
157
490
62
161
453
66
282
110
63
144
444
250
38
39
172
8
165
53
28
175
52
59
176
70
51
296
342
461
419
473
360
255
463
377
187
373
257
355
232
274
486
352
303
378
291
351
496
499
188
102
116
121
272
427
297
471
114
190
182
439
447
455
344
462
305
289
128
185
233
404
269
467
284
306
440
420
119
393
313
263
353
483
391
456
448
418
223
364
368
312
354
429
323
132
286
189
350
111
118
409
428
215
127
465
331
371
307
206
270
363
400
432
285
329
126
395
261
408
120
315
340
122
109
271
372
333
411
357
199
227
356
406
277
366
472
485
314
338
480
321
386
387
268
266
183
388
492
107
349
370
348
346
322
423
401
425
435
479
390
477
287
129
207
336
310
385
380
337
426
304
311
180
243
213
254
246
367
221
389
25
394
443
466
290
30
77
130
0
3
96
155
167
186
339
