0
107
25
23
18
17
20
21
29
24
19
22
27
32
108
1
36
30
48
26
184
13
15
171
35
110
47
2
204
28
165
139
173
34
46
209
44
45
58
172
37
226
14
7
167
111
141
196
33
51
191
166
5
43
143
16
38
210
113
112
31
12
116
186
40
42
54
50
109
41
39
185
66
3
199
193
8
49
4
52
158
168
195
178
10
223
73
157
56
179
144
233
231
194
53
115
124
145
119
140
62
197
118
117
69
59
61
121
232
114
120
212
176
211
9
60
188
68
237
146
55
161
160
189
236
159
6
202
79
240
77
201
100
200
74
156
129
128
192
216
174
57
217
147
67
205
151
75
214
64
244
71
228
219
65
96
162
227
249
122
215
150
78
180
90
169
181
187
126
133
247
170
99
87
105
243
63
190
177
130
125
127
250
182
97
82
213
80
149
142
208
221
93
235
95
230
229
137
242
225
91
76
70
86
72
101
234
154
239
198
81
11
224
88
98
248
84
89
218
206
163
138
164
92
132
83
153
220
175
207
131
123
245
103
136
85
238
102
135
155
134
104
246
106
152
203
241
94
148
183
222
