170
33
13
11
3
34
158
0
5
35
32
109
106
37
12
1
157
56
191
59
63
38
36
127
104
15
10
101
52
24
4
54
6
50
60
238
55
159
22
107
53
130
192
112
189
126
190
74
105
7
9
100
92
42
147
102
144
111
221
58
69
39
218
16
70
61
176
18
172
40
57
194
164
62
41
183
14
249
103
146
67
204
222
118
113
227
132
156
136
94
65
110
179
123
241
152
116
64
226
215
207
86
145
91
178
213
163
237
169
133
244
162
228
83
148
216
161
174
141
88
173
51
138
208
128
165
79
205
209
210
75
78
219
198
43
235
48
117
182
30
108
224
184
66
17
97
77
135
49
71
80
27
220
68
93
90
82
150
81
87
187
181
85
73
171
142
140
98
175
185
131
96
177
89
239
115
21
186
76
188
95
99
180
114
243
155
248
223
246
234
242
233
160
225
23
125
199
211
121
25
231
129
154
119
232
149
202
200
193
206
137
201
26
197
20
203
44
230
247
120
167
168
45
195
196
122
153
166
240
236
134
245
212
124
139
214
31
29
229
47
217
19
143
28
84
8
46
151
72
2
