59
79
157
11
13
1
220
20
62
98
9
108
129
107
16
66
88
22
84
97
85
63
80
65
99
188
130
221
12
15
7
53
238
124
208
234
105
259
203
128
170
123
8
155
24
154
196
106
131
77
76
83
126
82
240
135
32
297
110
92
212
337
190
162
219
81
263
102
204
26
311
141
223
122
18
159
28
35
173
41
45
19
93
176
127
213
294
146
94
309
132
228
104
71
186
178
2
156
70
116
43
90
252
34
198
58
193
199
101
171
57
17
345
158
120
348
284
335
243
152
330
56
121
320
290
167
242
207
87
52
177
115
349
272
51
164
279
39
113
151
288
117
233
169
144
153
163
310
149
231
172
278
55
185
44
10
317
315
136
14
197
246
50
37
200
182
27
245
60
191
344
183
175
202
36
347
180
161
47
133
78
230
195
103
192
112
54
134
227
147
150
143
336
109
338
304
262
61
137
184
145
140
75
308
48
29
275
40
298
179
100
160
38
119
42
46
174
33
168
166
165
25
5
125
49
303
139
30
31
118
142
181
21
3
148
138
23
239
244
307
343
319
235
257
250
260
241
346
295
89
205
254
218
226
287
276
328
322
95
282
91
67
255
247
216
293
280
334
281
214
325
258
69
68
269
264
326
268
292
313
64
189
273
340
266
333
305
301
323
285
316
321
222
342
296
249
306
291
332
277
267
256
72
217
229
248
224
201
209
265
286
211
331
300
341
237
274
206
312
73
271
232
299
253
86
261
194
339
225
270
314
236
283
327
215
289
318
210
324
111
251
187
74
114
6
329
302
96
0
4
