106
18
1
111
9
4
55
16
10
61
58
13
56
54
19
89
116
20
42
199
44
45
88
108
14
112
32
195
3
201
43
12
7
59
119
163
109
196
23
57
210
132
21
73
146
8
48
17
24
191
84
5
15
223
181
252
178
133
173
83
80
70
149
107
134
63
120
31
211
200
95
242
92
275
233
271
194
22
274
288
292
241
33
238
141
110
90
172
101
69
159
126
113
148
234
295
37
127
81
115
140
128
272
40
218
278
285
230
168
188
217
228
171
29
66
251
298
206
180
277
253
232
246
71
229
78
34
47
260
64
79
46
164
240
203
41
38
36
82
60
26
11
74
257
35
28
25
39
65
2
219
208
157
170
104
156
289
287
248
161
255
166
207
100
216
231
279
236
87
144
264
184
135
281
165
215
103
169
160
282
270
93
225
152
94
129
179
235
198
174
50
121
239
266
124
283
284
186
193
136
259
102
142
265
52
299
205
114
296
192
91
53
155
245
291
96
131
139
212
97
175
273
176
190
276
256
143
183
237
267
297
244
220
185
187
118
243
214
209
269
227
138
263
204
258
261
249
75
202
213
222
30
262
224
294
67
122
62
0
123
177
189
154
247
49
250
77
130
72
85
151
162
268
286
51
76
99
117
147
150
153
158
167
6
27
68
86
98
105
125
137
145
182
197
221
226
254
280
290
293
