2
330
177
344
136
74
134
102
19
72
70
5
73
255
283
100
307
116
103
178
104
135
20
33
78
14
69
294
117
16
187
8
11
238
426
23
198
191
68
115
9
7
99
303
476
225
215
409
284
32
40
10
397
253
66
226
430
268
213
120
15
6
464
77
76
453
385
35
71
137
466
88
485
113
12
128
196
329
337
233
449
82
451
440
220
118
278
221
483
223
480
333
155
176
380
201
101
212
249
492
379
17
312
279
173
200
107
383
416
275
161
493
27
293
398
431
144
195
85
473
21
122
311
299
262
360
199
13
164
336
143
310
211
313
203
97
188
151
87
490
371
423
234
28
335
460
224
127
231
34
160
321
381
206
29
105
56
45
192
228
125
244
308
154
96
139
285
145
109
343
317
445
479
81
432
407
390
280
156
55
150
142
53
165
363
395
149
373
147
98
399
41
389
114
208
469
417
326
166
325
84
37
447
401
227
346
65
158
403
439
242
292
124
496
441
457
458
148
79
43
190
332
358
406
31
138
400
46
92
119
110
1
24
106
450
484
365
44
36
193
25
47
51
63
108
42
167
388
48
331
22
168
425
54
459
67
30
171
26
404
174
126
59
62
169
131
318
497
162
39
133
384
112
57
141
157
60
132
140
50
342
121
175
374
123
58
146
49
159
52
61
111
163
443
64
38
170
0
306
347
239
214
259
261
327
419
323
276
433
237
428
290
320
452
309
470
185
319
387
353
357
241
328
260
478
194
465
324
495
263
256
354
183
393
348
444
340
184
339
415
252
394
179
424
472
491
338
369
391
236
264
359
189
396
272
287
471
455
429
270
274
75
341
345
246
289
467
210
222
364
408
83
216
273
486
277
296
316
382
89
352
182
375
80
305
427
186
258
282
463
291
414
421
180
301
410
90
248
266
367
475
315
349
411
240
254
204
243
412
413
95
288
202
300
402
435
86
94
229
334
368
422
499
370
219
298
437
498
281
462
468
436
477
269
438
446
488
235
448
245
265
297
350
482
181
218
232
250
314
322
355
351
366
377
378
418
434
442
456
91
93
217
247
257
271
356
405
207
267
3
4
18
129
130
152
153
172
197
205
209
230
251
286
295
302
304
361
362
372
376
386
392
420
454
461
474
481
487
489
494
