115
153
346
76
8
75
113
54
58
265
56
7
55
304
111
159
253
374
74
341
19
78
9
12
11
136
1
77
121
83
262
60
202
16
367
195
178
211
117
214
407
13
15
229
236
29
212
157
63
483
196
167
429
154
252
160
59
14
403
468
4
34
426
31
39
325
112
138
264
303
79
94
91
80
333
472
261
215
203
163
408
81
276
448
384
92
89
241
347
21
475
231
88
482
95
25
57
469
97
299
6
180
378
495
158
498
322
183
487
447
310
286
122
129
146
24
20
450
30
362
453
441
198
269
320
466
273
139
93
102
260
418
493
497
481
47
371
289
272
3
185
130
480
349
208
411
137
179
233
435
342
383
443
476
10
461
491
49
149
484
44
218
194
326
84
90
285
452
172
176
171
164
234
144
35
36
406
391
161
449
103
364
151
217
318
22
268
156
123
413
458
166
464
40
331
294
170
52
247
485
488
242
165
255
267
490
118
162
106
199
50
282
86
424
284
41
108
219
173
23
85
281
100
279
17
109
42
168
107
37
155
27
96
82
18
494
62
125
104
67
26
98
43
431
32
28
361
48
359
321
175
68
142
51
5
357
305
222
399
392
315
288
230
376
314
140
116
375
366
398
133
388
143
309
226
454
254
238
352
363
436
467
377
439
72
479
438
184
459
415
189
200
430
221
368
243
148
381
477
317
499
455
201
126
335
355
379
228
440
124
473
287
496
360
328
463
128
150
445
191
492
257
460
306
182
353
409
301
338
132
437
192
120
385
225
390
405
386
70
114
311
382
414
134
456
457
213
65
266
145
197
330
127
250
207
336
332
119
394
275
187
302
401
240
423
259
434
324
64
354
283
334
232
249
188
69
206
327
73
344
71
356
489
152
244
417
419
370
237
396
387
432
358
412
462
421
220
300
235
343
258
147
380
307
416
181
223
427
444
297
135
177
486
245
351
442
474
290
210
471
402
433
296
397
422
298
350
61
239
292
291
280
329
216
337
209
224
274
248
66
410
186
319
295
190
428
251
420
246
373
393
205
465
270
348
345
278
389
339
372
105
101
193
313
141
323
174
312
33
369
38
99
308
446
340
256
271
404
425
470
131
277
451
204
400
227
263
87
293
365
395
45
53
0
2
46
110
169
316
478
