49
137
219
153
112
108
113
230
150
187
61
192
191
183
128
223
182
220
57
116
134
70
180
2
158
52
131
122
199
194
67
109
132
47
114
21
65
16
124
26
38
58
176
139
151
118
136
7
53
152
164
15
51
189
74
110
48
195
115
197
1
125
241
66
59
135
184
145
163
225
235
166
50
82
89
142
133
146
226
126
55
185
249
186
117
179
236
245
23
159
165
167
237
206
248
171
174
175
218
246
144
204
69
149
20
148
227
242
14
157
222
228
243
0
3
4
5
6
8
9
10
11
12
13
17
22
27
29
30
31
32
36
43
45
46
56
63
72
73
75
18
19
24
25
28
33
34
35
37
39
40
41
42
44
54
60
62
64
68
71
76
77
78
79
80
81
83
84
85
86
87
88
90
91
92
93
94
95
96
97
98
99
100
101
102
103
104
105
106
107
111
119
120
121
123
127
129
130
138
140
141
143
147
154
155
156
160
161
162
168
169
170
172
173
177
178
181
188
190
193
196
198
200
201
202
203
205
207
208
209
210
211
212
213
214
215
216
217
221
224
229
231
232
233
234
238
239
240
244
247
