57
28
56
43
23
17
24
85
64
61
74
147
104
60
45
3
9
10
38
44
25
27
76
11
73
116
163
87
49
7
185
161
89
160
233
109
75
99
134
46
158
20
5
32
162
79
156
41
59
12
115
224
84
8
36
34
82
240
55
26
78
65
146
15
6
245
193
35
29
241
93
50
52
175
30
140
33
16
133
91
39
186
19
181
88
232
72
143
21
13
42
234
0
83
40
70
136
97
37
58
180
63
51
62
31
220
96
81
47
211
92
95
54
67
48
86
66
4
22
176
230
119
153
243
130
131
167
187
101
183
169
108
222
229
145
102
191
226
228
236
142
194
213
154
18
178
159
128
172
225
248
221
206
157
132
113
137
203
184
138
218
103
125
219
198
244
239
126
141
174
212
110
215
189
155
127
171
170
139
152
202
117
98
200
165
199
201
242
122
231
120
114
151
166
217
124
100
168
214
227
144
179
135
247
205
237
190
182
208
195
216
123
106
207
69
90
150
129
192
177
118
105
188
235
121
238
94
112
204
107
111
246
196
197
149
209
210
223
148
173
249
80
164
1
2
14
53
68
71
77
