63
3
11
85
119
18
2
16
0
13
88
14
33
86
21
15
64
87
65
89
66
120
126
12
25
7
23
92
9
1
210
20
154
4
67
121
127
24
123
196
90
125
69
177
10
19
193
133
153
165
29
17
70
37
68
178
38
134
27
226
34
91
93
197
103
32
22
218
35
8
213
36
231
97
129
128
173
219
186
40
51
98
45
132
71
124
6
26
54
135
245
189
204
96
170
5
43
185
130
106
28
228
79
184
212
216
94
198
156
201
122
48
72
53
240
95
39
162
233
77
174
46
169
102
237
105
200
137
100
194
179
76
225
160
78
247
59
232
211
73
249
57
175
111
41
31
155
207
220
74
214
244
144
180
187
246
230
143
235
157
176
50
171
83
182
191
80
131
49
238
138
52
215
250
224
104
107
56
199
140
222
141
168
117
161
192
99
221
183
188
234
58
30
152
190
109
145
195
44
151
75
217
114
149
243
81
147
108
116
164
62
101
206
60
148
205
159
242
181
115
158
172
47
136
142
163
208
223
139
146
118
248
42
167
166
150
55
229
239
84
61
209
227
110
82
203
236
113
112
241
202
