25
17
15
29
22
98
40
14
10
46
0
16
108
151
228
9
168
33
95
12
19
186
11
156
133
30
35
206
143
209
99
198
75
148
193
154
135
231
13
233
37
169
180
146
249
32
50
194
23
115
239
235
230
234
120
178
8
44
179
229
58
28
7
149
80
34
55
26
24
240
188
86
131
171
161
241
27
49
245
225
138
238
107
242
182
1
150
232
246
237
109
45
111
96
176
18
127
6
39
48
76
42
114
165
142
112
54
132
130
170
212
3
36
157
97
172
51
162
5
41
38
70
31
100
56
210
199
21
244
61
184
43
226
236
164
113
204
63
77
52
160
213
243
190
224
191
137
20
139
159
155
203
207
175
201
4
59
136
144
163
129
197
2
53
73
79
119
122
69
101
183
104
126
189
60
65
66
102
123
128
134
145
152
181
72
78
82
105
118
153
106
158
177
214
47
71
83
84
89
173
167
227
205
67
103
81
85
248
57
62
64
68
74
87
88
90
91
92
93
94
110
116
117
121
124
125
140
141
147
166
174
185
187
192
195
196
200
202
208
211
215
216
217
218
219
220
221
222
223
247
