43
59
14
57
16
6
58
25
36
22
8
5
124
13
99
64
7
21
234
60
9
174
91
90
94
66
75
155
62
49
100
29
26
146
106
134
97
224
150
96
125
159
118
163
141
69
68
93
12
190
89
52
11
195
87
53
101
108
133
10
63
130
102
76
217
135
27
142
42
107
19
116
143
152
235
184
246
185
54
17
175
180
242
41
248
67
228
82
80
15
114
179
197
104
37
131
122
30
71
84
79
55
18
164
219
112
244
20
128
70
65
73
98
109
105
148
113
92
123
202
213
39
176
111
95
77
225
137
51
145
48
47
238
132
240
110
72
206
44
40
24
193
33
2
168
50
139
208
230
119
136
78
198
34
61
120
81
144
74
86
85
127
38
46
56
249
31
28
121
35
115
117
129
83
167
45
140
1
32
23
147
214
183
209
162
220
199
239
247
153
178
187
191
154
177
157
215
212
169
236
181
229
221
194
210
170
188
186
192
226
189
231
211
203
232
207
237
160
171
165
88
218
149
173
204
182
243
161
158
227
233
196
223
201
241
151
222
245
166
200
205
156
172
216
126
138
103
0
3
4
