120
173
77
40
144
83
193
143
217
201
187
186
185
79
244
150
192
48
196
39
184
115
20
206
10
189
84
12
75
181
93
95
236
174
228
190
224
202
146
89
176
182
243
211
24
26
16
32
99
188
45
226
14
27
213
3
195
175
200
62
88
19
198
225
81
177
78
183
204
179
241
246
208
203
31
122
207
221
222
34
231
166
197
17
172
239
247
49
125
205
212
1
29
35
51
53
87
147
170
220
232
37
178
180
210
235
245
249
47
52
54
215
0
2
4
5
6
7
8
9
11
13
15
18
21
22
23
25
28
30
33
38
41
42
43
44
46
50
55
56
60
63
65
69
72
73
85
90
91
98
100
103
105
106
108
109
113
116
119
121
126
133
135
149
248
36
57
58
59
61
64
66
67
68
70
71
74
76
80
82
86
92
94
96
97
101
102
104
107
110
111
112
114
117
118
123
124
127
128
129
130
131
132
134
136
137
138
139
140
141
142
145
148
151
152
153
154
155
156
157
158
159
160
161
162
163
164
165
167
168
169
171
191
194
199
209
214
216
218
219
223
227
229
230
233
234
237
238
240
242
