262
79
23
13
10
125
11
86
18
9
17
54
53
92
55
210
6
7
16
337
211
176
328
283
124
151
348
149
397
142
265
233
1
80
2
301
131
89
87
355
174
214
298
177
56
203
32
356
25
40
264
286
90
163
57
299
312
157
308
324
153
361
119
59
35
235
58
212
284
444
445
300
117
175
230
194
101
252
30
198
148
14
70
197
196
180
263
415
111
449
245
63
394
420
107
110
147
8
91
38
155
293
376
93
12
255
369
141
213
287
150
41
5
146
335
46
309
221
418
195
426
354
401
365
370
250
339
352
398
325
179
248
105
307
61
422
139
116
189
385
129
19
82
96
417
138
97
95
122
126
410
81
44
134
140
359
182
278
448
65
49
380
47
305
36
229
127
181
366
100
136
103
431
48
27
373
404
128
290
72
200
106
135
438
102
37
28
20
432
51
88
112
433
43
31
121
143
317
386
145
104
94
137
26
115
33
98
427
130
114
132
29
322
266
440
425
62
246
178
268
226
387
249
344
363
313
311
247
330
202
368
429
289
409
191
160
83
158
362
239
374
396
228
320
360
357
428
184
217
303
340
244
372
232
441
392
375
154
349
413
345
201
402
183
242
243
227
276
377
251
71
421
436
188
64
350
434
347
437
237
407
326
205
304
69
399
231
223
294
170
185
186
271
274
258
395
336
260
411
285
310
218
364
443
165
442
216
329
77
60
391
367
272
306
207
435
291
390
84
333
75
76
219
327
383
209
281
162
73
159
256
156
234
430
39
292
296
416
24
277
378
220
144
193
169
334
351
419
332
168
269
166
108
353
319
423
318
167
267
403
447
302
343
99
315
358
384
279
323
439
254
282
389
424
446
379
236
66
400
259
206
321
297
288
85
406
199
270
408
382
113
341
171
22
405
316
78
152
225
240
371
45
15
338
133
34
161
208
388
393
68
190
164
346
295
253
261
238
52
241
172
224
109
123
120
314
187
204
215
275
21
50
412
342
273
280
67
173
4
74
331
222
381
414
257
118
0
3
42
192
