10
150
19
205
3
15
54
61
107
141
56
11
64
8
170
57
281
55
177
7
157
244
185
9
186
12
178
153
14
254
324
17
294
154
5
151
6
62
20
74
60
142
31
68
169
119
236
71
4
332
188
118
309
272
33
81
229
92
28
155
117
116
48
109
70
344
122
22
82
124
275
223
284
333
59
323
105
72
53
264
220
235
251
207
143
171
199
172
120
159
336
110
40
65
263
190
1
29
179
274
180
252
90
83
78
270
222
296
306
349
93
189
89
32
187
106
279
77
217
63
320
227
215
79
35
66
198
216
43
341
76
69
183
331
308
36
255
98
18
260
37
84
94
271
38
135
24
75
114
197
44
269
91
221
156
85
144
128
23
194
42
21
67
233
314
26
13
51
25
58
342
46
101
87
86
103
47
27
39
52
132
73
104
34
88
50
45
95
100
327
247
130
250
262
214
123
127
161
265
184
285
259
330
267
167
113
126
174
257
261
145
316
318
240
129
289
219
282
168
224
288
335
249
346
312
232
191
303
239
246
268
348
218
317
256
302
297
328
241
140
226
343
125
339
329
237
163
164
319
322
160
137
273
334
266
149
277
283
208
301
258
325
292
310
253
291
195
230
152
112
304
234
242
300
147
193
210
202
293
238
158
211
305
243
278
196
133
165
313
166
176
248
201
206
338
99
131
276
181
326
345
41
121
204
245
225
287
80
173
209
231
286
298
315
16
175
200
213
108
136
148
182
192
212
228
280
299
340
138
139
0
2
30
49
96
97
102
111
115
134
146
162
203
290
295
307
311
321
337
347
