66
102
85
14
93
95
38
35
191
15
50
119
114
135
129
148
99
30
54
6
32
26
165
147
17
18
65
92
167
124
88
74
170
87
181
107
33
39
164
68
75
180
182
25
80
45
0
57
59
9
137
12
2
146
115
111
208
98
70
11
155
185
116
154
79
64
34
16
190
138
122
121
158
40
183
188
90
20
212
143
101
197
8
5
172
94
173
29
60
105
159
205
77
194
140
103
149
36
73
83
106
192
151
28
41
42
100
209
55
166
126
82
96
176
193
81
109
117
125
91
72
86
112
162
43
58
216
19
179
184
199
132
1
97
141
134
144
113
139
186
51
63
153
56
202
142
168
127
133
3
47
52
53
108
136
189
46
48
177
13
171
201
44
4
123
49
131
178
7
24
161
206
196
67
104
198
204
22
10
84
210
62
78
89
145
156
203
207
213
61
128
150
157
200
215
110
218
21
23
27
31
37
69
71
76
118
120
130
152
160
163
169
174
175
187
195
211
214
217
