17
11
47
72
78
186
147
58
63
0
128
21
216
83
230
174
140
85
166
71
82
81
127
76
165
84
7
101
154
39
214
212
79
89
37
144
175
111
16
98
131
8
80
15
137
116
41
217
20
210
64
162
45
93
1
108
57
96
44
31
105
56
95
100
122
18
136
196
33
32
219
24
109
227
9
181
159
77
66
177
28
87
146
163
211
49
114
135
4
68
10
232
94
229
145
125
103
67
237
50
6
134
2
60
91
124
188
151
139
12
195
42
233
231
170
70
59
142
222
25
221
133
187
90
55
52
132
43
74
69
173
152
180
160
29
121
168
171
104
112
75
156
202
102
205
223
119
141
161
23
62
182
240
126
110
46
183
117
40
197
123
36
172
236
184
192
157
225
38
13
14
150
153
3
22
51
198
27
239
65
48
201
238
169
97
53
19
148
92
213
167
54
208
88
34
30
199
113
61
206
143
35
130
158
244
115
228
204
200
207
193
99
191
107
118
106
185
190
245
155
138
129
209
178
179
176
243
224
164
120
73
86
194
235
203
215
189
234
149
26
246
247
220
5
218
226
241
242
