5
79
81
156
57
64
239
104
29
139
155
42
32
171
3
31
214
73
220
88
85
115
149
142
153
213
158
52
47
97
44
84
8
147
169
107
36
177
86
231
50
120
215
161
222
61
62
45
192
138
59
38
26
188
159
128
112
15
2
93
108
82
63
207
23
109
103
24
58
99
6
20
116
126
43
119
48
49
184
94
46
187
90
117
190
186
193
234
182
151
13
141
40
80
34
114
76
53
160
19
195
35
68
55
37
54
72
66
95
164
106
136
74
0
71
205
22
12
96
87
172
206
198
18
125
70
65
216
152
170
232
14
137
191
196
21
27
75
11
241
162
124
173
83
92
223
7
113
91
218
163
203
225
28
134
150
16
51
185
122
236
146
175
56
217
219
154
204
178
168
127
245
4
60
1
135
25
208
30
143
180
176
110
105
166
167
174
199
230
100
78
77
248
179
67
111
133
212
39
69
221
235
233
132
189
140
194
229
227
129
9
238
148
33
89
131
165
101
197
145
240
202
211
237
123
242
41
118
226
121
247
201
130
157
210
243
144
224
209
17
244
181
228
249
98
200
183
102
10
246
