207
5
87
65
79
121
105
31
170
128
157
198
41
90
57
244
30
63
204
120
42
28
229
217
29
144
162
194
125
102
232
25
17
74
110
108
171
11
82
86
26
234
206
209
50
119
93
166
27
186
100
24
199
15
98
89
146
177
202
96
43
118
114
103
156
117
76
237
71
39
62
59
129
127
190
47
141
140
228
99
21
38
7
153
88
122
227
113
9
14
161
3
183
55
70
231
68
67
84
134
167
200
92
83
137
1
16
154
242
116
142
159
37
6
112
69
220
132
53
106
173
197
56
60
94
75
45
139
18
123
8
187
191
188
10
91
216
143
193
164
52
32
13
223
19
182
163
178
225
2
85
49
0
155
66
126
172
211
72
20
210
36
214
203
73
246
130
180
165
40
133
184
12
150
35
54
51
77
136
33
169
149
221
222
109
158
248
23
95
245
181
104
44
64
247
135
101
61
97
238
147
179
145
152
160
46
111
138
208
233
219
81
58
4
235
175
185
176
189
168
243
218
213
226
230
236
151
148
34
241
80
48
249
131
201
115
205
174
215
195
22
78
212
239
107
196
124
192
240
224
