84
219
38
197
40
37
70
225
181
58
6
212
50
233
86
126
59
120
77
78
221
63
36
62
229
118
67
72
154
106
64
150
79
54
57
173
7
228
75
187
137
47
184
147
132
194
162
213
17
8
165
99
169
34
60
163
201
158
129
44
66
112
52
2
85
205
146
111
3
131
76
15
30
144
45
24
9
155
239
224
14
222
133
189
1
161
192
170
149
241
71
88
247
207
153
124
172
134
29
39
109
115
81
73
191
98
69
143
22
53
12
178
46
151
116
97
231
125
135
13
108
5
202
195
102
171
96
20
198
105
244
217
199
227
56
180
193
55
209
93
159
114
117
127
128
235
175
11
230
167
83
148
152
185
243
91
215
220
157
51
240
232
174
82
41
206
68
248
100
19
89
214
145
136
74
35
218
4
238
10
130
203
138
26
33
87
200
107
25
103
176
110
237
179
23
123
223
95
101
122
80
94
48
156
90
226
196
113
140
49
16
21
164
188
177
61
0
92
43
246
28
31
168
32
104
182
139
42
211
121
204
141
186
183
216
166
210
142
208
249
65
190
236
160
119
18
234
27
242
245
