58
65
101
91
19
42
46
14
88
10
92
44
106
37
36
55
48
137
170
59
17
22
84
4
62
128
103
20
146
7
87
68
105
81
78
67
77
9
94
34
24
142
52
127
117
61
85
29
80
72
49
102
118
18
115
28
69
141
25
151
135
0
60
70
97
153
154
73
145
89
99
125
158
51
113
150
53
143
109
107
133
21
12
130
54
131
5
6
71
120
121
134
27
79
95
162
140
163
40
2
8
32
47
63
157
23
56
31
168
38
108
122
138
57
152
11
83
75
76
93
16
148
13
26
35
82
90
50
39
86
119
147
161
171
104
126
156
116
129
155
1
15
30
33
66
96
114
144
164
64
3
41
43
45
74
98
100
110
111
112
123
124
132
136
139
149
159
160
165
166
167
169
172
