124
170
181
291
8
272
245
56
330
9
41
190
404
49
216
328
254
197
257
238
167
263
75
193
366
125
427
301
1
65
295
88
152
444
234
284
459
164
320
63
52
403
358
115
398
15
166
327
236
477
470
457
212
394
96
30
155
345
128
138
158
419
435
28
200
367
230
34
344
40
99
399
117
112
109
44
5
283
89
121
120
27
169
232
130
250
289
247
356
248
455
332
79
266
298
428
2
219
86
195
252
84
373
352
59
202
156
287
227
409
494
114
382
239
3
376
220
111
458
381
383
129
240
70
244
176
276
36
370
294
441
73
126
351
269
107
85
122
60
10
134
80
429
194
25
106
133
74
265
258
97
214
410
273
324
53
224
91
321
274
62
292
364
397
486
131
173
489
452
424
369
391
413
43
484
407
160
241
165
54
37
474
338
237
69
48
371
82
12
448
94
317
309
143
102
475
11
246
481
451
259
406
182
299
472
242
355
396
393
215
127
189
277
282
357
92
288
221
29
400
4
90
311
17
154
418
499
318
362
420
178
319
436
26
414
6
201
316
103
42
71
20
416
116
300
390
58
350
209
449
93
123
159
61
279
340
47
347
142
45
346
425
108
349
433
365
374
113
281
380
478
141
405
415
421
172
231
22
264
384
353
426
217
255
485
205
101
192
199
375
339
402
293
139
249
98
260
33
354
223
187
147
18
132
211
450
315
146
183
213
329
162
81
466
206
306
296
333
465
151
437
423
490
341
161
67
110
135
372
118
191
303
256
445
476
150
348
16
174
290
222
171
461
278
360
68
46
140
105
87
267
343
184
432
261
226
229
64
153
417
163
479
325
336
308
335
31
23
104
483
453
268
442
253
76
363
198
342
72
302
440
496
175
19
430
464
55
180
447
488
24
168
313
286
144
235
78
498
39
305
322
359
337
7
177
149
137
208
385
207
446
473
387
136
179
157
66
83
50
188
14
368
228
386
431
13
443
271
203
480
307
326
411
378
388
32
454
225
218
492
204
395
304
460
285
331
408
389
280
482
379
469
312
497
463
401
35
310
468
77
196
361
100
392
377
323
185
119
471
275
38
334
314
434
21
0
57
422
210
412
51
495
487
262
251
491
145
462
186
233
297
467
438
95
439
493
456
148
243
270
