53
78
135
86
14
36
141
65
186
104
33
192
23
58
144
219
204
85
165
48
118
28
124
134
56
37
21
87
15
151
155
221
217
57
54
140
139
161
188
71
187
215
167
110
197
95
101
70
100
136
178
10
45
137
201
112
17
102
172
129
46
31
160
60
77
236
6
225
72
184
149
109
207
166
5
47
164
121
20
203
88
159
76
193
176
55
99
51
16
220
41
93
8
226
162
32
211
152
229
0
42
22
61
133
195
177
128
235
147
11
233
199
96
125
38
114
108
75
73
206
39
127
24
179
153
130
241
237
202
81
29
34
62
214
13
148
126
49
92
97
50
68
19
119
120
43
182
79
208
228
30
170
103
205
198
246
18
223
174
131
1
212
156
158
26
82
98
183
200
122
234
59
232
222
209
4
190
66
83
175
224
111
44
107
171
2
80
230
194
185
227
213
189
27
67
169
180
113
35
173
12
52
40
94
145
143
210
218
3
238
146
132
63
240
105
91
90
244
216
168
191
157
181
89
7
106
117
123
243
196
248
142
74
69
154
9
64
116
247
115
242
239
231
84
150
163
25
138
245
