119
116
54
11
220
169
1
122
58
158
130
125
156
114
15
82
33
103
17
101
193
212
96
206
51
21
3
117
19
194
64
2
115
211
86
59
18
217
55
134
221
183
205
8
128
73
201
63
141
44
160
200
154
187
47
49
121
234
225
124
99
12
185
136
90
126
32
162
174
68
29
81
238
106
175
23
241
230
92
167
112
108
27
245
60
203
110
113
95
207
22
84
143
171
173
165
53
80
229
13
50
71
247
79
129
216
100
242
52
87
111
209
214
123
25
161
210
24
97
30
109
155
75
213
227
66
77
5
159
198
204
41
94
177
191
157
57
120
72
14
61
48
88
34
152
179
145
186
233
65
89
140
46
39
189
4
62
78
31
228
236
35
142
190
37
144
135
248
172
43
138
20
104
76
244
40
153
188
151
10
208
178
163
132
226
74
69
146
105
131
26
148
85
9
235
38
249
102
36
42
181
149
147
118
243
184
137
176
166
223
195
83
218
139
150
192
45
168
231
224
215
6
180
232
239
170
240
246
107
182
28
197
219
127
93
196
133
16
7
56
222
98
237
70
67
0
164
199
202
91
