61
12
4
117
250
268
171
244
32
95
34
124
42
77
188
11
234
198
89
85
194
105
65
233
97
7
151
45
88
322
149
78
182
259
260
50
261
70
282
272
299
209
22
114
35
184
82
41
141
74
133
67
0
167
106
49
185
55
222
80
14
131
86
10
257
21
315
128
125
138
159
165
196
162
116
242
146
76
126
191
256
274
104
72
241
183
6
266
13
203
58
44
73
255
137
283
287
23
40
225
15
33
144
93
115
285
221
112
193
152
284
160
27
271
16
9
220
237
235
157
71
135
318
324
111
316
3
219
63
229
108
79
303
57
75
2
254
99
243
113
121
31
296
87
30
140
145
314
173
122
46
110
290
100
176
68
179
292
201
214
29
101
17
64
294
277
134
252
336
197
226
109
263
281
211
59
312
123
39
118
206
84
180
69
227
161
129
153
8
275
132
127
205
306
247
60
217
280
36
204
25
215
210
94
1
232
47
273
240
236
155
293
295
218
278
199
5
286
297
189
302
150
120
238
340
213
231
190
175
270
37
202
276
81
139
177
246
148
332
216
337
265
187
54
208
130
186
200
170
253
328
279
248
224
258
19
239
158
269
347
192
91
163
98
341
343
90
262
251
334
38
344
24
195
300
156
172
264
320
301
342
169
147
53
305
48
136
291
212
102
323
143
317
289
308
154
307
329
304
207
245
107
331
52
228
103
164
142
28
298
330
178
43
267
338
83
92
311
335
348
288
174
349
56
230
326
313
166
325
96
18
119
346
51
309
310
339
319
333
249
181
20
345
66
62
26
168
327
223
321
