75
9
51
52
135
12
212
70
106
77
117
94
163
1
194
146
11
130
115
66
93
217
31
61
17
202
89
91
92
244
175
2
58
151
63
82
138
189
15
27
86
137
41
188
150
69
185
54
18
10
46
25
232
143
3
37
62
87
24
32
102
219
33
142
172
19
112
168
153
184
235
120
113
124
96
100
200
136
148
98
207
20
48
152
16
22
160
35
193
80
44
178
208
125
101
179
50
57
171
99
47
243
5
129
176
140
7
60
109
228
213
164
240
147
191
132
104
229
156
56
133
110
21
216
59
65
128
74
170
165
107
154
28
119
53
233
127
79
95
126
45
230
226
81
246
248
72
223
97
38
76
174
195
155
30
205
64
149
123
247
158
8
180
199
116
83
105
218
68
49
209
169
145
0
118
220
196
85
250
42
139
108
167
26
73
114
43
181
231
221
225
204
210
134
197
78
166
55
23
4
71
14
36
141
103
238
173
6
121
227
13
157
242
198
222
249
203
211
206
122
192
215
111
34
67
201
187
224
236
39
245
237
161
159
182
234
186
131
90
40
183
241
177
88
162
29
214
239
84
144
190
