159
127
15
216
303
105
193
327
227
254
312
258
274
326
7
54
292
189
80
73
143
245
323
409
356
341
49
149
344
53
30
455
173
351
158
479
136
115
378
63
311
363
462
77
206
150
75
165
296
107
451
435
9
374
242
131
96
100
472
276
315
469
14
110
354
215
413
132
10
86
244
422
236
101
247
102
55
45
5
471
65
187
277
338
332
421
478
358
114
369
26
129
200
117
246
441
109
186
25
278
128
306
376
345
62
78
207
253
134
294
17
364
350
275
308
487
438
448
233
130
463
224
33
176
257
230
288
468
11
336
179
222
450
167
6
400
366
153
286
29
497
41
235
122
444
384
211
18
111
426
359
177
59
297
348
52
391
137
61
397
262
231
83
221
223
79
238
281
439
118
241
58
280
432
120
195
418
437
67
104
250
283
313
20
70
60
190
249
89
239
34
93
88
234
1
268
209
414
98
2
411
152
474
461
169
218
32
423
199
201
398
416
125
491
317
267
389
319
346
457
329
184
251
46
368
427
64
188
417
28
293
157
210
477
87
81
202
198
390
151
154
156
112
446
148
494
330
113
219
431
226
339
402
37
371
168
333
243
24
178
408
302
84
196
217
476
116
499
123
335
349
287
172
342
298
321
372
146
237
232
47
27
383
213
360
72
240
396
380
334
212
263
299
261
208
144
495
325
43
340
269
310
436
362
490
135
85
147
214
126
386
429
420
309
74
76
284
56
191
16
23
95
285
459
133
181
174
433
31
68
180
279
387
365
496
94
401
197
138
91
357
121
3
22
403
155
328
314
320
160
139
483
405
464
99
388
36
272
473
440
220
301
375
4
225
447
194
97
393
291
347
229
454
443
182
304
493
205
69
316
406
92
90
482
486
367
164
106
203
82
481
460
453
498
290
119
289
307
465
264
385
266
379
331
458
13
124
161
412
343
377
392
12
171
355
166
192
50
48
424
470
259
382
399
141
140
352
295
8
162
475
373
271
428
456
452
255
265
404
256
282
273
145
183
71
318
489
39
38
442
407
449
466
337
300
430
395
370
488
485
42
394
361
353
425
175
419
410
248
51
163
142
270
260
66
228
40
103
322
0
434
252
21
44
57
467
381
324
185
19
484
415
108
305
204
170
492
35
445
480
