73
155
22
144
76
30
224
44
63
7
148
86
46
19
139
191
145
234
31
0
25
3
55
95
111
125
132
18
83
172
40
35
5
94
45
27
147
128
130
235
4
165
107
9
119
184
90
97
33
230
116
54
32
142
80
133
114
28
222
29
13
121
56
58
85
21
100
43
203
146
206
69
177
2
136
176
141
129
8
77
210
170
89
192
42
190
169
143
126
68
231
93
66
105
61
241
36
52
14
208
178
34
113
189
187
92
23
91
171
199
154
62
149
10
127
217
196
106
182
211
183
202
223
213
240
50
74
153
221
204
47
218
11
88
173
249
38
188
168
123
49
201
101
1
158
220
205
48
161
117
75
174
247
120
17
227
216
53
87
67
124
108
162
159
64
198
195
181
131
112
81
179
57
82
51
26
239
98
207
236
59
186
138
37
233
180
39
118
12
214
229
226
41
209
78
60
135
243
163
193
245
102
65
137
237
96
151
24
219
134
122
225
84
115
6
70
15
156
164
79
99
103
212
167
228
166
185
248
242
150
110
152
232
238
246
16
160
104
109
215
20
194
140
157
175
71
72
197
244
200
250
