96
46
9
152
150
102
87
184
47
84
123
92
32
129
21
61
132
53
158
17
79
2
110
63
19
70
42
39
98
149
171
99
8
86
55
83
51
124
16
13
93
43
156
30
1
130
82
111
14
25
24
45
135
146
137
11
23
85
41
6
15
126
89
75
118
185
62
160
0
144
20
36
69
58
33
173
66
44
57
172
68
107
38
64
97
60
3
168
167
128
119
193
91
182
127
142
78
117
113
138
35
73
100
65
183
27
34
4
116
169
163
5
151
106
165
50
192
37
40
95
166
81
12
80
72
56
197
120
28
154
90
134
26
74
122
145
191
59
54
164
177
175
136
153
49
48
170
157
143
77
108
71
7
195
159
133
29
180
125
162
22
10
104
88
190
94
155
115
178
174
109
198
31
179
199
67
112
161
148
131
76
18
52
105
114
176
188
189
121
101
141
194
187
196
186
103
181
139
140
147
