12
194
299
119
31
69
178
55
321
169
208
111
47
481
53
36
0
188
126
174
357
15
286
150
83
115
153
296
134
160
224
198
386
340
471
88
226
381
128
284
351
280
80
7
49
104
387
331
312
170
404
78
380
172
356
193
184
117
288
264
365
334
281
130
217
248
162
52
166
218
361
287
246
225
3
303
324
347
417
71
96
366
291
146
10
37
452
191
196
293
399
269
66
39
221
34
411
367
107
285
306
254
98
235
62
176
46
391
50
32
190
142
419
67
143
140
209
353
168
179
358
223
173
181
206
384
180
239
106
200
447
433
396
266
23
378
279
229
261
466
289
259
216
319
276
186
205
360
474
233
94
58
346
195
156
333
86
335
175
407
102
231
374
453
368
446
5
388
482
79
123
322
245
256
75
320
189
464
426
2
328
212
308
105
410
28
442
164
201
157
414
161
441
325
40
344
70
339
250
268
44
59
483
395
185
82
463
323
24
113
163
363
309
171
330
125
220
428
241
199
382
355
85
341
54
11
72
101
30
315
93
74
476
182
129
60
147
133
222
249
427
6
138
234
91
4
252
475
282
108
470
253
488
141
43
22
436
68
468
247
469
197
479
424
99
454
20
215
354
263
56
103
273
389
400
343
338
114
76
202
87
118
413
136
420
311
203
109
131
422
25
421
145
300
485
456
151
227
81
257
371
155
57
390
73
17
267
45
406
491
33
461
187
392
89
405
260
210
124
448
372
318
401
460
137
283
412
416
352
9
278
230
277
271
242
408
258
438
375
1
183
64
295
35
65
445
429
110
398
61
329
165
364
214
415
42
272
423
159
265
144
393
148
418
457
472
127
434
274
455
397
326
27
95
359
90
394
301
377
462
459
305
362
232
270
158
350
237
451
120
236
402
497
473
8
238
92
376
84
204
385
316
262
383
122
154
337
132
425
317
97
177
292
77
244
139
440
465
14
304
290
112
41
327
432
443
467
314
255
430
219
403
444
409
63
19
342
313
240
251
370
345
449
379
213
310
275
492
490
439
494
458
450
297
298
192
348
302
21
493
26
243
486
29
116
349
16
431
228
100
149
478
484
369
38
373
489
496
51
167
307
480
211
13
121
48
207
18
294
152
336
477
487
437
135
332
435
495
498
