18
121
35
47
33
217
195
126
20
90
193
99
64
185
118
1
128
132
172
130
116
43
105
138
23
6
55
96
17
28
52
107
111
147
72
102
183
180
175
140
124
50
30
46
137
62
189
22
216
179
70
86
224
220
122
48
101
174
94
234
44
150
41
144
7
198
85
58
106
66
190
91
37
187
240
133
212
176
157
192
83
219
21
200
49
3
100
211
191
139
243
12
153
84
31
163
129
152
51
15
103
69
108
204
131
158
104
10
88
42
109
36
127
178
155
82
74
169
162
159
32
161
24
203
188
221
87
208
181
134
168
166
76
45
196
151
197
89
8
119
5
4
223
78
63
206
156
97
112
215
73
40
34
92
95
71
170
214
242
142
29
229
218
11
226
61
177
154
225
81
120
68
202
38
79
222
247
236
98
235
53
57
186
113
233
143
205
210
0
27
230
56
93
80
249
148
182
231
13
228
232
248
213
141
54
25
114
184
135
19
26
123
75
146
165
199
244
77
110
59
164
209
160
201
167
149
39
117
207
246
14
239
237
245
194
2
65
67
238
60
16
136
171
9
227
115
125
145
173
241
