84
96
115
95
151
46
206
78
5
221
128
62
36
168
116
72
92
11
35
87
60
31
27
13
37
77
17
56
39
58
63
15
184
54
177
178
14
68
117
222
76
132
2
187
232
101
219
209
80
99
106
241
140
108
166
237
1
239
59
42
238
93
26
161
67
24
100
171
189
32
133
156
152
33
196
229
195
181
142
111
210
225
110
75
174
130
69
191
7
146
10
47
73
29
61
122
131
94
149
148
97
224
185
103
201
127
118
43
9
113
25
40
207
102
22
137
150
155
83
169
52
124
173
66
211
49
200
230
202
215
199
160
179
136
234
190
167
218
183
165
50
3
91
135
12
70
144
139
231
226
176
44
143
240
28
121
205
244
153
79
227
109
213
64
16
126
105
0
157
228
90
182
163
154
107
41
194
112
86
51
141
48
236
45
20
82
193
53
89
172
134
204
74
158
247
19
21
125
170
38
85
147
138
30
203
4
242
104
175
223
65
159
18
23
197
212
81
192
186
208
245
88
246
214
57
162
180
8
6
145
34
71
119
123
217
188
120
55
198
129
220
248
114
243
235
164
98
216
233
249
