145
766
147
500
682
680
1481
1695
335
2340
87
626
90
819
1033
80
243
438
583
1119
336
334
150
623
337
339
496
1034
200
993
332
1880
93
1513
448
2102
2053
434
1865
768
769
775
151
247
1987
1402
331
765
89
240
266
1804
689
420
1488
2235
1435
1400
593
686
369
2024
1302
1479
1046
148
262
360
88
253
992
364
252
2123
333
754
1965
580
1567
1112
691
1836
1023
106
798
2469
2260
749
2225
972
530
2069
2172
363
176
726
2293
2329
256
1964
24
1279
1960
525
244
264
917
1065
698
254
39
1093
265
1399
20
2067
2500
259
338
357
295
486
2357
699
105
751
134
725
1207
495
142
2242
249
648
687
1369
255
258
1320
2442
392
128
2256
1705
239
1256
1473
700
690
928
358
1455
759
693
1431
1011
215
513
153
616
166
27
1561
527
701
127
2438
1210
45
403
194
157
124
288
40
1223
15
2369
951
346
721
165
177
547
1933
251
245
2043
944
748
204
329
149
169
2063
1025
933
771
359
1269
307
1363
383
163
1227
2001
308
995
1044
983
1043
95
379
1766
2023
347
220
1069
1945
528
2137
384
1055
263
86
1864
38
529
1027
1795
192
1327
78
223
2418
361
234
599
905
750
822
297
979
397
1170
2106
655
41
631
43
1159
1927
611
1553
1743
311
930
10
2290
1319
423
488
936
2394
170
737
174
1255
815
1195
1074
1215
1595
1026
97
1863
0
1201
2190
635
1829
934
1474
891
432
1592
755
1002
715
639
1124
1039
1912
778
524
975
146
613
2522
14
573
1847
921
1212
1768
2387
1923
1924
1790
786
167
1321
2458
138
621
131
1326
463
539
300
971
646
713
1427
1584
305
1717
140
636
1209
1692
287
23
2052
2065
1396
2612
1211
1437
1629
21
499
1143
825
907
182
1460
849
805
1373
1686
2345
2203
99
1328
1305
276
2565
137
136
841
306
402
377
612
591
813
2278
2010
396
903
224
1879
932
632
452
2377
2279
1993
1551
614
609
237
898
1420
2434
1090
656
1070
1690
1724
2012
557
650
1700
886
882
1058
1436
1922
1317
2169
1091
121
391
1600
473
523
1421
2245
2071
924
1910
1403
572
2461
1001
1147
1146
874
844
872
875
871
869
873
624
1169
2120
843
1245
1835
2251
1329
1208
2034
688
419
1898
497
2520
553
1028
870
1024
2574
2295
1466
758
685
1808
694
1807
498
1919
1921
757
895
1173
2502
2503
2504
2337
1202
2388
2259
967
969
976
977
2330
2226
695
348
1355
246
2248
2252
2501
238
647
1805
2254
2611
1149
2132
2281
2450
2498
2499
1265
1906
493
1848
2247
2440
2441
1812
1920
727
2320
126
250
314
1332
1005
937
1283
2333
2066
394
1554
1126
2253
2041
1235
1237
1243
1244
1125
1131
1214
2095
2126
2422
2591
927
894
1515
1811
2475
853
2543
1559
400
531
1931
1991
2084
1806
1348
1526
1665
2580
1810
2589
684
242
2116
652
546
1366
1539
1956
2603
2334
1370
1597
2322
627
2228
2417
2444
1646
622
2524
2525
2526
406
1241
2382
1468
2389
1213
1197
1277
1581
926
1178
1179
1872
2056
1947
1948
1949
1951
1952
1953
1959
1975
407
408
2204
1822
782
718
1809
1813
2258
637
1284
1989
999
1225
1840
719
795
354
1180
890
1602
1558
1155
1261
2325
35
520
1450
2005
1325
1446
541
649
651
653
2321
506
1199
2089
852
2007
393
2570
94
1333
2332
318
1220
783
1079
1950
955
961
962
1823
777
490
2267
970
787
1586
2274
2275
2206
1407
401
1411
2551
1360
1150
2544
1221
2575
2407
1887
26
1596
1599
62
902
1304
1323
942
1585
214
1037
1423
2025
2604
1560
1905
2546
1
507
1246
2234
2269
2414
2416
1463
1216
2363
60
1442
1540
834
958
1190
1240
2577
707
139
1196
221
225
227
625
1443
299
274
2098
226
1520
1330
683
17
22
2386
2139
956
959
301
2033
207
2068
2431
788
1786
710
272
1591
1519
141
2141
2200
2
398
923
1391
2042
6
645
1247
180
13
1881
2361
704
1523
960
574
1858
2375
61
974
1236
2448
1222
706
708
709
2229
291
925
752
1250
1982
2514
173
349
674
1266
1377
1404
1418
1678
1851
2006
2174
2175
2187
2317
2465
2466
2467
2509
2124
2368
2569
4
968
2529
781
2064
2463
1003
620
618
1010
564
717
143
168
1198
1849
399
1589
2391
1248
187
2014
3
638
2280
395
1017
1770
2560
1839
2111
2427
319
615
1080
940
1135
2433
1007
1428
1465
1499
722
1268
790
1379
657
953
191
703
2239
2435
2488
96
155
273
1769
1230
1226
373
735
2406
270
2227
1331
222
791
2083
2140
2142
2436
1413
189
309
315
316
503
823
1448
1590
1639
1640
1643
1644
1648
1650
1651
1655
2133
581
1588
2292
1342
794
2351
2585
511
991
466
79
512
2114
2447
1307
584
201
1601
2326
1362
861
1522
203
205
206
1168
2076
2077
2078
1276
1281
1282
1877
900
1447
1478
1557
1576
2472
2473
8
380
1133
317
2449
279
42
123
522
947
1004
1575
1652
1653
1654
55
767
1187
1917
65
133
509
592
856
1518
1552
1904
831
1562
2016
9
1183
56
1397
2359
517
156
378
1322
228
1346
1347
1618
1821
1893
518
1132
1547
1556
1834
2096
1387
122
188
1249
1566
1995
1996
744
298
681
37
1398
1579
1038
1425
281
236
277
382
385
1610
1988
2015
2135
2412
275
711
747
756
804
1549
1550
2395
2617
789
1142
1628
1728
878
2579
2605
248
487
2346
946
633
1406
47
390
484
2165
675
1384
1365
1594
323
312
2057
720
257
846
1570
135
662
1426
1259
1440
2198
1121
1290
1361
692
209
267
269
355
644
859
1182
1620
1745
1875
2134
2138
2154
2299
2300
2519
144
913
1658
2008
2266
217
576
1016
1031
2491
1217
421
2572
12
1339
322
659
1503
1623
320
2000
293
883
519
1343
11
723
981
1997
901
911
1757
1911
508
954
908
1862
108
1546
160
181
847
1154
2378
663
809
980
982
1415
1429
1627
1759
2017
2062
2410
2455
2613
634
2109
18
179
1218
2360
208
405
1577
1832
2079
2474
881
540
561
904
1274
1278
1494
1758
559
842
1798
109
491
514
941
943
1200
1267
1507
1521
1682
1984
2183
987
46
485
858
897
1632
1966
328
952
132
1890
2073
505
1593
233
375
64
1181
1760
1761
2210
2211
2215
2216
2217
556
110
111
372
661
845
1414
1932
2432
2451
510
345
736
906
1913
2323
2397
296
808
1571
210
404
415
1299
2383
2528
492
714
1349
343
877
1166
1492
1683
1685
1852
2112
2161
2296
2615
83
84
129
130
211
212
230
231
282
283
304
353
417
418
532
562
563
577
578
607
608
629
630
733
742
851
860
867
899
909
910
949
964
1151
1184
1188
1189
1286
1287
1306
1309
1312
1316
1409
1432
1433
1497
1498
1500
1510
1517
1544
1545
1612
1615
1656
1657
1742
1750
1751
1753
1779
1788
1789
1818
1819
1869
1899
1900
1901
1925
1926
1939
1940
1944
2044
2046
2047
2054
2092
2097
2118
2119
2130
2131
2167
2168
2170
2171
2196
2197
2315
2349
2380
2381
2398
2399
2405
2423
2424
2453
2454
2516
2535
2562
2588
660
1502
1739
1019
1697
2021
2164
2209
2236
2237
2240
2358
2477
1445
569
1219
2075
2495
2600
268
610
1603
1412
57
219
697
738
739
1315
1381
1574
1820
2146
2147
2149
2150
2151
2429
2486
2566
1487
1625
1756
1270
1696
478
1506
1018
29
114
232
284
286
342
374
476
480
494
538
575
671
732
792
802
855
879
985
1082
1164
1167
1206
1338
1393
1441
1444
1454
1477
1490
1493
1530
1563
1684
1771
1896
1918
2011
2018
2050
2093
2162
2178
2180
2181
2263
2282
2362
2374
2490
2540
2583
2584
381
422
1171
1405
1854
2009
948
1233
1239
854
1075
1907
857
1372
2208
730
1491
2182
1622
1626
113
1401
19
107
158
1871
2597
2598
7
1417
1045
1873
521
537
570
640
807
988
1271
1350
1356
1496
1514
1565
1740
1842
1978
1981
2058
2284
2314
2385
2518
2559
5
724
728
1068
1078
1621
2156
2373
2443
2508
278
386
705
1144
261
475
536
731
801
1293
1475
1531
1564
1636
1861
2179
2283
784
1471
2035
2163
2264
1675
1572
2609
63
862
1979
427
481
1158
1324
1392
1536
2176
2402
2614
25
670
885
1624
2115
586
159
161
162
362
922
1631
1660
1891
1892
1968
2110
893
28
185
482
16
1504
1607
641
101
321
1263
2268
218
664
1156
1664
1747
1749
1754
1841
1998
2099
2537
2541
2552
2582
154
479
678
996
1453
2101
2103
2271
193
1548
582
595
994
1390
2231
989
1772
835
1129
1153
1383
1422
1424
1583
1833
2153
2195
2294
2327
2563
1145
1667
1672
1673
2094
2188
2348
2515
112
2212
2218
351
876
1796
2462
1908
2257
2277
598
896
1000
1285
1524
1569
1637
1638
1641
1642
1645
1647
1649
1909
1935
2246
2249
2250
2339
2370
2403
2464
2521
973
1946
1954
1955
1957
2506
2507
280
810
892
1160
1242
1354
1480
1691
1855
2060
2328
2421
2480
2482
2533
587
965
1341
1352
1353
1744
1824
1876
2291
2353
2413
2415
186
669
957
1767
2003
2437
326
1032
1318
1462
1587
1661
1938
2121
2143
2207
2324
2336
2409
2581
2602
552
1006
1224
1280
1525
2004
2027
2189
2476
2578
2590
202
1903
2080
1262
1528
66
67
68
100
216
290
292
303
325
352
356
387
388
483
504
533
535
548
550
551
554
555
571
642
654
672
673
712
729
734
743
816
817
833
848
850
866
912
915
916
950
963
1009
1035
1036
1130
1152
1161
1162
1185
1186
1191
1205
1231
1232
1272
1292
1294
1297
1300
1301
1308
1310
1351
1375
1380
1395
1408
1416
1495
1501
1509
1511
1534
1573
1604
1608
1611
1617
1635
1662
1674
1748
1755
1774
1777
1831
1845
1857
1859
1870
1894
1895
1902
1914
1941
1942
1976
1977
1980
1985
2022
2045
2048
2049
2059
2091
2117
2129
2144
2145
2173
2214
2219
2223
2238
2261
2265
2276
2310
2319
2350
2354
2355
2372
2392
2393
2396
2404
2408
2411
2425
2426
2452
2510
2536
2538
2549
2550
2561
2567
2571
2587
2608
2610
98
164
489
1472
1486
1681
1780
2085
2166
2262
2479
2576
344
1773
310
324
601
1505
2090
501
565
617
939
990
2148
2152
2523
1663
285
566
568
984
1165
1529
1619
1986
2512
1345
2599
184
260
502
832
1134
1289
1376
1476
1580
1613
1634
1853
2036
2113
2288
2297
2305
2376
2428
2616
1469
1532
2201
590
1273
59
762
1994
1464
1915
836
1389
1741
2136
2384
2534
2539
190
1992
2468
542
658
1916
1969
2592
1874
289
549
1288
1844
2051
619
560
827
1357
36
811
1378
2483
2532
58
104
118
350
376
389
414
477
516
543
544
558
589
606
668
702
716
741
793
796
803
806
818
828
868
914
931
966
1008
1012
1029
1030
1047
1062
1081
1157
1172
1177
1229
1234
1238
1260
1291
1311
1334
1344
1364
1371
1382
1394
1419
1449
1516
1533
1578
1614
1616
1659
1752
1762
1775
1776
1778
1782
1860
1889
1897
1928
1943
1958
1967
2002
2013
2026
2055
2072
2074
2088
2100
2104
2185
2205
2213
2244
2289
2338
2356
2371
2439
2456
2457
2460
2478
2481
2505
2517
2527
2530
2531
2542
2545
2547
2548
2557
2558
2564
446
567
1257
1467
2070
2470
1459
1120
2304
2255
1792
1793
1794
830
1253
602
1791
1797
596
753
2367
1930
92
1194
2342
888
824
1340
1452
1693
679
1054
1148
1677
935
1385
1801
2232
1983
1174
1359
1175
1020
2308
1837
1838
302
1878
2192
545
643
2313
175
745
1176
436
1715
1781
1990
294
677
997
1730
2032
2233
2272
44
978
1716
1765
1883
2029
2037
2270
2273
33
534
666
760
814
1088
1456
1470
1489
1882
2199
2202
2341
30
31
32
34
48
49
50
51
52
53
54
69
70
71
72
73
74
75
76
77
81
82
85
91
102
103
115
116
117
119
120
125
152
171
172
178
183
195
196
197
198
199
213
229
235
241
271
313
327
330
340
341
365
366
367
368
370
371
409
410
411
412
413
416
424
425
426
428
429
430
431
433
435
437
439
440
441
442
443
444
445
447
449
450
451
453
454
455
456
457
458
459
460
461
462
464
465
467
468
469
470
471
472
474
515
526
579
585
588
594
597
600
603
604
605
628
665
667
676
696
740
746
761
763
764
770
772
773
774
776
779
780
785
797
799
800
812
820
821
826
829
837
838
839
840
863
864
865
880
884
887
889
918
919
920
929
938
945
986
998
1013
1014
1015
1021
1022
1040
1041
1042
1048
1049
1050
1051
1052
1053
1056
1057
1059
1060
1061
1063
1064
1066
1067
1071
1072
1073
1076
1077
1083
1084
1085
1086
1087
1089
1092
1094
1095
1096
1097
1098
1099
1100
1101
1102
1103
1104
1105
1106
1107
1108
1109
1110
1111
1113
1114
1115
1116
1117
1118
1122
1123
1127
1128
1136
1137
1138
1139
1140
1141
1163
1192
1193
1203
1204
1228
1251
1252
1254
1258
1264
1275
1295
1296
1298
1303
1313
1314
1335
1336
1337
1358
1367
1368
1374
1386
1388
1410
1430
1434
1438
1439
1451
1457
1458
1461
1482
1483
1484
1485
1508
1512
1527
1535
1537
1538
1541
1542
1543
1555
1568
1582
1598
1605
1606
1609
1630
1633
1666
1668
1669
1670
1671
1676
1679
1680
1687
1688
1689
1694
1698
1699
1701
1702
1703
1704
1706
1707
1708
1709
1710
1711
1712
1713
1714
1718
1719
1720
1721
1722
1723
1725
1726
1727
1729
1731
1732
1733
1734
1735
1736
1737
1738
1746
1763
1764
1783
1784
1785
1787
1799
1800
1802
1803
1814
1815
1816
1817
1825
1826
1827
1828
1830
1843
1846
1850
1856
1866
1867
1868
1884
1885
1886
1888
1929
1934
1936
1937
1961
1962
1963
1970
1971
1972
1973
1974
1999
2019
2020
2028
2030
2031
2038
2039
2040
2061
2081
2082
2086
2087
2105
2107
2108
2122
2125
2127
2128
2155
2157
2158
2159
2160
2177
2184
2186
2191
2193
2194
2220
2221
2222
2224
2230
2241
2243
2285
2286
2287
2298
2301
2302
2303
2306
2307
2309
2311
2312
2316
2318
2331
2335
2343
2344
2347
2352
2364
2365
2366
2379
2390
2400
2401
2419
2420
2430
2445
2446
2459
2471
2484
2485
2487
2489
2492
2493
2494
2496
2497
2511
2513
2553
2554
2555
2556
2568
2573
2586
2593
2594
2595
2596
2601
2606
2607
