73
164
123
80
191
159
411
261
23
148
25
55
165
283
382
397
477
478
34
100
78
27
185
345
277
317
18
61
222
46
323
112
237
479
278
137
136
155
33
56
4
141
209
241
284
316
337
371
428
459
466
480
484
3
43
350
408
181
292
202
328
275
381
302
310
348
19
195
35
421
201
204
203
9
318
467
47
239
456
483
93
240
63
91
280
334
390
391
460
161
29
343
393
409
437
426
439
499
238
12
220
465
276
92
225
208
64
107
102
117
410
450
470
50
65
205
336
353
405
433
458
497
227
16
88
259
285
364
395
384
415
461
131
133
134
457
471
290
325
129
189
264
476
335
97
321
39
74
84
175
366
206
11
87
218
14
151
294
7
140
431
86
332
394
419
51
40
66
75
176
200
295
309
372
62
2
351
307
482
305
271
404
20
30
67
71
96
101
146
147
177
180
197
198
199
230
231
232
244
248
253
255
272
289
293
299
301
322
355
357
360
361
362
368
370
385
392
396
401
414
417
418
430
432
434
435
436
481
486
487
490
498
0
1
6
8
10
13
21
26
28
31
37
38
41
42
48
49
68
438
153
412
127
171
122
406
312
315
427
215
256
344
386
77
124
172
57
69
83
114
115
144
145
170
179
186
341
375
447
448
463
464
468
79
269
270
286
287
288
214
193
36
120
311
268
22
150
182
192
194
216
226
338
340
349
388
403
407
472
495
496
111
104
373
157
313
314
326
327
333
423
462
473
99
298
429
174
330
44
329
81
265
58
70
106
169
187
263
274
342
376
15
260
377
72
374
475
378
32
217
121
160
167
291
380
413
420
474
485
110
158
422
446
119
166
266
5
24
82
95
105
109
178
207
213
262
267
273
281
282
347
365
469
494
17
45
52
53
54
59
60
76
85
89
90
94
98
103
108
113
116
118
125
126
128
130
132
135
138
139
142
143
149
152
154
156
162
163
168
173
183
184
188
190
196
210
211
212
219
221
223
224
228
229
233
234
235
236
242
243
245
246
247
249
250
251
252
254
257
258
279
296
297
300
303
304
306
308
319
320
324
331
339
346
352
354
356
358
359
363
367
369
379
383
387
389
398
399
400
402
416
424
425
440
441
442
443
444
445
449
451
452
453
454
455
488
489
491
492
493
