247
173
25
457
496
156
252
95
20
307
453
467
471
3
105
250
251
253
254
293
387
398
400
401
407
433
434
372
402
58
71
373
439
169
98
399
358
92
97
31
73
90
94
100
150
103
48
49
52
53
151
2
336
337
346
313
154
238
281
449
325
392
393
326
163
350
492
241
141
142
460
243
335
40
280
382
257
483
279
63
333
390
421
85
258
297
61
290
261
16
18
339
455
319
330
331
64
448
166
413
418
443
472
482
342
359
364
380
386
484
385
411
412
77
68
259
405
8
285
264
469
153
160
162
294
299
338
420
424
463
480
491
464
161
321
435
19
318
146
404
406
458
489
69
148
353
442
445
446
478
22
147
269
348
365
417
158
34
32
389
468
255
37
414
165
349
244
288
416
332
334
431
144
112
145
454
55
106
391
41
397
403
292
111
438
440
296
167
45
168
267
432
42
149
159
260
284
286
193
479
363
377
246
249
91
329
96
133
152
200
376
140
10
89
6
12
35
66
70
75
83
99
108
129
135
181
192
197
199
201
202
204
205
211
220
221
223
225
229
231
232
233
234
237
256
268
273
276
351
354
388
410
427
437
451
465
490
143
302
4
54
138
23
0
1
11
13
21
26
27
38
46
47
50
65
72
86
93
114
115
117
24
104
304
101
306
278
277
82
316
481
5
312
360
30
300
311
314
315
355
367
425
426
429
494
495
324
79
39
57
102
157
239
262
298
317
378
383
283
379
423
240
62
266
343
361
368
415
441
444
461
352
323
408
485
493
466
78
59
422
328
473
29
88
369
384
476
7
113
242
436
447
477
43
44
301
310
344
370
371
428
475
357
396
498
305
308
409
450
289
320
394
456
87
265
340
486
263
322
171
248
28
60
81
110
245
291
327
341
345
347
356
366
375
395
459
474
9
14
15
17
33
36
51
56
67
74
76
80
84
107
109
116
118
119
120
121
122
123
124
125
126
127
128
130
131
132
134
136
137
139
155
164
170
172
174
175
176
177
178
179
180
182
183
184
185
186
187
188
189
190
191
194
195
196
198
203
206
207
208
209
210
212
213
214
215
216
217
218
219
222
224
226
227
228
230
235
236
270
271
272
274
275
282
287
295
303
309
362
374
381
419
430
452
462
470
487
488
497
499
