96
29
2
44
39
72
74
22
93
26
13
12
8
107
23
108
94
145
95
68
0
62
48
60
181
9
38
40
37
100
14
61
45
112
78
113
155
17
133
147
56
11
80
138
25
70
28
103
5
110
43
46
85
134
49
161
33
200
31
163
51
32
185
201
176
173
71
35
47
41
55
182
206
184
53
109
139
52
57
150
7
152
27
3
24
212
21
118
82
19
175
16
213
69
101
83
202
79
111
91
178
151
210
116
170
89
198
99
129
81
137
76
67
204
159
126
90
130
66
192
114
115
143
87
4
120
169
211
153
127
132
6
1
172
106
63
149
188
18
105
195
86
102
104
20
136
165
122
146
10
123
59
203
158
208
121
209
157
141
77
190
156
154
177
189
205
214
64
216
30
162
164
166
142
131
148
135
168
196
140
117
65
167
92
119
215
187
97
75
193
98
73
174
160
191
15
125
199
124
194
128
84
179
197
207
171
36
34
54
144
42
58
50
88
180
183
186
