70
14
107
93
77
64
113
86
2
52
0
90
33
112
134
117
6
102
31
143
36
115
133
12
65
46
10
120
60
71
85
99
103
104
34
28
15
56
147
110
180
89
140
166
194
68
172
69
30
13
1
197
79
94
88
121
106
171
74
156
20
109
208
201
62
87
207
4
17
91
37
59
167
126
92
188
210
142
47
26
164
83
43
170
48
66
139
198
84
41
78
185
63
3
76
196
181
101
82
154
155
205
42
182
136
8
186
200
114
161
23
199
131
141
128
16
149
123
39
151
11
165
72
202
179
130
9
162
27
168
132
184
163
192
195
150
124
58
24
80
49
40
193
29
97
55
53
35
118
98
7
209
158
137
204
45
32
54
25
175
176
61
21
105
189
111
122
44
57
157
206
125
116
22
187
152
173
177
138
5
178
129
144
146
160
96
153
183
190
191
203
95
108
38
119
19
127
75
81
18
159
169
51
145
100
73
211
50
67
135
148
174
