15
43
99
42
107
14
122
49
82
56
1
5
17
29
18
70
38
66
58
68
159
132
109
116
6
7
63
65
39
20
79
24
137
50
48
74
138
32
111
154
55
115
54
114
185
155
98
41
60
92
44
96
3
94
0
2
12
90
117
93
35
30
110
158
83
53
197
22
87
71
61
13
143
208
145
77
200
76
190
57
119
33
8
23
131
69
184
172
187
121
51
161
112
171
126
168
157
175
10
201
183
125
45
177
21
9
120
141
113
129
170
62
166
88
89
100
144
105
210
103
34
108
164
179
36
11
25
72
80
174
136
151
52
209
156
97
81
192
206
146
149
147
59
191
189
212
173
162
169
31
176
84
85
106
102
178
181
193
198
204
205
150
104
199
16
123
73
75
91
133
160
195
86
64
194
182
186
203
163
207
211
165
167
78
202
4
19
148
188
196
152
135
67
40
180
128
118
130
140
124
134
139
142
26
28
46
27
101
37
47
95
127
153
