28
46
69
23
48
62
76
7
112
36
26
27
90
72
118
15
49
94
38
77
125
134
51
106
22
109
85
75
3
107
154
143
95
60
64
61
68
188
126
102
111
74
123
87
30
203
33
4
14
124
86
120
130
0
11
210
10
79
211
158
127
137
82
128
117
135
113
131
165
37
29
45
83
110
70
147
20
195
104
160
161
78
8
145
66
42
84
103
67
71
13
119
2
1
121
105
114
122
52
99
151
172
200
54
187
213
202
204
63
156
53
17
56
174
208
39
197
191
190
180
163
89
168
198
139
201
141
173
183
132
178
144
150
167
184
92
65
159
192
88
101
146
96
181
40
140
136
129
91
142
166
58
182
21
16
164
6
157
193
212
170
59
206
12
98
185
196
50
80
43
25
133
189
148
179
186
100
55
175
176
207
177
169
44
205
209
171
47
149
162
93
9
24
32
41
57
194
199
18
155
138
31
34
73
97
153
152
5
19
35
81
108
115
116
