52
40
7
137
31
50
76
36
21
113
8
54
132
69
27
41
189
33
180
63
45
44
73
81
22
84
58
151
168
71
83
173
184
127
124
101
187
61
25
192
157
100
175
123
129
75
18
115
55
57
37
42
117
51
49
29
136
134
86
80
26
30
66
64
11
103
35
179
154
13
87
2
198
68
122
130
181
88
89
90
95
106
107
108
109
140
141
142
165
67
164
144
178
0
1
92
93
94
143
24
170
105
148
14
16
4
3
15
91
104
17
145
146
78
135
163
186
82
119
96
121
177
46
47
12
183
182
195
102
126
120
166
194
171
167
28
32
185
147
60
23
176
158
156
174
149
150
72
161
138
191
128
97
110
139
19
152
162
20
133
193
159
155
39
70
6
74
79
153
172
188
99
62
131
59
5
111
116
53
77
10
112
160
9
65
85
169
199
125
190
38
196
43
98
48
56
34
114
118
197
