17
77
12
62
120
53
160
76
147
75
25
89
148
44
38
41
88
4
26
43
228
133
101
157
21
47
78
183
30
102
205
87
180
18
28
233
65
0
48
121
173
66
174
132
3
144
40
58
135
63
90
27
98
83
55
155
158
67
140
176
82
50
169
221
129
35
142
86
2
211
150
8
209
9
119
39
139
170
184
134
114
154
230
138
51
186
13
235
182
70
95
109
125
179
11
218
57
112
61
93
92
143
14
242
85
71
108
196
206
64
146
1
22
123
234
225
216
165
6
81
187
106
107
126
189
194
195
197
116
115
199
200
236
166
110
152
219
167
94
117
207
20
193
172
231
131
151
16
59
222
72
188
33
113
249
105
229
96
191
130
153
137
156
226
34
171
74
52
56
15
68
213
210
69
97
103
128
164
190
192
247
60
100
49
208
45
73
111
5
124
185
24
178
10
181
36
37
104
162
198
246
7
46
161
141
243
212
99
244
19
237
84
214
248
223
127
239
220
201
245
224
118
149
202
204
175
159
232
215
163
203
32
80
23
168
54
227
42
217
240
241
177
145
91
238
31
136
29
79
122
