9
60
7
146
75
204
116
207
166
20
218
149
8
184
16
79
117
83
45
22
228
33
76
78
119
160
203
183
197
125
163
122
121
192
85
138
2
66
97
102
110
190
210
212
215
222
223
241
80
52
106
147
236
11
180
3
220
25
26
27
29
42
50
53
54
86
87
90
92
93
95
98
100
101
103
112
126
142
156
170
171
173
213
226
231
233
234
202
18
84
221
246
244
105
132
4
12
24
28
30
31
32
51
55
56
57
64
67
68
89
94
96
104
109
111
113
127
129
140
143
151
152
154
155
157
172
174
177
179
189
191
208
211
214
224
225
227
229
230
232
240
249
124
23
74
47
71
40
206
13
41
65
88
91
99
128
139
141
150
153
175
176
178
209
239
137
10
39
48
72
15
196
247
82
134
136
63
182
5
242
43
162
77
49
158
248
69
200
216
186
169
19
245
81
37
38
181
70
36
159
217
115
35
195
58
61
107
114
130
144
145
148
164
165
193
235
237
14
59
131
167
168
194
62
108
187
188
238
73
46
135
120
17
201
44
243
199
0
198
205
133
118
1
34
6
161
219
21
123
185
