75
34
164
163
129
20
136
36
113
15
66
173
4
79
55
232
130
122
131
52
81
73
111
107
53
199
117
88
23
154
22
41
102
184
33
92
38
166
200
84
9
181
97
45
180
191
146
186
109
87
37
150
29
8
65
145
26
125
243
143
196
19
74
56
98
60
185
148
85
170
238
245
162
223
227
156
110
101
248
7
123
222
67
100
188
214
192
195
202
86
211
236
160
241
224
226
193
240
179
46
142
89
64
78
27
30
13
47
207
228
217
187
96
161
42
169
72
43
141
215
209
246
176
225
95
14
6
178
105
106
153
18
121
0
94
247
58
235
63
77
206
133
61
49
115
172
157
198
220
139
158
25
183
239
1
119
54
17
137
138
2
50
93
124
135
168
132
237
174
229
127
3
112
152
231
70
71
28
16
116
48
5
32
108
83
114
11
59
126
140
128
221
51
194
21
197
234
144
205
210
218
120
204
103
99
57
216
159
147
189
219
203
12
165
80
151
82
149
155
208
91
118
177
242
104
244
35
212
190
171
213
40
175
68
10
182
249
134
44
62
39
76
201
230
24
90
31
167
69
233
