80
201
70
149
179
176
26
88
108
90
169
21
112
167
138
75
58
38
28
150
82
96
189
133
10
210
23
69
66
171
65
47
193
42
139
4
102
24
182
153
97
216
20
31
25
87
29
127
98
63
12
178
110
56
18
104
141
81
106
34
105
32
89
148
37
35
217
184
99
83
3
183
52
207
2
19
40
129
120
121
1
244
162
219
109
92
71
113
78
15
119
218
128
142
161
136
57
132
45
117
43
118
6
205
177
174
196
215
59
191
86
194
151
156
11
185
240
93
85
61
115
74
225
144
7
130
224
160
164
186
236
204
79
51
223
8
165
159
152
221
213
0
84
125
36
103
16
5
94
124
155
101
122
33
146
206
62
187
143
235
39
60
163
73
67
72
157
22
126
116
100
114
41
145
14
245
91
202
49
168
226
247
243
9
95
111
44
192
238
190
173
222
30
154
200
214
17
48
13
242
197
220
76
209
188
170
137
237
241
46
166
181
180
239
55
158
203
68
135
234
208
233
229
50
147
140
248
246
199
64
230
212
107
228
195
134
211
231
172
53
232
198
227
131
249
27
77
123
175
54
