182
248
324
244
76
18
28
11
16
149
77
38
147
78
68
75
61
15
230
49
58
87
335
0
136
43
156
174
113
180
65
268
186
157
327
23
247
235
6
226
337
13
262
114
159
40
57
126
280
109
249
161
92
123
223
73
207
227
344
155
88
201
55
259
46
232
14
176
198
62
310
251
120
125
139
199
216
8
91
278
243
293
64
152
215
160
116
270
257
19
111
138
17
151
203
319
54
20
165
4
204
66
301
210
118
27
242
162
96
258
250
137
83
172
218
153
95
31
179
177
7
98
333
214
254
295
339
185
346
89
42
196
317
107
37
22
32
129
72
41
51
132
133
239
284
69
124
102
282
67
128
253
340
298
183
202
347
150
50
103
130
131
273
274
275
164
308
300
34
82
192
297
315
142
146
311
314
178
12
33
168
211
93
246
212
252
24
187
104
194
141
236
349
264
320
56
193
167
52
263
35
86
225
105
276
208
209
292
190
213
277
10
309
342
2
44
154
63
166
341
195
330
60
245
48
240
272
115
36
322
220
188
307
303
84
294
71
271
288
323
53
316
266
321
145
306
332
205
334
47
169
283
286
121
234
122
318
312
325
45
119
3
255
106
229
170
228
237
285
328
144
329
348
331
304
222
85
261
9
29
184
299
134
241
39
110
291
117
287
206
143
338
108
97
189
256
1
74
231
290
101
25
219
233
99
173
171
305
70
135
345
30
21
90
260
326
112
26
94
343
302
313
267
224
81
140
279
100
296
158
80
5
175
127
336
281
200
197
148
191
238
217
221
265
269
181
59
163
79
289
