182
70
112
100
76
158
90
177
11
168
98
22
14
65
37
58
81
113
116
128
36
217
165
42
123
213
12
130
19
64
9
135
147
200
103
160
221
54
124
94
41
163
134
27
187
233
132
2
223
224
122
157
24
38
222
26
43
79
30
120
184
164
125
146
236
143
229
86
18
23
239
91
21
88
57
32
10
218
206
137
207
72
174
1
181
205
52
85
55
13
53
6
59
82
153
114
105
145
144
89
50
5
46
49
172
78
138
77
155
73
84
210
102
176
171
108
242
31
45
118
51
3
15
136
4
141
17
69
197
203
40
33
159
237
238
193
151
148
156
74
170
219
228
71
126
220
169
109
75
225
232
186
121
101
248
241
127
48
191
178
62
95
129
142
28
99
149
250
189
68
175
185
131
139
240
104
243
0
226
196
107
245
20
83
56
61
63
161
25
167
35
201
188
7
215
150
166
208
96
180
199
87
227
202
216
234
244
8
211
230
235
173
190
119
140
106
110
47
212
39
97
117
247
162
29
214
93
152
246
111
183
67
66
209
192
195
80
92
154
115
204
231
194
198
179
34
60
44
133
249
16
