127
55
76
82
198
18
68
51
141
162
151
106
126
124
54
38
50
212
77
102
122
56
42
217
86
161
170
174
211
83
27
131
241
41
130
5
168
53
177
176
156
243
90
144
0
17
128
81
43
171
208
169
147
206
166
62
23
37
71
145
201
159
60
65
94
202
6
8
9
92
93
111
113
117
118
119
132
133
136
137
138
178
180
181
188
220
223
225
139
246
24
14
205
29
31
64
91
95
110
112
114
115
116
134
221
109
245
2
12
150
34
98
66
67
69
74
155
232
46
7
10
135
179
222
224
49
26
11
191
227
247
89
185
104
88
240
244
13
165
209
28
30
63
203
146
189
218
32
73
96
120
195
35
22
187
143
219
47
20
210
39
36
216
242
193
45
149
100
148
87
173
108
183
200
226
79
197
215
101
40
199
21
3
228
235
237
99
194
105
158
153
1
80
154
107
182
190
192
238
248
33
234
163
72
249
142
239
121
140
84
204
229
48
207
103
236
214
75
59
97
4
164
230
85
70
186
196
78
57
58
125
52
184
16
19
129
152
123
231
157
25
160
44
167
175
233
15
213
172
61
