22
116
24
64
196
235
55
6
211
73
145
158
209
226
230
217
38
88
77
35
65
182
31
142
143
216
225
246
76
78
34
3
4
13
20
52
82
91
96
100
103
105
108
112
120
128
132
137
138
141
153
154
155
166
187
197
206
57
67
131
169
193
214
79
9
45
62
85
81
26
61
115
184
190
212
32
191
11
12
14
17
18
19
28
29
42
43
48
49
50
59
72
83
94
95
97
98
104
106
107
109
110
111
124
125
129
133
134
136
139
144
146
148
149
150
152
156
159
160
161
163
164
167
171
172
173
188
189
198
199
200
202
208
215
232
233
238
242
243
244
247
249
74
180
224
236
21
47
178
205
219
221
36
181
75
0
1
2
8
10
27
30
41
51
53
58
60
68
71
92
93
99
101
102
113
114
119
121
122
123
126
127
135
140
147
151
157
162
165
170
179
185
186
201
203
207
222
223
227
228
231
239
240
241
248
7
25
37
39
40
54
70
84
89
117
174
183
194
210
237
245
86
168
234
46
177
195
87
118
5
15
16
44
69
90
175
176
33
63
80
130
204
213
218
220
229
56
66
192
23
