247
85
178
161
291
337
322
208
87
215
125
56
356
219
157
135
284
229
118
42
189
394
181
474
51
66
252
303
231
382
347
327
246
428
400
57
302
101
468
233
286
140
10
17
183
256
164
147
171
313
9
346
210
180
276
104
25
44
6
220
169
69
255
116
179
83
16
173
62
45
199
86
107
98
148
387
103
115
332
150
18
374
280
390
137
312
207
13
194
317
30
152
227
168
141
307
22
1
46
268
89
235
76
160
269
362
342
48
138
102
36
195
492
205
185
136
465
273
109
63
288
349
133
245
97
377
134
441
367
333
259
365
212
112
223
475
71
19
214
58
491
186
81
7
26
29
297
28
40
8
114
281
23
239
418
266
119
478
407
417
410
67
11
285
31
113
353
274
289
334
250
154
360
462
455
175
74
293
439
479
144
383
398
131
263
130
262
408
443
486
264
378
184
393
155
37
61
243
75
88
196
121
241
14
354
111
249
350
234
340
2
499
187
309
237
84
201
188
275
139
364
419
296
298
295
32
318
73
21
311
386
348
294
380
495
60
43
287
449
93
366
444
92
299
416
35
370
442
389
126
458
106
3
292
290
38
343
420
142
375
359
124
128
494
191
232
381
395
425
47
423
166
388
480
198
110
174
50
430
310
328
200
117
464
204
91
96
65
352
163
151
105
446
242
392
496
369
33
409
68
405
272
55
238
34
357
414
222
20
457
24
176
421
404
469
459
308
483
271
314
192
487
217
72
436
497
456
411
448
473
447
471
108
283
331
146
254
236
170
461
279
225
122
326
406
460
167
39
319
484
472
324
202
27
0
216
325
344
403
100
470
145
396
132
422
41
435
82
488
260
300
301
402
431
64
240
70
52
159
224
376
466
373
206
304
244
193
452
59
485
315
424
391
320
4
209
127
153
306
363
433
330
321
218
78
190
54
341
453
94
253
438
345
99
165
451
282
149
156
158
336
261
226
361
323
413
270
498
172
384
339
440
305
482
329
258
197
489
182
143
15
467
267
427
162
316
385
213
437
278
338
372
129
177
490
95
265
412
426
203
454
434
5
429
368
415
445
351
277
123
397
450
80
77
477
481
79
493
230
12
228
221
355
49
120
399
476
401
90
53
248
358
379
463
211
335
251
371
257
432
