98
18
114
48
63
200
122
58
125
207
199
128
103
198
44
35
37
142
154
22
232
209
13
69
15
152
3
56
47
120
14
46
26
61
85
113
2
108
161
107
94
167
73
82
5
91
221
21
112
84
50
76
135
51
101
235
138
24
25
27
148
211
92
53
119
143
96
57
79
65
105
93
219
75
109
81
141
187
88
38
16
110
54
52
155
42
118
99
150
43
34
60
95
233
131
234
153
19
78
163
151
202
4
226
70
100
206
189
83
215
178
250
11
184
28
172
64
230
111
194
137
204
213
195
144
196
214
242
237
183
246
7
239
217
30
244
71
218
247
236
0
162
146
9
134
115
117
241
86
49
220
243
170
210
249
80
124
39
140
89
132
228
59
165
176
41
190
238
193
17
136
225
185
169
171
168
188
158
20
231
97
229
104
67
6
33
248
130
72
123
8
66
102
240
203
90
68
74
10
186
205
192
197
116
159
224
166
77
32
182
173
139
87
45
174
36
181
1
145
227
126
121
191
62
106
133
201
127
180
177
40
212
216
156
164
149
31
160
157
179
29
208
245
55
175
147
23
12
223
129
222
