94
138
195
53
73
125
206
135
88
161
246
49
102
113
67
4
17
32
173
105
52
164
12
42
180
3
31
84
134
179
198
202
203
209
34
104
6
44
21
25
27
30
61
71
72
79
80
107
110
148
158
166
183
190
224
229
234
243
245
14
19
87
96
115
140
150
175
216
199
200
201
204
208
155
214
128
93
137
211
8
11
16
33
181
85
143
194
196
207
210
124
2
9
10
15
22
23
24
26
28
39
40
47
56
58
59
60
62
63
64
65
74
75
77
81
82
83
89
91
97
99
108
109
117
118
119
122
151
152
153
160
162
167
168
171
176
177
178
184
186
189
191
192
217
218
221
222
223
228
244
249
51
131
227
205
1
36
46
69
220
242
248
145
130
50
197
20
29
37
38
57
70
76
78
90
92
98
100
106
111
116
120
121
123
141
146
147
159
169
170
185
187
188
230
231
232
233
237
240
48
66
101
132
133
154
156
172
193
225
236
238
212
43
103
114
165
127
0
68
129
139
149
7
41
55
112
142
157
163
182
235
239
226
18
35
45
86
95
126
136
144
174
213
215
247
13
219
241
5
54
