14
263
31
168
65
24
208
19
9
228
144
151
52
105
74
57
193
99
49
109
80
36
160
177
238
282
8
153
140
123
51
225
64
83
126
42
194
13
30
150
213
216
289
0
125
100
269
288
164
234
128
43
141
184
223
138
129
273
4
75
253
212
107
249
67
61
66
258
117
119
267
201
46
96
29
185
136
135
244
242
45
33
290
112
222
41
84
5
59
134
219
172
227
93
90
157
291
62
181
215
86
210
133
145
229
245
56
205
58
39
211
180
162
190
88
94
147
217
246
241
266
72
6
89
69
230
118
261
161
91
34
11
285
87
240
237
92
120
292
271
124
76
175
35
189
158
3
206
1
21
12
18
28
40
231
38
224
50
254
232
63
115
276
250
55
97
167
79
297
77
198
71
16
146
199
70
200
155
187
104
247
37
142
243
116
114
207
23
130
251
299
101
47
171
26
252
278
143
221
17
280
196
25
264
188
279
110
248
265
295
113
148
218
170
149
152
7
257
197
54
209
191
277
111
275
260
204
235
131
163
2
226
60
173
108
27
296
78
174
262
283
48
159
195
132
106
192
179
186
103
202
165
287
102
166
154
137
214
281
286
82
268
98
73
183
139
22
53
284
95
68
298
178
233
294
32
122
256
239
236
10
255
156
15
203
182
293
44
274
127
20
259
85
81
169
176
121
220
270
272
