132
12
46
28
124
137
107
86
5
23
104
252
39
111
307
55
288
14
33
109
7
20
11
76
116
192
29
108
99
197
271
41
105
315
118
144
160
83
350
43
313
273
119
37
22
1
121
79
130
3
2
211
26
89
35
92
4
123
300
113
169
207
183
220
261
42
110
45
21
80
32
103
181
153
243
176
185
95
40
106
117
114
166
302
167
186
216
159
174
15
36
25
112
52
240
222
253
102
61
67
168
17
155
228
227
262
58
199
335
143
223
247
289
329
129
140
239
120
191
73
232
316
266
128
49
304
268
287
200
44
27
131
201
8
34
47
24
64
10
30
325
115
38
127
226
214
235
139
147
175
208
209
225
237
244
272
330
358
301
70
122
13
19
283
285
293
48
257
248
318
149
292
162
161
138
310
150
355
125
126
184
206
241
279
154
165
204
205
230
251
256
296
297
298
305
267
16
6
136
31
221
280
281
299
333
354
193
170
219
224
236
277
345
351
50
141
142
158
180
217
218
234
246
294
295
303
306
326
336
353
152
182
238
286
327
242
245
173
348
334
359
51
196
96
9
172
284
331
145
338
314
135
202
203
328
352
362
146
171
229
255
270
311
342
356
151
177
278
210
215
274
319
156
164
360
157
340
276
346
269
343
233
18
53
134
265
361
133
263
163
187
231
258
275
332
341
84
77
81
178
323
339
148
189
344
54
198
212
213
347
357
194
259
312
290
179
188
190
254
282
195
250
260
337
349
317
324
0
249
322
308
291
321
63
74
309
59
264
320
68
71
75
88
56
69
65
66
72
93
94
101
60
62
78
57
87
82
85
90
91
97
98
100
