157
105
150
14
252
51
131
54
21
40
207
222
109
201
261
156
212
149
148
282
330
339
360
372
406
418
439
451
462
94
34
58
88
224
9
240
20
22
30
31
68
80
180
250
2
67
114
208
267
193
256
383
227
75
139
140
188
251
255
269
297
444
456
120
137
182
474
116
57
89
118
163
186
192
290
42
237
65
71
326
274
107
55
12
331
130
198
167
187
221
73
87
97
179
117
132
320
325
340
428
481
488
245
124
234
283
284
322
323
350
365
366
396
433
464
8
23
64
126
223
0
10
17
246
27
48
53
72
110
92
169
6
175
28
305
143
204
319
43
225
504
81
135
235
78
206
270
306
177
101
480
162
197
121
155
115
170
161
293
341
347
356
379
445
454
475
510
511
76
266
303
311
353
384
389
390
403
408
413
415
416
432
458
494
495
382
435
508
509
60
98
199
236
171
11
26
83
37
209
39
99
125
5
103
35
160
233
7
202
229
138
146
164
176
226
100
158
141
145
173
238
258
271
254
45
49
77
84
102
113
119
128
189
166
200
249
253
127
213
136
401
405
438
461
473
230
321
329
194
195
210
216
219
247
248
260
70
129
133
317
214
399
400
82
90
95
96
280
304
349
373
374
392
397
402
407
414
419
434
441
457
463
466
479
486
487
502
503
307
354
272
393
181
348
86
231
41
15
228
265
211
218
259
308
154
122
239
244
268
324
496
47
429
4
25
38
44
62
159
185
24
61
33
104
1
16
19
29
59
13
79
85
91
106
241
184
144
172
190
191
66
165
93
108
111
112
152
220
147
153
178
232
264
203
395
142
183
263
276
278
286
288
291
294
295
309
313
314
316
333
334
336
337
338
343
344
346
351
357
358
361
362
363
364
369
375
378
381
409
412
424
425
427
430
436
437
452
453
459
460
467
468
469
470
471
477
490
497
500
36
69
56
123
262
134
196
257
205
50
63
74
174
168
32
46
52
18
302
217
355
476
332
243
285
310
315
327
328
352
368
376
377
385
410
411
421
422
426
446
448
449
478
485
491
498
501
507
342
273
281
289
296
359
371
398
417
450
499
505
279
391
394
404
465
275
277
287
292
298
299
300
345
367
370
380
386
420
443
447
472
482
483
492
506
318
242
301
312
335
388
423
431
440
442
455
484
489
493
215
387
3
151
