33
149
48
8
113
40
104
136
10
78
26
74
65
38
37
80
42
127
194
0
166
151
264
18
29
115
5
39
242
41
71
141
109
118
143
31
47
204
27
25
119
237
254
120
103
172
186
188
105
116
98
121
106
128
162
46
93
114
34
124
126
219
200
68
319
148
11
15
161
123
156
187
169
28
157
232
223
261
12
112
117
130
238
239
1
181
213
36
21
129
243
317
142
168
32
231
3
184
190
293
298
227
248
273
352
233
322
327
253
90
160
49
132
4
125
55
83
95
30
311
110
164
259
170
107
135
77
134
299
44
9
14
6
35
150
174
84
183
178
197
214
234
315
356
251
7
17
196
198
217
235
269
344
296
144
257
180
147
108
102
179
199
218
339
224
288
19
111
249
61
276
193
195
215
247
270
271
281
297
331
350
101
43
50
54
122
88
175
216
280
312
348
221
13
45
208
139
155
165
340
342
358
2
290
94
58
20
62
362
153
314
341
303
325
16
209
66
73
212
176
177
189
244
246
265
277
330
351
220
245
203
278
285
313
343
357
262
22
222
173
228
260
87
137
138
140
152
154
230
274
286
287
304
328
329
345
359
320
24
289
131
133
185
241
256
306
240
255
225
205
272
347
349
302
292
202
307
318
267
53
321
334
191
275
279
346
316
361
201
229
263
252
268
324
335
291
353
236
360
192
171
282
310
258
163
167
294
308
326
332
354
305
250
337
338
355
64
300
301
158
226
266
309
295
283
145
146
159
182
333
91
323
207
284
210
336
206
211
81
51
52
70
86
92
79
63
57
69
75
76
99
67
72
56
59
60
100
23
82
85
89
96
97
