4
244
164
270
283
142
230
61
251
186
277
462
91
181
195
205
262
269
188
264
274
258
223
201
121
222
113
134
148
250
167
254
147
154
196
215
243
257
237
208
58
160
123
74
272
43
14
28
35
94
103
174
7
48
107
202
8
101
151
199
221
598
54
590
600
604
593
599
182
228
41
22
114
128
192
236
266
586
612
616
80
115
87
67
367
580
582
614
621
625
84
576
585
587
601
610
619
620
622
623
579
583
584
591
592
594
595
602
603
605
607
613
282
157
617
88
137
163
184
515
569
161
9
21
158
265
141
143
156
173
180
187
197
242
267
162
217
175
12
52
65
125
57
170
314
380
396
508
140
640
20
70
289
327
434
501
574
169
144
589
606
611
624
636
489
75
77
588
596
597
608
615
618
630
124
303
200
253
263
227
285
209
246
334
341
542
232
235
581
697
813
146
252
256
149
153
159
166
212
224
225
27
120
575
577
578
233
155
198
126
17
83
97
150
191
273
286
354
393
410
446
459
473
518
556
211
214
1
63
127
486
207
10
529
5
23
25
26
36
39
226
701
111
194
239
44
177
218
260
300
407
421
490
85
609
179
219
240
261
279
280
13
34
50
268
176
183
216
231
245
259
40
90
68
152
165
185
193
213
238
276
110
547
32
49
190
203
96
82
86
116
626
249
171
241
275
278
59
72
132
145
6
15
18
19
24
53
66
73
76
79
93
100
130
117
92
284
56
31
204
210
255
281
95
29
69
168
189
271
0
3
11
33
38
62
814
234
45
78
99
104
105
112
131
42
136
2
37
46
47
55
60
71
98
106
102
119
129
122
135
138
81
16
30
109
64
118
311
690
708
745
788
800
889
936
956
962
51
133
297
364
375
384
656
635
639
646
652
674
689
704
707
710
729
732
743
749
757
767
768
780
799
802
816
821
829
832
843
856
857
905
923
950
987
628
634
643
644
645
650
653
654
655
662
663
670
675
676
677
680
682
693
694
698
699
709
719
724
737
758
759
760
771
772
776
777
781
783
787
792
809
824
840
849
850
853
855
859
860
868
870
872
873
878
883
886
895
900
908
918
922
925
926
930
931
932
939
941
944
945
946
955
958
959
964
972
980
981
984
986
638
648
649
659
664
667
671
672
681
695
712
714
717
718
722
735
736
744
746
750
753
754
773
782
786
791
793
795
807
819
822
823
828
835
836
839
841
845
858
864
869
881
882
888
904
907
909
913
927
935
940
953
954
963
970
979
985
651
661
666
668
669
684
706
728
733
751
764
765
774
789
798
837
838
847
866
874
884
890
892
902
929
933
942
943
948
949
951
960
975
978
982
637
705
713
723
741
755
778
804
808
817
818
827
848
854
863
865
887
896
912
914
967
971
976
899
172
178
206
220
247
248
89
108
915
291
318
331
338
351
398
404
418
438
444
450
452
477
483
526
801
842
875
973
392
345
358
371
426
464
498
687
919
627
629
641
647
658
665
673
678
679
685
688
692
716
731
734
752
763
769
770
775
779
784
785
806
815
825
826
833
846
852
867
880
885
893
898
906
910
911
928
937
966
968
974
988
657
660
691
711
740
762
790
820
861
862
965
139
632
633
642
683
686
696
700
703
715
720
721
725
726
727
730
739
742
748
756
761
766
794
796
803
805
810
812
830
831
834
844
851
871
876
877
879
891
894
903
917
920
921
924
934
938
947
952
957
961
969
977
983
989
990
229
366
401
405
471
897
306
320
390
456
492
502
901
916
292
305
319
324
377
385
412
431
435
470
505
512
520
533
535
631
702
738
747
797
811
425
516
315
316
342
346
355
382
413
414
422
440
454
494
509
510
539
560
562
566
570
296
307
310
363
383
397
402
469
476
532
298
312
313
325
333
339
391
395
419
458
506
528
540
541
545
554
567
317
329
330
340
353
368
381
387
389
424
433
442
448
455
457
461
472
480
507
543
544
552
557
290
304
337
350
376
386
403
411
417
427
430
436
437
449
451
463
482
491
497
511
525
534
293
323
344
357
370
374
443
503
504
519
288
299
301
302
326
332
352
365
378
379
409
420
445
460
484
487
488
499
500
513
514
517
527
555
568
287
394
406
408
432
485
546
294
295
308
309
321
322
328
335
336
343
347
348
349
356
359
360
361
362
369
372
373
388
399
400
415
416
423
428
429
439
441
447
453
465
466
467
468
474
475
478
479
481
493
495
496
521
522
523
524
530
531
536
537
538
548
549
550
551
553
558
559
561
563
564
565
571
572
573
