504
1017
462
381
560
352
1286
435
607
328
665
1123
707
544
129
621
1010
290
1201
743
453
1289
368
618
131
701
969
483
1166
198
258
261
725
253
296
120
1068
342
530
375
633
1667
569
336
392
199
46
426
486
1147
960
1065
153
1464
1527
164
1099
122
650
137
687
1292
32
37
931
984
209
292
315
1
314
625
409
899
65
1031
191
99
976
1512
1725
703
31
752
184
655
916
1627
833
309
179
1215
1646
1688
429
719
542
150
448
600
419
887
1169
44
113
277
232
1112
759
1585
778
1101
1554
260
521
237
466
760
811
28
270
183
1448
345
362
432
854
694
985
557
61
727
1269
25
641
360
1603
236
1383
593
1152
159
575
1624
428
537
588
850
1168
1349
1250
9
224
385
988
1676
363
815
1047
997
874
274
124
792
1034
1258
405
750
1549
423
1302
1062
1608
982
250
1150
1225
1599
1188
34
86
126
123
335
438
709
289
596
821
325
389
465
936
1005
971
127
491
212
106
615
848
1635
414
1055
492
555
767
1432
312
343
635
578
11
1316
495
559
1194
295
756
1116
308
74
1399
154
645
922
215
306
810
1557
1509
206
765
1338
586
516
1336
1453
104
172
374
1214
957
858
1039
722
609
420
317
340
1018
1251
1368
1592
190
735
282
1033
1472
1841
305
1014
297
1222
864
421
524
924
554
355
928
1281
55
558
662
954
1190
262
804
1504
1639
134
451
692
787
900
951
980
1457
1485
1708
603
720
1072
430
480
40
43
666
1858
907
226
200
204
1589
1522
20
152
218
549
991
1823
456
1261
18
525
590
1580
1442
1561
1754
320
1137
990
677
326
334
1061
1178
822
953
1449
38
1770
125
1054
177
370
173
562
1187
818
894
1674
416
856
890
445
889
1020
1594
1808
1789
1115
47
1438
4
410
479
911
1133
1193
266
1397
1572
1417
128
1552
1069
1247
1288
1426
1531
514
1084
748
1726
576
281
1694
1307
268
587
661
1264
1550
1778
8
15
527
547
591
629
683
730
994
1140
1164
1211
1236
1241
1248
1493
1551
1615
1777
1832
2
1468
680
998
1490
1616
1752
130
689
470
500
506
187
143
612
304
1246
24
313
431
535
443
644
736
866
914
1285
1652
205
1697
1520
121
136
141
148
196
520
540
565
619
667
698
763
785
799
803
872
902
905
950
962
1036
1179
1230
1369
1421
1539
1542
1605
1614
1683
1765
1780
1801
1826
1857
176
939
1266
1429
1806
501
1446
849
170
1514
585
952
1387
1428
1447
1579
1647
167
235
1102
1275
497
12
379
695
883
1237
1249
1423
1481
89
1126
1154
1191
1779
156
168
545
627
710
1207
1216
1809
286
688
819
1087
1121
1545
1588
220
344
1159
1461
105
1658
1629
1631
1022
681
1365
1487
109
1182
406
546
1515
577
228
1672
380
146
412
493
538
702
742
885
888
1328
1543
1748
1171
240
631
741
745
797
1027
1134
1139
1156
1320
1535
1577
1583
1729
1761
1831
534
539
630
690
903
1023
1128
1242
1271
1364
1456
1486
1575
488
1355
1567
1691
330
471
563
670
738
870
1113
1176
1360
1569
1610
1711
1739
1763
1769
1807
1045
41
1082
642
904
402
673
285
324
1445
1699
507
1537
434
387
463
1052
921
21
1079
1131
1272
1398
1440
1470
1662
1744
1843
365
1392
407
656
844
1238
1243
243
708
1043
1324
1564
1855
358
1257
1346
1380
1645
1794
384
23
180
411
584
795
909
1109
1124
1613
1671
1719
1141
1185
1161
496
532
582
685
697
780
806
813
859
884
910
912
913
918
919
993
1029
1030
1132
1306
1362
1422
1479
1574
1578
1609
1709
1797
1802
7
29
1547
1315
17
145
162
185
233
573
653
704
775
781
801
869
1322
1351
1418
1467
1475
1715
1727
202
311
455
857
956
978
1053
1301
1698
1833
35
201
5
189
222
264
278
372
378
499
589
622
658
772
845
855
926
986
996
1056
1091
1094
1129
1378
1506
1548
1749
1078
1388
617
1607
1663
158
350
458
632
684
762
837
877
944
1106
1229
1297
1525
522
981
1295
1427
1476
1584
161
1015
1431
1114
1220
637
390
114
117
784
925
1414
1529
1642
1660
140
853
783
181
1505
1690
284
424
533
623
773
807
812
1095
1127
1393
1415
1480
1538
1544
1720
467
234
373
1125
1210
1280
1305
1359
1511
1695
1728
1771
1827
302
647
248
192
700
1817
536
102
111
657
696
779
1028
1162
1203
1332
1363
1394
1508
1573
1677
1710
723
1066
1279
1666
100
526
552
788
839
862
1070
1136
1217
108
659
351
475
592
663
766
867
1063
1195
1668
1717
1722
107
110
307
425
482
531
668
729
734
770
820
851
917
972
1119
1227
1318
1774
447
808
963
979
1244
1370
1675
1276
1604
291
941
1498
468
386
1341
508
828
1400
298
518
1455
394
208
517
1331
1452
1496
1586
948
1329
595
1340
403
814
241
276
371
574
583
613
624
643
737
744
749
774
879
949
961
992
1021
1024
1138
1277
1304
1450
1536
1721
1753
1766
1798
1856
1310
568
78
1640
505
616
1177
1197
1204
1232
757
999
1085
1533
1601
1650
1701
1814
614
1337
359
415
1007
14
333
581
669
1008
1025
1035
1067
1174
1358
1791
244
626
648
841
1100
1294
1482
1828
1012
1381
608
1724
254
693
1090
1163
967
567
396
197
64
714
1330
751
1344
259
605
946
1454
1158
1641
147
178
548
786
138
155
242
275
805
878
920
955
1088
1477
1716
413
446
843
1352
1849
1391
1501
1634
1824
1852
947
1089
1424
1681
30
1395
1596
382
484
509
1049
1060
1636
1775
3
151
442
599
602
671
711
761
932
1064
1093
1107
1226
1692
329
454
459
654
1096
1202
1270
1303
1803
1262
502
160
485
1118
1175
1221
1384
1513
1844
318
1239
1339
1747
1385
1819
1409
207
249
337
341
1738
1209
1684
103
1644
19
39
68
119
566
572
733
739
802
940
943
995
1002
1172
1205
1240
1373
1413
1471
1540
1611
1656
1678
1706
1783
393
283
1411
1416
422
1670
1284
256
293
303
310
490
847
935
1097
1488
175
193
316
676
964
1001
1263
1361
1334
882
1160
1602
1799
1274
395
494
512
873
1451
246
257
263
718
740
827
1073
1396
1497
1524
1558
1566
1760
1105
166
1143
36
664
1859
301
376
383
476
942
1046
1108
1290
1565
427
1377
163
817
1299
1612
157
227
230
348
487
639
825
1048
1323
1713
1751
1782
116
1003
1032
1587
1598
1785
1861
464
101
115
213
319
339
436
440
628
732
790
876
1075
1145
1173
1354
1372
1530
1555
1559
1731
1810
469
397
983
1170
1510
1386
1333
836
1155
1180
1500
634
1254
893
1848
1743
461
1685
0
553
579
769
1144
1758
45
51
80
194
195
401
449
503
678
699
860
868
970
987
1059
1184
1235
1252
1255
1319
1335
1350
1439
1459
1723
1762
1800
95
133
174
287
332
338
364
561
675
721
771
840
959
1019
1077
1110
1212
1267
1273
1376
1483
1528
1576
1582
1595
1628
1718
1759
1768
1822
1836
1842
1850
1854
852
1259
1523
1825
58
98
144
188
203
216
221
225
239
267
280
323
331
354
356
367
550
598
705
782
800
871
881
933
938
974
1011
1074
1092
1103
1120
1196
1245
1265
1321
1420
1441
1473
1534
1562
1563
1606
1620
1621
1622
1630
1637
1653
1657
1679
1746
1750
1788
1812
1816
1830
118
247
322
674
747
1041
1402
1425
1568
1619
1741
1793
399
1345
452
88
989
1135
300
791
927
1206
1804
1590
10
357
377
444
472
477
564
597
601
620
660
809
861
945
1040
1044
1051
1183
1231
1379
1465
1541
1665
1714
1737
1764
1811
1314
1308
713
891
1458
132
265
369
717
826
1026
1086
1153
1283
1408
1571
1617
1643
1659
1703
1745
1784
1790
1813
1840
1223
1704
388
59
968
1006
1009
728
754
908
1462
1757
543
1038
604
1755
886
1434
1311
764
1208
1669
1098
210
346
1834
923
217
269
272
474
823
1516
1648
1837
1847
42
149
169
529
1444
556
777
832
1081
13
33
255
638
646
776
798
898
1469
1491
1495
1507
1835
16
71
457
498
580
652
679
682
846
915
937
1130
1260
1300
1390
1489
1693
1787
513
231
510
541
901
1317
1443
1460
1494
1581
1593
1673
1773
112
349
1474
1707
1805
1839
1860
1654
897
1466
48
880
973
1149
1732
706
1367
1796
834
1309
400
1165
1256
1374
1484
1546
1776
22
279
288
450
649
1071
1151
1219
1278
1313
1407
1526
1556
1632
1633
214
223
238
251
437
716
726
816
829
934
1111
1282
1291
1382
1389
1406
1492
1623
1686
1792
831
1268
135
294
481
977
1326
1733
6
366
842
1478
1597
1626
1702
1736
26
715
1167
1829
930
1845
139
958
966
1435
245
1651
182
611
77
417
686
1357
1682
1234
571
404
768
865
895
1821
1122
1689
92
273
361
651
1057
1058
1117
1192
1228
1287
1312
1327
1366
1437
1503
1638
1661
1772
1016
1148
27
69
478
746
755
796
1013
1080
1293
1353
1519
1680
1820
1851
299
439
511
835
398
606
975
1198
1499
1687
1735
54
519
523
1403
793
1296
1742
1200
1342
1199
1347
1430
1419
1000
1189
1404
892
1037
327
1518
1818
1700
1625
896
724
1696
1410
82
1213
1218
165
229
271
753
794
875
1004
1224
1371
1405
1591
1600
1649
1655
1756
1815
1846
219
347
473
551
570
610
712
929
965
1298
1325
1348
1433
1463
1532
1618
1730
1795
70
528
1401
1502
1734
460
83
97
62
758
1767
418
1853
353
1157
321
640
830
824
838
1076
1104
1142
1436
1838
63
49
56
67
72
75
76
171
489
636
672
863
906
1042
1146
1186
1553
1570
1786
50
73
186
731
1253
1560
1712
91
60
66
391
441
1181
1343
1521
1740
1781
142
211
1233
1356
1664
57
87
90
594
691
1517
1375
52
53
433
515
1050
1083
408
1412
94
1705
85
252
789
1862
81
93
79
84
96
