242
26
53
6
117
173
197
166
250
228
195
115
5
11
15
55
13
37
47
63
320
46
22
59
96
20
129
267
264
12
27
43
282
334
356
387
410
417
463
139
214
241
255
272
421
88
248
270
233
157
290
425
440
308
151
256
198
215
162
9
372
89
121
205
225
262
303
106
298
326
257
152
170
178
196
202
252
302
73
239
85
99
79
159
160
227
125
245
289
349
374
386
416
420
424
148
42
254
36
265
41
57
32
98
61
138
309
339
352
363
371
397
426
441
442
501
495
140
64
203
188
263
52
164
236
240
226
244
258
190
163
276
266
33
93
17
314
2
10
31
44
70
105
126
341
158
4
107
29
189
119
114
123
132
192
0
402
433
281
368
414
470
69
144
238
113
181
216
268
76
476
35
97
90
415
182
128
235
82
169
177
161
149
8
39
87
274
315
350
224
432
21
472
209
142
273
306
398
409
438
453
462
511
56
293
301
332
375
376
380
381
449
468
469
471
483
497
154
219
247
171
229
133
112
165
28
60
45
48
50
83
95
109
137
84
153
101
134
172
156
186
221
316
354
355
359
401
404
494
184
237
251
269
199
212
194
201
232
321
333
411
412
450
484
486
507
68
249
366
480
499
108
58
176
94
446
74
111
77
155
362
456
78
150
185
187
223
261
191
135
481
14
413
457
210
49
40
103
116
118
124
130
167
168
217
104
1
7
24
65
110
145
231
30
72
16
403
100
122
143
67
136
278
280
283
285
286
287
288
295
300
305
311
312
317
324
325
328
329
344
345
346
357
369
370
378
382
385
399
400
405
407
408
422
423
430
431
434
435
436
437
443
452
458
465
467
474
475
478
487
488
489
505
509
62
23
147
66
364
477
307
395
448
342
379
180
200
213
327
207
234
259
146
246
175
260
183
243
174
220
218
211
75
91
127
120
18
179
271
141
193
206
208
80
279
296
304
310
313
330
331
337
343
347
384
388
429
461
466
479
86
319
393
427
500
102
222
367
71
25
92
34
373
493
360
38
131
51
54
81
277
284
299
322
323
338
348
377
389
390
406
418
419
428
444
451
459
460
464
491
492
504
510
353
439
445
447
473
482
506
291
294
340
351
361
454
485
503
508
335
365
496
253
275
292
297
318
336
358
383
391
392
394
396
455
490
498
19
204
230
502
3
