278
465
1370
37
226
2
685
228
127
1020
1250
622
668
210
421
775
459
1809
182
329
1244
680
60
395
27
418
842
589
424
861
511
472
437
921
463
1200
795
144
114
134
843
290
252
656
225
1462
832
223
1411
693
1135
1416
550
650
1156
1017
541
1761
1295
1774
912
1116
853
299
108
294
197
480
384
633
261
723
1464
715
516
536
372
992
935
266
1282
1389
152
484
339
1255
746
386
936
186
133
271
502
735
1189
360
404
979
1171
1259
1632
819
967
3
831
846
977
734
1329
1714
458
390
434
376
383
1224
838
275
509
1099
1150
1494
675
1598
796
43
699
132
378
1102
883
185
505
789
432
548
151
517
526
971
358
24
523
800
311
366
818
348
219
514
628
717
1144
1098
116
84
492
241
1233
232
617
369
562
852
39
10
698
169
1165
40
332
1352
216
748
122
859
46
739
1194
1307
1569
608
447
1050
729
249
624
928
531
1781
268
333
600
42
902
742
283
1170
247
719
924
1015
187
1451
1696
785
899
1392
237
1040
158
256
828
1335
17
483
25
128
425
454
364
1222
146
136
254
456
535
555
1192
161
790
703
1474
687
1127
1449
1046
155
295
584
637
665
1262
205
490
183
306
1145
1125
103
1019
1506
175
361
375
467
1383
165
344
1117
1741
1828
607
33
36
135
918
702
1095
1498
105
281
1105
227
192
475
770
867
1238
1434
214
1767
684
758
1277
167
553
593
974
957
569
1178
682
471
710
794
755
1270
279
554
1136
1154
1530
706
922
660
393
890
942
1298
1802
865
455
919
131
528
573
1615
1629
201
781
409
138
1077
125
1659
31
620
209
1442
917
487
539
597
1735
1752
304
466
538
669
752
906
1344
1509
1512
203
6
15
420
611
1130
1360
1683
1725
478
718
731
282
385
1184
1500
497
7
1625
1763
308
469
647
1682
13
1502
1669
1674
1496
1499
1516
64
501
301
591
601
117
353
602
1048
450
286
1404
1408
1339
259
1215
160
711
835
258
725
822
1431
1385
340
823
331
235
1070
1279
1406
1821
1837
810
1326
1402
958
1064
1088
1228
1362
1850
320
969
1699
207
563
877
139
1418
45
1163
8
251
1461
651
847
851
962
1057
1112
1211
1448
1587
1785
571
101
168
1363
1432
1561
1562
1567
30
316
583
654
291
56
888
1132
691
1851
1248
1161
23
1217
1552
28
1631
349
907
744
1585
1610
623
858
639
250
724
1138
1074
213
171
346
848
954
1168
1201
1253
1268
1480
1685
765
1310
120
1495
1634
1473
387
862
1317
1007
1328
1521
1594
1658
1705
1813
943
945
1173
761
389
1558
964
1294
293
322
16
22
63
307
335
350
415
575
587
598
618
655
672
677
897
993
1008
1023
1035
1121
1390
1444
1621
1671
1672
1756
1856
709
973
107
1646
1197
1271
246
1595
722
872
326
405
856
737
446
503
808
670
753
931
1036
1063
1137
1290
1423
1565
1570
1704
930
609
1775
188
166
532
34
4
657
994
1004
1031
1113
1230
1257
1296
1566
1675
1838
351
430
1349
1601
614
797
377
193
512
952
1037
154
749
1172
1555
1
72
199
392
579
606
932
1061
1318
1376
1439
1504
1624
1648
1711
1754
1799
1845
1855
1379
1075
1794
195
626
659
780
970
1246
1323
1450
1792
231
248
1572
881
849
1062
1071
1288
257
1094
868
1069
1620
1321
119
263
728
772
1025
1142
1641
1830
145
196
632
1501
1613
1824
700
416
1280
908
1159
12
148
220
429
485
638
1147
1225
1263
1297
1422
1581
1630
1668
1742
1818
596
913
926
987
1140
1216
1607
1719
826
559
1351
542
1039
1479
1485
178
720
961
1108
1757
1638
88
118
5
163
164
190
245
343
419
576
577
664
1003
1122
1123
1264
1291
1475
1531
1571
1618
1619
1677
1678
1769
1786
581
327
643
783
837
1239
1381
1656
1791
289
674
1548
1843
712
833
1355
1600
764
1330
1514
288
115
260
990
1193
1492
1727
707
452
1529
106
112
123
966
1715
773
1327
1393
1612
631
1030
996
1053
95
473
662
760
915
981
1042
1083
1315
14
427
543
560
892
1258
29
38
57
170
305
381
407
513
732
776
778
887
939
1009
1055
1221
1234
1269
1283
1353
1358
1380
1391
1538
1653
1825
1853
689
929
1032
1152
1592
1649
1367
870
1723
793
544
1265
1188
79
879
1523
1577
1716
198
592
661
676
1114
1128
1316
1676
1679
1680
1797
1846
1857
508
697
218
292
20
636
980
1482
1584
767
779
1134
1543
303
791
1626
1655
234
786
1342
423
594
708
901
905
960
1388
874
1540
585
615
663
671
1086
1256
1322
1440
1520
1709
1736
1823
500
556
640
895
1093
1223
1471
1508
1539
80
374
1435
537
1176
109
533
545
428
253
262
1526
433
157
211
243
300
448
470
546
586
599
745
747
754
759
937
999
1000
1021
1124
1129
1185
1357
1361
1417
1445
1476
1803
1819
1829
1852
81
1583
1738
561
21
173
242
324
391
461
1029
1067
1091
1160
1375
1386
1421
1477
1560
1576
1703
1804
1811
688
944
1771
347
1085
1766
53
156
496
627
1667
568
894
1243
1293
202
934
564
1604
18
382
938
121
126
578
26
124
194
296
309
328
406
440
468
751
857
904
1162
1210
1403
1510
1747
1748
1751
1783
1836
1518
1744
1002
1151
1235
900
1195
1332
1400
1664
222
741
855
985
1033
1118
1276
1289
1308
1371
1487
1713
102
78
522
276
1232
1345
1768
1701
1805
806
111
1312
32
269
399
400
414
644
730
750
871
1028
1324
1354
1472
1491
1622
1707
1739
1755
1782
1844
315
518
634
736
740
1568
1645
51
312
612
1478
1789
1780
398
411
442
613
975
1424
1481
1591
1684
1708
1743
784
1199
1285
1229
1582
1820
488
955
549
1314
1466
19
142
893
1413
1847
413
206
716
1384
159
334
342
499
507
547
903
1090
1532
1654
811
625
652
834
968
1005
1041
1100
1231
1254
1356
1533
1593
1737
1793
515
557
1599
1758
153
204
506
820
1596
1153
1412
1710
491
965
1788
338
1340
1101
1373
1650
212
498
1103
230
1776
1535
1441
368
1337
1534
1301
1343
1686
1213
1840
150
520
816
982
1027
1043
1059
1133
1179
1204
1378
1395
1420
1447
1488
1746
1860
410
1202
1207
1691
341
388
1045
1167
951
1274
972
1470
1762
814
417
462
464
1732
1350
149
345
355
438
941
947
984
1219
1347
1511
1617
1688
1778
236
762
798
923
1024
1299
1398
1407
1586
1602
162
630
827
866
1292
1513
1798
821
701
869
1096
1770
215
140
431
280
880
948
1284
1611
1834
1014
524
916
73
1764
1191
898
1808
50
181
229
274
426
510
582
610
621
667
774
777
840
854
1084
1281
1414
1505
1623
1712
1787
1849
357
362
370
1430
733
1563
367
394
403
666
1052
1261
1429
1627
1839
460
527
1051
1110
1209
1443
75
91
98
177
285
302
314
319
356
444
481
521
551
590
642
686
933
989
1013
1038
1080
1082
1120
1126
1245
1247
1313
1319
1405
1486
1522
1525
1547
1551
1559
1639
1644
1647
1689
1690
1706
1721
1724
1734
1753
1765
1779
352
726
1437
1578
1589
457
66
71
180
1227
1278
130
373
439
567
635
696
704
792
1034
1060
1260
1325
1331
1372
1438
1454
1550
1605
1606
1695
1702
1795
1826
1848
896
1068
172
1573
41
104
113
141
313
323
325
330
337
380
401
476
495
641
645
646
673
713
743
771
782
959
997
1206
1212
1220
1286
1333
1359
1396
1397
1401
1536
1554
1635
1651
1652
1722
1726
1800
1831
1835
678
1425
1453
1456
1483
1628
1740
1773
1801
273
558
1275
1455
1663
1854
813
1056
1303
1698
1169
1267
297
298
860
949
1006
1287
978
1463
653
845
1366
1590
1817
255
768
1175
1468
1807
1833
1614
1670
1446
809
1240
1241
240
1812
920
956
1106
1111
44
47
221
318
474
477
595
891
995
1022
1081
1226
1541
1772
1784
1861
270
397
566
1157
1252
1542
1556
1662
1665
1728
1730
1841
494
885
889
1001
1047
1097
1183
1309
1460
1517
1575
1597
1164
184
690
802
1187
1580
189
1149
35
233
588
976
1054
1092
1302
1338
1609
1822
317
336
402
422
445
574
605
844
940
953
1158
1272
1374
1387
1537
1640
1673
208
264
441
714
830
1012
1249
1334
1364
1545
1657
1660
1749
1815
1018
1087
239
449
616
1010
1681
1827
1196
482
493
738
1306
1490
1553
1574
1643
1078
94
453
534
787
805
824
825
873
911
1148
1205
1305
1415
1503
1546
1693
1694
1733
1796
83
87
244
321
365
371
408
525
629
756
839
986
1107
1141
1181
1182
1214
1419
1493
1564
1697
1858
284
705
97
1433
110
129
435
757
801
1382
850
1348
486
1076
1341
1368
443
769
884
1528
1832
909
1115
692
695
878
48
52
1089
69
363
379
479
504
648
817
864
886
910
927
1065
1119
1143
1166
1177
1236
1507
1717
1814
68
137
143
176
649
766
788
829
1190
1242
1465
1636
1642
1862
1469
1524
1731
11
863
1198
1266
1320
1410
1790
287
1527
803
804
58
1549
604
570
875
200
489
238
272
396
727
763
807
836
1011
1026
1058
1251
1588
1608
1633
1661
1745
1777
552
841
991
1131
1427
1072
70
147
876
950
1180
1718
529
1066
62
1760
267
998
179
354
694
721
815
925
983
1079
1139
1174
1273
1304
1452
1467
1484
1489
1519
1557
1616
1692
1700
1729
1806
1842
224
265
59
61
412
683
799
681
572
988
1044
1203
1336
1369
1544
1579
1666
1750
55
9
1459
277
530
1458
946
963
1049
1208
1218
1300
1346
1687
882
812
0
54
658
65
217
580
1109
1155
1377
1409
1428
1720
67
436
565
1311
1399
1426
1603
1759
1816
1859
191
1186
619
1394
310
451
519
540
1237
1497
1515
1810
74
49
1146
1365
359
1436
914
1457
174
1104
1016
679
1637
603
100
76
99
1073
77
82
85
86
89
90
92
93
96
