5
31
39
8
29
26
48
21
14
17
25
56
112
11
1
41
64
47
38
32
44
45
115
35
34
117
20
120
71
96
24
22
2
28
3
110
36
49
6
46
42
7
10
114
108
57
4
18
106
13
16
67
68
99
27
43
23
107
116
109
111
113
188
15
105
119
30
40
90
93
118
37
0
54
186
103
104
100
74
80
84
33
87
63
19
60
58
83
53
66
12
77
59
50
9
52
65
125
128
134
137
146
147
150
152
160
161
184
193
194
216
226
230
235
238
253
266
270
274
275
289
296
297
302
123
124
133
139
159
164
165
166
169
171
179
180
183
190
197
198
199
205
206
207
210
215
217
224
233
234
239
240
244
245
249
252
258
265
271
278
282
283
284
288
300
301
290
293
121
135
143
163
167
173
236
272
281
204
129
130
138
151
170
211
212
220
221
229
243
257
262
269
287
168
174
177
181
191
196
261
268
276
178
185
225
227
254
255
279
122
126
132
136
140
141
144
149
153
154
155
156
157
158
162
175
195
200
208
214
218
219
222
231
247
248
250
256
260
263
273
280
291
299
202
259
127
131
142
145
148
172
176
189
201
228
232
237
251
264
267
277
285
286
292
295
298
246
182
187
192
209
213
223
241
242
294
203
61
62
76
55
51
97
102
72
86
89
94
69
92
70
73
75
78
79
82
85
88
91
95
98
101
81
