87
41
21
91
16
40
27
82
36
85
92
90
84
88
71
86
35
14
106
13
119
12
33
9
51
107
89
32
23
1
39
37
29
113
96
117
101
128
174
169
63
83
66
30
45
123
78
161
162
164
112
17
24
3
182
118
138
178
74
172
147
2
58
7
81
0
5
100
152
160
163
104
109
110
114
127
142
177
55
141
159
103
166
19
28
95
136
167
44
22
121
124
135
151
11
105
158
170
171
31
102
156
26
94
129
130
98
115
70
165
168
180
18
111
133
134
155
137
99
93
120
140
153
154
157
175
4
122
131
97
108
125
126
173
139
6
146
181
64
132
8
144
116
176
60
150
38
149
67
34
148
179
15
143
59
48
145
42
54
56
72
69
52
62
10
50
73
75
46
25
20
77
43
47
49
53
57
61
65
68
76
79
80
