7
8
6
0
23
11
14
1
17
18
25
5
41
22
2
4
27
12
9
34
29
28
10
16
21
36
46
13
70
52
42
37
55
87
30
43
47
38
56
75
85
39
68
160
82
80
151
74
141
122
50
115
101
64
100
119
33
168
120
174
123
44
32
112
83
187
137
91
140
49
157
67
110
154
65
103
86
97
66
178
128
114
26
88
73
95
130
133
192
150
163
176
15
181
20
53
143
152
35
132
61
190
184
235
3
19
31
48
57
60
71
76
77
113
126
127
129
146
149
153
156
200
40
51
63
104
109
111
121
161
172
186
203
81
107
145
93
118
124
134
138
199
84
90
196
24
54
69
72
78
94
125
147
155
159
167
180
191
89
102
162
179
197
45
98
99
136
142
105
148
166
139
182
202
92
131
135
195
198
79
169
177
183
188
58
171
194
173
116
59
204
117
189
62
158
185
193
144
165
108
106
164
206
209
96
208
170
210
175
212
211
214
216
218
220
223
222
224
226
227
228
231
230
233
232
234
236
238
241
201
205
207
213
215
217
219
221
225
229
237
