2
1
7
6
11
23
0
26
13
10
4
5
8
22
200
15
14
30
12
21
29
18
48
33
3
41
9
17
56
16
28
44
55
64
107
103
62
34
90
111
100
37
140
71
93
117
49
24
42
87
110
25
84
27
73
180
47
20
79
72
77
61
32
50
143
74
80
102
45
85
126
82
116
39
121
60
112
83
86
69
59
70
181
65
95
134
114
54
88
76
177
193
31
51
108
123
142
166
176
19
35
38
40
52
53
66
68
94
119
122
129
131
133
136
149
151
153
159
164
167
171
174
184
187
190
43
46
109
113
118
127
128
130
137
145
154
162
183
192
198
99
120
132
172
36
81
92
97
158
78
96
101
106
135
144
146
152
75
161
196
197
147
163
165
173
175
188
139
141
179
91
104
178
58
189
157
194
150
168
182
185
57
125
63
89
124
191
67
105
115
155
199
169
160
170
148
98
186
156
138
195
