0
8
7
6
9
18
12
25
14
3
19
15
200
33
24
13
23
11
35
30
4
2
41
37
54
55
32
72
64
20
89
26
31
83
1
65
17
27
46
86
44
109
152
36
87
148
150
29
22
60
59
93
171
120
138
106
16
68
58
96
88
132
45
199
21
119
177
67
62
146
66
136
167
165
162
197
155
42
103
70
73
189
48
56
161
176
108
196
92
98
40
61
105
163
172
47
122
137
142
5
34
39
43
51
53
76
111
116
117
118
127
129
131
134
139
144
153
164
166
173
179
186
158
180
10
77
79
91
94
133
85
97
143
192
195
78
49
71
121
135
141
183
175
50
63
69
80
82
102
104
107
114
115
140
159
170
90
99
124
128
147
187
188
28
52
57
81
100
123
130
160
182
191
38
74
110
181
145
194
75
113
185
151
174
84
149
198
178
125
126
157
184
95
112
193
168
156
190
101
154
169
