0
8
5
6
9
25
22
3
2
11
10
18
14
17
1
16
32
70
20
33
53
109
59
60
48
79
30
31
37
77
36
58
75
104
21
23
137
63
24
96
92
15
42
12
154
28
71
87
83
26
47
143
177
103
55
34
57
93
35
19
167
7
132
94
162
50
182
152
150
119
131
56
171
149
43
38
135
40
4
80
41
73
105
86
112
116
127
49
273
66
130
184
195
72
198
44
64
65
262
45
175
13
84
185
187
133
29
160
268
51
82
161
134
188
165
39
68
74
78
81
89
90
98
107
108
117
124
125
136
156
176
200
46
69
61
67
140
153
139
173
174
101
190
27
97
99
110
121
145
158
189
202
227
52
54
128
146
148
157
163
164
178
181
193
123
129
62
95
114
126
155
159
172
179
180
115
120
186
76
118
204
113
138
106
191
102
144
147
206
111
100
141
142
183
91
122
169
197
199
208
85
166
194
88
211
151
210
212
168
214
217
216
219
170
218
220
192
223
222
225
224
226
228
230
196
232
234
237
236
238
240
241
242
244
246
249
248
250
253
252
254
256
258
261
260
264
266
270
272
274
277
276
278
279
201
203
205
207
209
213
215
221
229
231
233
235
239
243
245
247
251
255
257
259
263
265
267
269
271
275
