0
7
2
6
1
4
5
10
8
9
11
15
22
34
44
12
14
39
21
40
80
20
83
56
31
3
24
47
90
13
55
19
84
26
106
37
89
38
42
64
25
62
36
57
81
88
46
104
43
35
75
16
130
60
61
48
32
41
52
129
92
86
18
139
115
27
167
97
184
123
141
168
172
29
190
76
136
188
142
119
152
58
177
17
68
78
132
135
138
45
155
77
128
65
53
72
120
116
82
63
174
144
70
87
95
133
147
153
156
157
158
161
163
165
175
178
193
198
200
23
79
85
98
101
108
121
126
146
150
162
171
187
189
28
30
49
51
99
105
111
131
137
181
182
117
176
91
93
107
125
127
201
185
194
196
59
67
110
118
143
154
179
191
54
69
112
124
145
164
183
66
134
180
199
202
73
96
33
50
109
122
173
195
71
160
166
203
100
159
74
140
114
186
204
103
151
94
149
170
205
113
206
207
197
208
209
102
210
148
211
212
213
169
214
192
215
216
217
218
219
220
221
222
223
224
225
226
227
228
229
230
231
232
233
234
235
236
237
238
239
240
241
242
243
244
245
246
247
248
249
