0
7
6
8
10
17
33
52
20
1
4
19
26
2
42
34
41
16
12
14
22
50
25
60
43
90
38
67
28
11
135
36
9
29
18
78
74
30
5
55
59
37
13
64
58
57
39
131
105
24
107
108
168
104
129
102
27
88
54
183
97
21
112
65
32
144
71
118
87
110
132
45
48
72
461
425
86
299
166
46
61
243
190
371
348
447
267
411
369
393
438
330
384
420
204
213
222
231
249
258
276
285
294
312
321
339
357
402
456
465
83
344
98
189
303
375
429
154
92
31
263
407
56
467
389
367
434
239
122
326
380
443
141
237
365
200
209
218
227
245
254
272
281
290
308
317
335
353
398
416
452
170
91
179
202
211
220
229
247
256
265
274
283
292
301
310
319
328
337
346
355
373
382
391
400
409
418
433
436
445
454
53
89
173
206
215
224
233
251
260
269
278
287
296
305
314
323
332
341
350
359
377
386
395
404
413
422
440
449
458
463
133
124
3
15
23
35
40
49
66
73
75
81
82
84
94
99
103
113
126
142
147
159
171
172
176
178
185
188
69
80
164
175
198
62
70
76
106
167
137
143
148
119
47
51
63
93
95
100
116
128
130
157
160
162
177
182
68
121
127
134
158
184
187
197
44
115
117
125
150
193
136
85
96
140
145
146
153
155
120
152
111
161
114
181
169
186
151
138
199
165
191
194
195
77
180
236
109
149
163
156
192
196
101
139
123
174
79
368
362
203
201
205
207
208
212
210
214
216
217
221
219
223
225
226
230
228
232
234
235
240
238
241
242
244
248
246
250
252
253
257
255
259
261
262
266
264
268
270
271
275
273
277
279
280
284
282
286
288
289
293
291
295
297
298
302
300
304
306
307
311
309
313
315
316
320
318
322
324
325
329
327
331
333
334
338
336
340
342
343
347
345
349
351
352
356
354
358
360
361
363
366
364
370
374
372
376
378
379
383
381
385
387
388
392
390
394
396
397
401
399
403
405
406
410
408
412
414
415
419
417
421
423
424
428
426
427
430
431
432
437
435
439
441
442
446
444
448
450
451
455
453
457
459
460
464
462
466
468
469
