0
6
3
7
13
9
14
16
12
10
8
5
1
34
40
11
22
23
28
26
33
48
27
50
21
43
38
54
19
115
37
71
94
57
65
77
56
96
31
147
78
75
17
42
74
53
72
46
102
45
129
25
130
143
154
107
36
64
114
67
80
162
118
58
141
159
125
18
86
60
83
88
138
55
92
165
188
170
51
110
105
132
126
41
178
95
24
61
175
62
104
140
15
66
155
100
148
2
4
68
73
98
121
124
131
134
146
180
195
196
200
30
20
44
90
109
145
179
35
59
99
101
112
113
116
120
133
136
174
32
70
84
87
119
144
149
161
198
201
29
39
49
81
91
93
150
158
173
176
177
52
69
82
97
172
182
193
79
135
167
189
76
85
89
108
122
151
199
63
152
156
169
171
190
191
202
47
128
137
163
185
106
111
142
157
183
166
168
117
123
181
192
197
203
186
194
204
205
103
160
187
206
139
207
153
208
127
164
209
210
211
184
212
213
214
215
216
217
218
219
220
221
222
223
224
225
226
227
228
229
230
231
232
233
234
235
236
237
238
239
