6
0
8
2
28
18
7
16
10
11
15
3
34
17
25
19
27
24
75
9
53
12
46
54
1
55
20
26
40
60
33
44
63
100
36
45
112
32
41
78
56
5
90
76
79
47
58
21
148
80
69
107
67
122
50
13
108
22
166
72
85
103
38
124
94
118
66
23
102
200
31
37
99
172
193
150
57
116
198
174
179
42
111
51
126
73
191
140
39
74
115
105
128
167
30
81
48
4
43
49
59
61
65
96
106
113
153
156
157
164
168
181
185
188
190
192
197
14
64
161
82
83
97
101
127
129
131
134
139
142
162
163
86
93
98
155
176
84
88
104
159
62
70
77
87
117
123
125
130
137
160
175
184
109
138
189
35
91
145
146
177
29
68
71
89
194
152
165
187
92
147
149
183
121
136
158
170
110
151
195
52
144
133
180
95
171
182
154
132
141
169
173
199
143
120
135
114
196
186
178
119
