2
0
6
10
5
26
4
8
11
9
7
16
21
15
30
18
48
24
1
57
14
34
82
29
64
23
43
13
27
65
42
108
28
84
68
25
35
146
72
86
131
129
19
152
20
39
75
12
50
36
70
31
66
128
47
22
60
58
115
180
92
37
45
90
116
100
121
80
32
76
193
94
51
95
114
73
112
169
232
69
38
110
55
133
189
159
97
140
117
160
190
170
79
123
149
151
40
104
124
83
3
17
52
56
63
71
77
87
91
93
102
103
158
167
168
194
199
200
62
130
161
176
59
96
101
119
136
148
150
163
165
166
177
178
181
183
192
202
41
67
98
106
113
153
157
188
44
53
107
132
138
174
195
81
33
46
54
61
141
143
145
154
179
182
78
142
144
118
155
156
184
49
139
89
99
172
175
109
111
204
209
126
125
135
173
88
187
122
127
164
198
162
134
185
196
74
85
105
137
120
186
191
171
206
207
197
208
147
210
211
212
214
216
218
219
220
222
224
225
226
228
230
234
236
238
239
201
203
205
213
215
217
221
223
227
229
231
233
235
237
