0
8
9
6
10
7
11
26
13
4
12
1
3
20
32
14
16
23
24
38
39
42
28
27
94
36
35
61
86
46
17
90
40
60
53
30
29
73
19
45
65
91
75
15
121
63
128
79
71
54
140
147
33
77
47
84
51
104
21
80
74
105
96
174
115
113
18
133
111
154
92
85
55
191
67
43
168
176
230
245
126
88
22
114
225
240
205
31
44
25
200
149
211
215
220
235
34
58
135
52
189
93
5
98
185
62
193
171
190
152
161
158
156
210
216
201
206
221
226
231
236
241
246
2
49
50
66
78
81
89
95
100
112
117
119
122
124
132
137
141
148
155
157
179
182
37
48
82
106
134
142
173
192
196
199
172
102
110
127
197
198
56
59
68
70
76
83
139
151
64
120
129
130
150
186
195
169
187
159
57
108
162
166
175
178
180
188
109
125
136
144
153
170
41
103
118
123
165
87
181
69
194
101
116
164
183
145
167
131
99
146
97
163
138
72
177
184
143
107
160
209
203
204
202
208
207
213
214
212
218
219
217
223
224
222
228
229
227
233
234
232
238
239
237
243
244
242
248
249
247
