13
16
0
11
7
9
8
10
5
19
12
14
30
22
36
3
26
34
6
33
40
24
27
4
20
71
64
37
48
57
65
43
17
15
42
74
82
92
86
38
79
39
29
81
52
60
80
44
21
132
32
62
141
131
55
91
28
88
45
66
171
134
51
102
193
70
170
31
76
61
78
110
101
100
97
77
98
63
58
90
54
191
115
128
119
168
161
56
118
142
85
96
23
1
107
108
130
197
163
72
150
160
46
2
18
50
67
68
75
104
177
186
189
200
140
99
25
83
183
187
106
123
149
155
41
47
49
93
146
152
157
165
172
184
116
162
174
188
35
117
129
133
145
181
89
114
120
135
154
190
103
137
166
53
176
202
87
124
148
151
159
178
111
112
121
173
175
198
126
127
138
139
73
158
164
185
109
147
59
69
169
113
156
143
153
192
195
199
105
194
204
179
180
94
95
125
206
167
196
208
144
182
136
84
122
210
212
215
214
216
218
221
220
223
222
224
226
229
228
230
232
234
236
239
238
201
203
205
207
209
211
213
217
219
225
227
231
233
235
237
