10
9
0
6
13
1
20
3
11
25
21
5
15
7
2
16
18
8
38
49
35
90
22
73
14
28
36
17
32
40
45
30
97
55
26
59
50
23
86
51
58
29
91
76
67
19
70
163
61
60
122
34
112
117
131
72
95
77
150
47
33
138
24
80
143
62
184
190
353
139
87
71
249
253
317
240
303
312
108
330
348
101
366
294
375
12
285
204
213
222
231
258
267
276
339
82
37
321
357
308
326
299
244
344
362
290
373
127
83
174
52
177
85
99
200
209
218
227
254
263
272
281
335
144
142
236
245
371
202
211
220
229
305
256
265
274
283
292
310
319
328
337
346
355
364
89
133
181
147
114
206
215
224
233
260
269
278
287
296
301
314
323
332
341
350
359
368
377
195
105
156
162
68
4
42
56
64
81
123
134
137
145
151
155
161
169
198
39
41
43
63
69
100
115
119
125
146
189
194
66
93
98
124
153
173
27
88
96
110
111
183
188
48
102
103
106
116
54
74
84
159
170
172
178
193
199
44
46
78
92
65
136
157
179
186
31
94
104
148
154
164
165
175
192
75
79
129
140
149
166
180
182
185
109
121
128
152
196
118
57
187
107
132
135
168
120
130
171
113
176
160
53
191
167
126
197
141
158
255
203
201
205
207
208
212
210
214
216
217
221
219
223
225
226
230
228
232
234
235
239
237
238
241
242
243
247
248
246
250
251
252
257
259
261
262
266
264
268
270
271
275
273
277
279
280
284
282
286
288
289
293
291
295
297
298
302
300
304
306
307
311
309
313
315
316
320
318
322
324
325
329
327
331
333
334
338
336
340
342
343
347
345
349
351
352
356
354
358
360
361
365
363
367
369
370
374
372
376
378
379
