13
6
12
7
0
15
5
17
9
21
11
51
53
25
52
37
16
41
8
29
1
40
10
23
33
81
90
47
14
99
30
132
72
28
26
38
50
36
105
62
68
120
56
96
128
2
70
158
43
78
170
108
48
4
157
19
118
61
39
76
93
115
87
147
54
46
133
130
348
116
100
126
275
376
234
252
152
331
241
222
213
339
98
303
366
143
258
204
267
285
294
312
321
357
20
163
150
299
327
371
211
141
273
344
362
230
239
248
329
27
254
75
375
228
246
277
200
218
263
281
290
308
317
335
353
67
182
192
171
237
156
215
304
202
220
324
287
256
265
292
310
337
346
355
364
131
107
35
83
102
206
224
260
269
283
296
314
341
350
359
368
114
185
89
32
177
94
305
319
377
3
18
22
24
58
60
71
74
86
104
145
168
173
179
187
180
190
45
63
73
44
79
162
59
66
97
113
117
129
136
153
165
194
195
31
34
42
95
112
122
124
140
160
169
174
178
184
191
49
92
101
103
134
189
57
65
80
88
119
142
164
172
84
109
209
64
77
85
121
137
148
188
69
111
123
125
139
151
186
199
55
91
106
135
149
161
166
183
193
196
197
175
154
110
144
155
167
138
127
159
82
176
227
198
236
245
146
181
272
326
203
201
205
207
208
212
210
214
216
217
221
219
223
225
226
231
229
232
233
235
240
238
242
243
244
249
247
250
251
253
257
255
259
261
262
266
264
268
270
271
276
274
278
279
280
284
282
286
288
289
293
291
295
297
298
302
300
301
306
307
311
309
313
315
316
320
318
322
323
325
330
328
332
333
334
338
336
340
342
343
347
345
349
351
352
356
354
358
360
361
365
363
367
369
370
374
372
373
378
379
