0
11
1
2
19
7
12
49
86
26
21
20
62
44
27
83
114
153
16
39
9
33
4
18
6
36
13
87
54
43
121
99
96
77
23
56
41
163
3
101
192
150
40
118
140
76
51
60
88
93
8
10
5
134
133
185
31
69
14
17
136
204
15
22
34
46
47
61
72
74
75
81
82
97
100
104
105
110
111
113
120
123
127
135
141
154
156
161
164
167
171
175
178
187
188
197
198
214
217
220
226
229
234
236
243
246
249
24
30
38
45
52
53
67
102
130
160
184
222
25
29
35
58
70
85
115
117
137
148
209
216
235
238
116
151
90
232
59
109
64
107
158
173
48
92
108
122
177
157
199
242
55
68
28
57
63
71
79
84
89
112
132
138
149
78
80
144
147
174
202
42
119
129
230
37
179
195
152
32
196
50
98
91
106
210
200
248
143
213
142
194
103
146
224
168
227
94
66
73
190
124
159
225
95
211
181
162
203
221
65
218
206
145
169
170
176
219
186
215
207
233
239
155
208
165
223
244
139
193
126
131
172
189
241
125
166
247
205
128
180
231
183
191
240
212
201
182
245
228
237
