4
0
3
9
10
5
2
49
13
22
44
8
28
1
54
61
34
21
14
15
37
11
48
23
16
12
111
100
56
140
57
58
74
33
148
36
26
7
47
32
72
24
73
31
116
86
17
68
52
76
6
192
20
123
40
63
50
150
99
77
71
51
19
38
45
60
78
92
94
110
121
135
147
188
213
215
220
224
230
235
242
64
87
118
128
204
53
69
102
122
139
142
177
27
42
59
66
85
88
97
119
129
133
138
141
212
219
234
238
244
39
67
82
108
115
127
151
157
176
196
221
18
30
41
98
104
113
126
144
159
174
182
186
201
233
107
199
241
43
89
247
25
154
167
179
193
197
231
35
62
70
80
84
105
112
114
137
168
172
175
183
214
227
240
243
245
96
93
95
209
75
152
180
203
225
145
207
90
226
185
248
198
29
109
184
187
208
81
165
169
216
156
173
136
189
222
106
120
125
223
46
117
163
103
79
160
210
200
205
83
153
130
166
171
202
131
143
55
91
101
134
164
65
155
158
132
246
217
206
146
218
232
195
228
194
190
191
229
124
162
239
170
211
237
236
149
178
181
161
249
