2
0
12
4
5
8
11
27
48
9
17
24
7
13
94
43
6
28
20
3
10
102
44
31
15
52
29
32
128
34
30
50
21
40
57
1
14
63
26
42
36
51
87
171
84
156
56
93
25
47
72
19
112
58
132
18
122
111
91
98
88
86
97
96
78
135
23
35
54
60
65
69
85
90
106
109
114
116
120
121
123
142
151
163
166
175
176
184
67
146
152
16
38
41
46
70
140
141
148
149
158
174
177
183
196
73
150
154
170
182
37
71
77
79
80
199
22
64
82
100
144
162
187
190
198
119
153
194
74
126
133
178
45
49
59
139
159
193
33
66
103
145
147
161
185
108
191
39
55
75
76
104
134
167
192
62
81
99
165
89
115
173
53
61
68
101
155
95
127
130
160
181
189
117
168
107
138
195
136
92
164
179
186
131
113
83
105
143
110
118
180
129
124
197
157
188
137
125
169
172
