1
0
7
2
5
11
3
34
6
21
23
17
8
33
27
15
25
14
78
39
10
98
53
38
61
52
57
12
73
47
114
19
44
13
26
36
28
16
49
188
86
51
69
48
92
126
62
50
80
103
111
32
107
35
100
37
155
77
247
70
60
29
89
129
30
135
142
31
140
170
145
71
54
159
204
152
191
171
122
138
210
4
55
9
88
94
65
185
215
87
168
238
18
56
219
84
183
199
105
144
174
234
118
20
40
63
68
72
76
90
96
101
110
130
133
137
169
177
192
225
229
231
239
245
22
24
66
74
102
112
123
131
134
148
149
150
151
158
160
165
167
178
193
221
222
240
242
249
45
58
59
81
82
136
143
162
172
173
187
232
236
42
128
166
198
201
46
230
41
79
93
99
141
176
180
217
220
224
226
43
113
124
127
139
164
97
115
117
154
161
179
203
235
223
64
189
200
108
132
175
208
216
244
184
104
157
241
182
106
120
153
125
228
147
116
195
196
218
146
202
211
212
227
233
83
91
119
75
95
163
214
67
85
194
197
209
181
205
109
207
206
186
121
243
190
237
156
213
246
248
