0
6
4
13
8
2
15
32
48
9
5
64
21
22
14
37
26
10
30
16
18
40
35
3
11
7
20
75
87
60
33
17
70
59
38
50
96
41
23
27
51
146
107
188
42
104
264
47
62
24
106
125
34
111
152
132
68
19
53
135
138
49
45
149
260
357
172
93
192
73
232
31
82
83
196
210
142
155
302
243
254
97
78
94
166
74
268
65
56
157
103
208
141
185
271
177
277
145
79
176
130
410
123
202
321
417
98
312
296
218
71
84
187
124
236
291
67
105
108
204
366
449
392
122
290
337
233
159
110
12
129
253
57
199
58
76
224
304
178
427
89
180
183
386
174
134
61
113
344
241
244
455
54
72
92
310
160
338
63
416
432
153
1
36
77
114
117
168
179
198
209
211
216
220
234
237
251
255
261
265
269
270
276
289
317
369
380
383
406
409
423
438
442
443
451
475
489
450
28
101
139
143
184
217
223
229
256
282
345
346
384
422
431
456
69
133
167
287
339
365
378
466
485
25
29
52
99
118
140
144
148
171
191
194
222
263
319
358
379
411
435
463
88
119
288
330
341
486
494
43
44
46
100
165
193
228
230
259
274
285
297
300
320
325
326
351
374
398
407
425
439
462
164
284
322
334
393
441
55
91
95
154
163
170
181
186
227
281
318
323
329
373
391
428
434
476
109
219
221
242
298
301
353
394
401
481
207
305
389
471
473
225
247
286
352
354
162
279
131
156
158
175
215
252
258
278
308
370
403
452
499
81
173
214
246
257
307
385
445
85
102
127
200
231
266
267
336
408
480
66
197
283
418
419
430
484
161
316
327
294
299
363
364
112
182
356
414
86
275
349
359
362
367
126
136
332
436
39
303
440
491
116
314
189
238
249
388
399
226
382
483
490
169
206
328
360
433
474
195
350
121
128
190
201
245
343
404
413
479
80
295
331
355
387
405
90
120
147
348
375
464
361
324
347
453
470
335
497
137
203
262
420
467
151
235
390
396
426
424
115
458
342
311
457
240
213
461
150
272
496
371
437
447
368
397
280
340
372
293
421
306
205
239
377
495
400
415
309
313
402
478
429
493
381
448
482
487
395
292
412
444
454
498
250
333
212
315
465
492
460
459
248
488
273
468
446
477
469
472
376
