0
3
12
6
9
13
18
14
4
11
10
53
2
1
16
75
29
45
15
23
8
20
5
25
81
78
60
97
19
59
44
26
66
144
119
36
17
28
35
124
52
50
56
104
58
98
92
46
145
54
191
39
68
63
38
87
24
121
88
101
90
7
160
31
158
168
42
33
133
72
117
111
100
202
40
137
219
73
103
178
49
153
235
74
76
64
108
126
176
120
245
99
37
242
27
71
206
61
77
173
123
129
224
234
65
48
70
220
55
57
79
80
89
93
105
107
110
130
135
139
147
149
154
155
156
163
166
167
179
180
182
187
188
194
196
241
62
151
157
161
171
190
205
21
115
116
140
185
22
30
32
41
43
113
125
138
141
143
170
174
197
201
208
216
225
34
96
122
142
165
169
207
236
248
114
218
67
69
95
204
221
239
86
112
150
223
85
164
186
209
47
82
84
91
162
177
184
189
200
102
175
183
232
51
106
146
195
136
215
217
226
231
249
109
94
132
159
198
229
246
128
152
192
213
230
131
83
237
134
148
222
240
247
118
238
193
214
244
228
233
172
203
227
211
127
212
243
210
199
181
