0
3
1
4
6
7
13
5
11
8
24
16
20
23
66
12
67
22
15
17
58
82
37
55
27
41
52
14
53
50
102
25
29
61
39
46
91
62
131
10
72
152
161
34
2
106
40
36
63
122
48
18
26
43
157
231
49
59
169
138
98
95
57
125
150
124
111
137
162
28
76
68
121
85
86
116
139
212
101
38
73
56
210
186
128
241
232
70
187
9
32
33
44
60
71
78
87
92
109
113
127
143
153
156
165
173
188
198
204
229
233
235
245
30
45
89
115
117
120
144
151
177
179
183
191
211
217
238
226
99
100
119
154
178
185
222
240
21
35
47
75
81
97
118
158
164
166
176
205
224
19
51
74
114
141
175
180
200
31
42
80
126
168
174
195
202
219
228
54
146
159
201
237
64
69
136
221
148
108
112
230
244
107
132
181
196
197
249
65
77
110
134
225
242
206
104
123
172
190
208
94
170
88
140
193
79
234
145
171
203
163
243
247
93
96
142
90
209
129
192
220
218
103
207
215
147
135
194
223
133
83
199
216
246
236
105
160
167
213
84
189
149
155
214
130
184
248
182
239
227
