6
0
11
9
5
2
4
16
3
15
27
60
8
10
41
22
18
45
39
1
7
38
77
85
59
24
26
14
42
69
52
46
79
54
146
34
37
57
75
19
51
115
21
13
96
12
123
183
107
163
174
40
130
35
44
87
61
70
114
139
154
82
74
89
131
29
30
249
78
125
108
138
165
62
189
206
129
156
117
153
53
73
94
43
65
241
33
191
23
50
141
31
48
204
218
194
80
167
148
84
97
133
113
122
124
25
36
66
90
98
102
111
119
132
144
150
158
179
32
184
192
199
213
234
246
17
127
147
169
220
237
56
88
105
120
135
142
145
176
202
227
71
72
83
109
121
128
134
136
143
160
175
187
20
68
112
118
157
208
226
230
235
239
240
47
63
67
92
99
100
104
162
185
200
203
210
219
245
247
81
149
55
64
76
233
58
101
137
155
182
198
212
228
126
161
170
201
49
152
166
178
223
28
232
186
195
217
222
93
216
242
95
196
207
224
244
91
180
221
164
209
151
173
106
140
86
110
229
103
197
171
211
225
172
214
215
236
243
193
238
177
181
231
190
159
248
168
205
116
188
