0
4
5
3
14
22
20
30
7
12
25
1
17
2
10
8
13
60
52
71
9
21
66
36
45
134
28
16
23
24
80
64
18
6
56
86
79
54
88
49
55
53
214
39
155
68
147
161
113
76
138
142
117
46
123
177
178
144
69
34
127
63
112
186
143
33
31
97
120
168
26
189
81
119
84
108
154
137
48
110
208
61
121
41
111
32
40
47
92
77
153
181
163
11
19
27
38
42
43
51
58
65
75
85
107
109
114
118
141
146
156
193
194
195
198
207
209
217
220
237
15
29
129
167
173
174
231
78
98
136
166
179
191
219
44
50
151
197
199
205
228
240
95
104
130
135
150
188
201
206
235
249
67
73
82
99
105
106
125
126
222
122
216
233
96
132
57
124
35
182
185
115
165
131
232
89
139
164
176
202
210
59
148
70
90
140
157
169
172
183
196
212
223
246
226
102
159
162
91
94
37
83
100
101
149
211
242
116
62
74
160
175
245
87
203
103
128
145
93
133
184
204
224
238
72
229
248
234
236
170
192
221
158
171
215
244
180
152
230
227
239
187
190
243
213
247
241
200
225
218
