0
8
7
9
10
5
20
19
11
16
30
21
26
15
46
28
3
25
2
12
13
14
1
32
6
18
31
38
27
24
81
64
35
58
55
22
62
70
67
17
33
41
44
39
45
69
132
106
23
83
49
123
80
167
98
198
53
52
47
84
144
34
60
151
88
161
226
43
57
111
72
206
199
174
89
71
63
169
143
191
113
118
90
36
50
92
100
137
97
242
116
241
178
141
134
51
213
232
103
145
119
73
78
164
156
234
91
201
112
29
95
190
214
187
193
40
93
192
210
59
247
65
68
107
135
170
76
74
142
4
120
108
157
221
66
77
85
114
124
129
139
146
150
153
160
184
207
211
224
240
243
246
115
171
172
179
183
189
227
236
82
104
128
152
204
238
249
61
75
117
121
177
212
216
219
222
217
37
96
102
109
110
136
148
185
203
209
86
228
42
54
131
138
155
166
248
48
79
101
125
126
127
130
140
154
194
195
223
233
56
94
105
180
218
229
230
133
165
186
149
158
163
176
202
220
205
237
122
182
215
159
188
239
181
99
200
208
196
225
245
147
173
175
87
231
235
162
168
197
244
