77
39
0
20
218
126
35
62
57
61
245
32
67
12
113
13
81
145
222
68
207
80
217
172
231
54
135
106
131
139
159
19
178
212
241
189
155
246
66
93
94
182
24
205
171
70
198
151
37
157
132
142
34
97
237
26
86
5
45
92
233
228
107
219
234
161
185
194
84
168
225
69
196
242
72
164
187
153
117
154
249
71
15
78
108
156
203
29
238
227
11
51
230
6
209
27
98
74
195
110
167
48
236
90
147
169
165
115
47
208
243
221
244
8
201
129
79
197
33
179
149
210
122
82
105
174
176
128
91
73
140
146
16
118
183
144
38
247
202
60
104
50
141
102
223
31
99
103
76
137
2
191
170
18
150
21
64
180
43
204
240
23
109
177
10
36
116
163
123
30
40
120
235
4
211
200
17
199
130
248
25
232
114
214
22
1
3
7
125
133
162
220
143
83
88
121
224
239
96
127
152
188
49
53
101
186
229
28
216
44
85
160
184
226
9
190
193
55
56
95
119
46
136
112
166
14
100
124
134
42
63
173
175
206
213
192
215
138
52
181
59
148
89
65
75
41
111
158
58
87
