204
37
229
157
107
50
83
166
193
129
246
69
224
16
188
35
19
179
240
194
82
134
128
81
136
0
47
95
45
71
228
219
8
162
87
94
184
226
159
178
155
2
161
173
195
239
203
199
61
92
13
150
165
52
237
113
90
153
42
149
215
17
112
148
146
218
243
181
120
201
139
232
105
121
141
145
158
74
60
132
34
1
211
238
99
65
152
138
79
102
86
160
89
135
101
212
80
7
176
185
200
234
109
39
222
217
230
147
12
235
57
177
40
130
15
175
91
76
171
174
192
249
33
182
25
5
210
54
122
164
111
11
214
133
242
73
36
172
32
100
151
20
116
183
62
142
209
41
104
123
23
24
244
27
169
206
163
70
115
198
26
78
48
189
180
118
208
213
131
220
51
49
247
44
227
168
72
236
117
154
58
18
96
106
126
21
167
241
119
28
125
140
43
85
64
205
22
6
170
14
29
55
63
93
124
186
53
56
77
108
144
221
31
216
245
3
127
4
9
223
10
30
137
225
66
67
68
110
207
143
187
75
84
196
248
46
97
233
197
114
231
202
38
59
190
98
191
156
88
103
