121
28
36
147
173
90
176
130
156
118
97
188
125
18
48
87
165
37
94
61
148
81
5
51
98
85
82
160
86
33
122
114
119
164
56
69
41
45
143
78
59
54
167
189
134
137
60
146
100
144
42
169
58
178
68
73
62
142
79
177
2
35
155
27
175
170
55
23
96
74
145
193
158
80
65
44
132
17
105
9
22
106
12
135
115
8
152
153
157
31
95
171
15
3
89
84
166
120
0
198
117
102
190
47
70
34
172
4
50
91
71
83
7
192
187
113
93
6
111
39
11
25
108
10
57
191
1
185
19
92
124
180
14
43
77
199
49
101
107
197
151
184
16
162
64
141
123
128
88
72
126
21
161
179
13
32
53
154
99
127
138
174
196
20
116
52
131
24
30
40
149
76
26
104
110
63
75
29
66
109
136
186
139
194
168
195
38
133
129
150
103
46
67
183
112
159
181
182
140
163
