149
384
125
5
229
158
55
463
96
50
128
150
497
495
171
219
467
60
260
306
302
47
433
270
328
49
64
225
428
434
453
499
199
132
478
347
460
493
369
432
370
101
399
209
383
332
127
288
418
359
236
136
7
226
339
412
462
468
263
314
480
470
477
403
146
261
423
186
216
133
402
188
279
450
416
343
42
113
397
102
210
70
454
205
498
395
103
398
165
98
76
354
372
92
140
411
200
99
82
109
405
267
100
187
208
245
252
231
242
184
20
29
391
227
204
240
46
388
472
135
43
299
269
120
329
156
317
489
95
110
202
319
375
249
475
353
287
57
164
189
79
83
377
246
440
91
126
390
374
469
201
243
490
275
479
360
379
344
220
134
373
234
421
59
294
282
276
324
174
419
151
63
69
381
9
180
348
13
78
355
89
283
441
300
169
407
443
452
104
173
81
105
18
274
51
278
168
207
494
203
318
264
301
175
72
429
26
304
389
476
145
38
482
333
315
491
119
58
430
394
87
414
147
190
351
285
80
67
466
251
154
223
448
62
368
378
194
253
382
312
435
305
65
131
66
488
255
341
90
408
424
356
181
400
198
340
166
425
342
358
415
446
23
161
296
451
36
464
224
130
214
111
112
362
271
401
21
73
94
272
345
75
106
380
40
160
34
218
413
277
241
233
8
4
37
309
290
320
232
266
481
308
33
170
336
152
420
297
235
148
56
387
35
258
366
157
144
138
323
367
313
179
303
85
291
436
237
176
123
289
31
295
471
363
172
121
346
322
321
238
32
310
331
30
371
1
473
385
483
193
97
108
118
262
410
213
417
268
349
22
357
492
178
447
365
426
28
292
115
457
61
71
19
257
3
298
183
185
2
139
6
449
273
93
361
88
124
177
114
437
77
392
10
352
0
162
459
15
39
86
153
195
393
456
53
191
167
326
364
376
422
222
250
325
334
458
117
311
24
182
215
230
247
259
496
84
265
122
335
438
445
11
12
52
228
244
406
461
14
337
16
17
116
107
142
284
350
396
444
254
192
196
286
330
455
48
44
25
54
465
27
197
141
217
221
431
41
439
155
280
137
45
487
484
256
409
206
327
485
74
212
307
159
163
248
281
427
474
143
293
442
486
129
68
239
404
386
338
211
316
