194
196
25
209
339
85
220
13
204
135
73
51
291
290
243
203
153
20
41
191
262
271
225
254
266
138
5
205
212
100
269
327
7
137
40
145
198
104
144
293
49
150
292
71
316
72
156
224
30
119
162
288
44
123
296
337
217
326
67
32
218
39
120
347
16
1
152
221
70
161
307
132
340
246
207
256
42
12
14
21
334
234
125
343
90
140
324
344
219
87
241
63
330
160
31
113
190
65
315
305
45
108
122
349
54
229
134
88
178
136
274
91
110
82
33
180
216
97
43
77
244
76
55
165
179
279
267
50
131
10
257
129
23
299
181
281
284
19
58
338
301
4
283
89
95
239
335
325
52
226
18
213
28
86
53
96
323
310
259
189
197
80
57
298
201
308
69
169
109
188
22
172
309
128
255
68
98
319
35
175
211
289
248
200
275
312
249
151
263
294
236
92
264
17
2
278
272
101
8
273
177
235
163
38
176
208
341
238
276
127
103
300
62
115
61
186
195
321
164
332
184
261
64
258
114
233
253
149
47
322
24
79
130
232
159
66
282
34
250
227
117
126
124
166
313
346
121
174
314
74
148
81
141
265
6
48
0
143
157
168
215
303
331
29
46
206
222
345
3
247
252
287
59
146
147
155
158
187
193
223
260
280
342
304
26
183
230
317
251
286
9
277
27
192
11
99
118
237
268
328
105
242
231
245
318
15
171
173
202
240
320
336
94
106
83
329
348
56
295
102
306
116
311
139
185
214
270
167
210
228
37
142
285
111
297
36
199
170
182
60
78
302
107
133
112
154
84
75
93
333
