194
52
132
240
110
25
88
221
17
249
197
111
167
84
236
6
150
176
66
202
117
213
211
34
107
87
102
79
220
9
3
40
172
217
28
96
4
170
95
121
163
92
44
49
62
169
226
232
228
51
35
171
78
165
156
178
181
114
200
196
154
10
234
97
100
191
210
108
188
162
42
183
99
175
32
68
199
246
83
230
203
242
21
70
56
185
151
204
244
82
60
113
143
8
146
63
65
123
207
77
109
86
149
136
57
122
214
76
155
85
18
15
54
144
39
192
19
186
73
219
115
112
187
233
90
241
120
160
94
138
33
118
161
152
43
91
166
239
184
58
164
216
29
140
59
189
22
23
72
106
209
245
5
141
139
147
224
0
231
134
61
50
104
248
7
67
223
26
225
27
80
198
16
201
126
227
195
158
168
41
55
174
157
20
180
129
206
193
243
37
31
125
222
64
103
148
53
12
127
71
89
179
247
1
2
98
116
142
208
75
101
130
131
159
215
36
48
212
24
30
133
145
205
229
153
173
13
177
81
235
11
38
190
14
74
128
45
237
105
69
124
135
93
47
182
137
119
238
218
46
