208
291
67
189
132
104
241
223
201
324
10
301
302
64
123
103
87
154
184
32
296
216
275
135
120
236
335
318
210
8
141
30
153
185
36
179
131
70
73
57
0
37
121
129
127
286
47
86
165
5
270
266
313
136
62
41
231
85
54
97
100
101
252
3
246
90
111
225
40
269
320
79
281
267
230
279
248
22
338
206
233
115
133
149
213
297
240
341
161
319
2
234
29
52
226
181
317
167
289
128
145
89
152
134
19
183
253
243
1
345
237
140
77
148
43
146
61
215
156
245
327
176
39
118
328
282
56
46
143
75
23
299
16
212
293
331
119
72
217
180
11
14
21
124
198
329
53
239
81
200
220
45
192
188
13
309
271
310
298
227
250
349
322
88
268
314
247
42
333
76
34
300
303
58
173
158
214
106
160
228
68
108
170
95
166
98
196
12
199
287
190
283
265
259
126
50
255
55
238
93
7
261
162
337
219
330
312
194
273
15
316
202
44
211
171
78
218
177
48
137
59
284
94
83
114
272
138
295
229
25
207
71
251
232
254
249
276
258
159
186
74
80
205
242
348
147
221
151
191
65
285
193
325
172
122
164
222
274
308
332
339
340
20
26
178
197
204
290
343
116
130
142
306
326
6
125
139
195
264
4
144
169
175
224
82
113
157
244
256
304
305
9
18
49
315
31
33
35
107
187
209
66
168
342
91
117
280
323
99
105
155
277
336
346
96
174
263
321
17
334
102
292
347
38
28
163
257
27
150
24
235
69
92
203
288
344
260
294
311
182
60
109
112
51
110
262
307
63
278
84
