43
264
235
171
131
66
145
70
225
130
210
49
214
81
30
195
4
15
23
21
9
220
111
11
162
201
335
281
202
119
307
204
282
215
114
339
334
209
262
20
80
178
76
212
68
52
115
182
167
326
12
154
347
35
180
258
221
291
46
135
176
14
87
183
186
308
332
92
251
73
150
229
312
155
194
337
146
28
313
227
344
253
113
190
261
133
218
31
77
273
56
36
38
228
98
10
97
82
110
39
271
27
188
192
24
151
205
8
144
293
142
306
17
123
259
191
127
263
165
268
216
267
112
64
328
33
331
288
325
136
233
260
172
179
309
120
247
37
348
91
181
147
99
101
75
105
302
329
230
245
169
61
315
316
5
219
138
55
252
336
197
160
345
65
34
50
231
158
333
47
270
276
107
196
122
161
240
109
53
286
148
238
284
22
116
242
266
85
287
278
320
163
236
318
248
321
51
274
343
289
164
106
200
285
16
54
187
152
44
121
349
317
18
128
256
297
149
141
156
6
83
45
294
132
283
189
159
69
226
199
71
140
175
330
275
95
139
298
90
74
246
129
211
280
166
41
217
241
257
125
224
60
303
58
88
223
0
1
3
2
244
86
207
239
299
304
310
25
237
265
7
203
32
94
232
173
249
327
340
13
250
341
40
108
193
300
254
185
323
79
89
153
170
319
117
93
314
342
19
104
184
213
63
124
177
324
102
222
322
29
118
234
26
96
174
279
295
59
126
143
277
296
208
338
346
292
78
157
72
103
42
100
137
57
168
311
48
269
62
67
198
134
272
301
206
305
255
290
84
243
