363
439
14
330
182
340
413
430
40
104
126
302
301
7
167
15
493
447
199
63
226
140
396
293
155
392
435
391
124
35
377
372
406
212
339
65
354
478
0
488
455
45
289
130
477
429
203
288
370
172
75
107
300
66
329
95
141
436
361
193
192
51
92
425
1
169
3
209
268
467
129
337
157
421
252
161
145
444
428
262
285
299
91
267
442
369
408
16
362
303
207
466
450
103
472
271
438
17
346
390
189
375
431
158
314
357
139
246
178
168
156
312
291
359
432
321
113
234
458
398
490
70
469
200
85
419
26
371
373
460
345
254
343
332
307
127
181
475
381
11
296
400
356
221
41
229
80
281
21
270
423
9
471
415
121
416
249
328
410
240
456
148
306
426
480
74
42
117
198
385
255
144
242
37
315
320
409
22
185
401
118
402
128
215
227
216
10
287
5
123
163
195
275
283
131
98
108
499
358
317
53
30
366
142
399
20
56
78
279
188
76
250
25
236
136
48
453
187
238
102
223
143
94
264
46
135
73
122
274
251
277
93
36
175
253
497
350
186
166
138
280
99
367
414
427
105
446
403
351
47
482
245
258
404
24
489
335
176
86
309
405
338
448
180
146
297
290
132
437
77
341
88
457
62
64
379
159
72
348
378
333
160
112
202
387
284
498
120
491
69
464
417
224
100
125
184
445
365
83
50
305
165
292
115
177
411
81
434
241
111
230
395
452
239
116
259
316
326
218
2
257
364
162
206
34
109
465
389
110
376
261
174
90
43
54
420
272
222
12
233
424
23
183
336
418
18
269
71
265
114
147
97
57
52
194
353
374
79
31
214
308
388
220
4
318
201
29
412
225
454
19
310
119
397
84
219
323
324
384
394
494
137
334
55
298
68
380
151
191
383
260
313
153
441
44
170
204
154
13
468
96
106
273
331
355
459
39
263
463
173
311
433
49
61
164
342
349
407
486
134
152
304
27
38
256
322
386
6
59
33
101
133
211
325
347
8
476
492
368
449
28
179
286
443
197
210
67
89
295
382
462
243
276
352
487
217
282
473
344
495
360
205
232
208
461
190
481
422
440
58
60
150
474
479
237
327
319
496
32
228
294
266
149
213
451
196
247
87
393
82
235
278
248
171
244
485
484
470
231
483
