137
152
44
123
197
200
102
160
129
94
142
5
189
119
213
86
206
109
202
63
95
175
224
132
248
39
241
145
149
98
90
180
79
124
1
238
14
166
92
173
31
104
198
232
159
54
77
51
194
62
236
18
78
193
35
36
186
203
163
150
210
64
76
120
134
168
68
96
139
22
48
177
209
192
169
37
3
116
58
15
221
208
136
57
101
187
201
239
11
34
17
23
222
240
127
226
13
16
184
245
60
50
46
196
55
84
10
33
30
171
183
188
0
65
229
70
117
103
228
244
100
215
153
243
170
130
133
72
41
246
97
237
172
38
125
164
88
178
91
247
61
233
25
21
93
82
32
28
115
219
114
20
207
185
111
141
155
158
143
4
195
131
6
106
71
118
126
107
235
85
43
27
181
227
199
99
80
29
190
138
122
216
191
83
2
9
218
110
154
146
156
157
140
73
212
165
105
220
19
26
47
52
66
231
24
42
75
147
242
8
108
179
7
12
211
234
45
53
89
161
49
74
128
167
174
225
56
204
81
223
151
217
87
135
162
67
40
230
214
249
59
112
113
144
176
69
148
182
121
205
