50
30
72
59
134
44
184
74
65
112
137
73
3
53
89
150
71
77
85
106
55
2
118
93
143
31
21
60
148
100
5
99
191
26
12
136
187
113
156
34
54
87
107
157
78
151
67
127
4
165
98
198
62
188
132
123
42
133
169
10
181
64
80
114
110
47
193
86
108
40
37
29
49
22
168
172
166
20
35
91
141
28
39
15
81
7
82
144
159
192
121
8
160
174
179
119
19
52
95
70
104
199
97
105
63
61
190
45
126
96
115
194
176
9
36
27
128
162
83
56
189
46
186
0
1
161
51
92
111
129
178
25
68
116
154
155
164
16
180
38
145
152
171
6
43
79
124
32
103
158
11
48
84
167
175
196
13
135
182
14
120
17
90
18
147
138
139
163
33
69
117
185
66
23
102
24
125
170
153
195
58
177
183
41
75
142
94
149
173
140
76
122
109
130
197
146
57
88
101
131
