220
208
97
188
24
134
160
142
4
11
35
123
21
89
196
130
174
0
198
45
20
215
197
41
111
207
5
210
124
213
105
193
232
230
116
206
165
79
90
107
180
40
93
117
177
149
43
185
245
224
194
83
140
179
8
137
228
74
237
82
47
127
141
77
201
212
183
133
109
175
66
31
121
219
155
71
29
38
65
34
120
223
76
240
61
152
3
102
17
242
209
238
18
16
108
166
15
32
211
154
170
145
1
139
153
2
22
138
221
70
161
52
156
84
159
44
204
48
6
244
113
243
50
114
51
69
99
101
144
241
60
148
225
36
58
115
37
57
100
9
26
64
176
191
63
200
233
7
12
68
110
227
92
10
87
125
226
195
13
14
59
46
187
126
168
189
190
202
112
132
173
19
146
67
248
81
96
234
23
28
91
118
25
27
167
229
30
49
163
54
33
247
78
231
88
136
162
239
62
178
39
53
98
203
214
131
164
42
86
94
158
103
181
216
172
85
119
129
171
55
56
192
75
143
147
72
73
169
128
236
80
218
157
95
199
182
104
150
106
249
184
222
135
122
246
217
235
151
186
205
