1
133
152
29
21
2
184
221
144
10
37
145
231
132
70
7
113
81
169
99
180
150
59
244
197
170
102
189
114
247
216
241
246
194
62
199
128
118
14
203
160
183
243
191
75
121
204
78
222
208
16
40
74
108
229
22
20
242
30
135
192
95
45
206
15
134
172
67
178
107
198
31
119
50
212
219
19
171
205
84
214
26
109
137
201
60
112
120
55
53
235
237
200
223
68
88
69
177
196
228
165
115
42
44
11
238
125
47
130
168
56
173
136
24
111
239
159
151
174
3
61
98
91
82
43
76
154
182
103
33
71
36
158
13
4
27
100
233
193
207
213
72
155
142
54
179
110
64
227
210
140
176
153
48
157
57
104
49
164
224
162
97
147
202
93
209
0
188
5
117
149
17
39
46
85
92
143
185
105
129
138
248
73
166
6
18
83
131
146
186
218
8
66
9
51
141
12
35
89
122
34
181
226
116
148
220
187
65
86
139
25
32
232
77
236
249
58
101
23
195
240
230
234
225
28
94
106
127
156
211
79
175
190
245
38
163
87
90
41
96
80
126
63
52
123
161
217
124
215
167
