15549
13950
15028
23128
3293
12059
4014
16905
21346
19680
19926
3619
20575
3898
9753
3899
15644
18439
3521
21541
21233
14668
15883
12203
2281
24861
19313
15640
2464
12260
17101
20403
14378
4489
19337
3266
14291
14667
10629
4018
7852
8837
14669
11622
17723
23864
5452
3904
21232
20506
3233
21540
1934
3842
8782
4013
20747
20753
21371
16187
20026
2821
3312
18044
21006
14456
23322
3291
14246
21005
20406
3743
21555
3271
13428
6000
8164
12877
20541
20746
20751
12735
21040
3538
21010
6294
9641
20744
16238
15
12599
21353
4632
15330
14553
3922
11938
21009
14312
12734
20755
13107
6495
14457
3923
19654
2825
16689
3799
10347
3313
21240
20745
10342
20799
16
3618
21377
19190
19183
14885
14495
20603
14245
3287
1164
4016
21351
14452
3317
3429
15844
21007
4200
19677
3905
7052
19766
4697
7563
6692
14393
21926
11328
5729
21443
2836
19349
20749
4098
13
20269
14681
12485
204
19519
22218
6936
12732
4202
3667
13937
21035
19442
3886
21477
17869
14311
5236
21008
19743
17574
20300
20913
19594
24860
17697
3665
19334
2820
11287
21235
21049
7569
15516
19525
6001
20987
21238
16156
8929
4204
3341
1750
3430
3269
7526
16157
24229
9086
24763
15075
11229
14496
24211
1970
14493
2260
7994
2554
7434
24213
3374
9621
22492
19790
21527
18769
16680
17988
3666
14039
20988
9151
16622
1924
21352
9382
13147
2713
19763
19928
2790
3280
19595
11746
8781
7892
14
21300
19679
24988
6332
18046
19599
20508
3070
18974
9653
10710
24905
19439
19653
3609
15632
8377
3837
21003
20424
8462
1588
22216
19152
21542
16684
17724
19124
9642
20502
19491
10349
7567
13327
15554
7989
20405
3848
24159
16690
21348
15747
19493
3454
20417
21118
19794
20894
21553
6330
6672
7566
17600
13988
22217
1995
17731
2712
20813
3854
16687
6331
15266
11125
21554
7888
4041
2913
7929
19597
14475
13150
21341
24407
4633
19779
15030
1903
14451
7993
23440
21471
19959
10511
17980
5802
12218
12981
6640
5331
14488
1397
20221
8838
20986
19175
22698
19946
3592
11291
4442
19339
21702
4199
24878
18485
16686
8615
15884
2823
14464
21505
2985
2993
4263
16621
23992
20148
18774
19675
23971
2983
5417
24978
5122
3855
3525
3455
19
21507
8629
5663
9148
22696
4172
21366
14453
21163
6464
6456
16675
21403
9619
14665
1347
20173
20989
6989
23505
6326
22012
4861
8494
14461
3791
20991
11285
368
18078
19858
22190
18770
24733
10510
18773
13216
4609
17577
20302
11741
8729
17582
14460
3387
21435
14478
14234
7446
6980
21243
21860
12252
10348
108
5954
3254
20170
13418
3682
14487
12601
20354
22395
11705
1746
4315
5733
3810
19944
15116
7995
22298
13802
434
10497
19229
24883
22954
11386
17039
16579
15614
22911
14007
4029
19927
19842
22545
3900
2417
7951
22297
20045
11707
23967
19440
5420
11288
410
21050
4226
11993
184
8847
18772
16679
14619
3259
13390
7553
23040
9084
20708
4614
9455
4494
16495
21002
11316
10352
4474
23989
13505
41
17528
4607
18804
9222
9085
1965
7850
20621
1352
19791
23179
6562
19953
15642
17624
4630
13233
14037
20601
11383
3526
4228
14572
15696
5064
19986
4639
4615
20059
11940
2822
20281
19166
20050
17983
12820
6297
24226
18249
4418
19043
11771
18994
17078
15599
16683
3452
11542
9069
23843
24690
21675
1042
15896
15758
3838
10034
2684
15052
23435
11311
14481
15881
3686
22920
22842
20151
6261
761
21707
6722
22905
3250
6494
15327
20230
9306
16319
19954
1041
7977
3758
22768
18536
18576
12216
20433
8344
9032
19798
3036
15093
5226
17844
7627
20285
21475
1108
19209
9960
6726
6967
6988
3913
4606
19488
15045
19415
19240
21392
2847
19379
21085
22460
13034
20043
17696
20232
5067
20624
20475
3279
4496
3634
15140
20516
20067
16795
3668
1141
163
1740
20288
22949
15626
6281
18097
8715
3052
2916
19438
20291
17678
4824
6727
21339
8350
19505
14257
5591
11745
11283
1094
19419
15889
20569
5071
5927
12883
2735
17626
15053
4608
516
3476
1166
19707
20280
19363
1355
749
9891
14490
9331
7664
11290
8975
11240
21032
23430
11992
3977
1768
7848
1675
14927
14752
7698
4203
949
4175
3774
19684
4073
5486
15332
3970
11703
3673
13484
13515
2980
13426
12780
2689
13168
12882
24212
16989
5957
21059
13010
15894
14293
3729
4097
18348
21674
5873
18977
18247
20452
19417
16169
1379
3067
19310
14699
4493
4445
15612
14666
5671
5999
4178
14613
12382
1206
22655
1381
4480
11332
5438
10167
14482
13728
16790
16189
20055
19186
4524
19233
21705
6296
3058
20483
14646
14266
7662
10139
19917
2842
23003
19507
14392
14182
9120
24126
21106
18414
11289
11667
10684
14289
11935
19416
8488
15407
14509
1110
4989
19934
18225
4491
9675
9886
12004
6459
5269
20048
20321
2014
16691
12065
21427
19918
13558
23633
5224
20605
5334
112
2600
3606
14594
3211
6003
4502
9202
12217
3286
20837
14480
3069
14981
2752
4685
7425
23077
3659
18587
2800
6457
21090
11576
1608
23041
473
2481
13557
16570
23343
19490
16610
22219
10534
21940
20798
5410
557
19215
21656
2859
6670
24351
24859
20760
1969
5868
5069
429
5091
17867
16800
10123
20796
22556
21460
3993
10030
367
3479
24072
19486
6755
18194
21401
4198
12491
16166
13151
21778
14964
3789
19236
14696
490
21671
22317
827
5974
2810
1012
2929
22396
21047
16783
18441
19224
7113
4471
4179
12895
970
24620
6145
13591
11231
7605
5467
19288
19333
16488
4081
21091
12030
23081
2380
10375
17469
7957
7780
21927
3961
13750
20492
20955
6715
11702
10316
16026
18705
2915
351
2110
17815
17753
7535
1776
7610
13799
13039
12903
13166
16638
23660
15412
11747
17322
8717
19592
10463
5738
19259
4251
9326
18189
775
5717
6544
21457
10653
12375
1923
2053
2789
13357
22786
13671
14831
22158
20454
3852
6788
18575
21797
17311
3232
19225
19566
20487
2566
24242
6262
19056
6166
16229
13532
21905
3787
11312
999
15528
15721
14519
14698
21489
14096
12001
4010
24330
6638
2448
5907
21370
23263
945
3522
5705
11761
22211
19728
21950
2827
3661
20262
23694
1125
2685
19981
5450
22046
4605
15725
20752
19524
10509
10225
4475
19987
15858
20839
11253
6212
21123
3755
1641
14268
3114
13402
14169
7393
14830
14316
3849
9266
21055
4594
23627
23570
15014
1237
15501
3623
4640
10622
3379
16998
12736
19651
21900
1353
1389
1609
2206
6045
6746
19184
12602
17703
18397
19527
3263
750
15448
19360
13210
7040
14492
17356
20999
15853
14397
9903
16248
2342
22299
22225
20810
19413
19506
15716
18458
198
1716
14255
15215
3068
4702
3804
23562
3001
3642
3991
14398
10665
11385
1925
6483
9370
20673
13506
7429
3378
16870
1996
753
23990
21487
11428
4247
19955
10202
24379
17536
20081
19495
20968
10618
9221
1927
15248
5677
8627
2032
2307
2650
11090
21928
12118
5223
10401
15409
24882
1165
12844
2491
2727
20177
4509
21658
17027
8476
20482
20981
19529
14349
16572
10595
15639
15160
4341
19520
6557
14534
19742
8850
17527
4477
9357
5282
23184
21048
14247
23949
2247
15548
3419
1419
1968
11407
3373
3447
21761
6501
4986
12775
6907
21292
11286
19463
14185
14956
19845
19988
6002
18047
19246
17660
19214
2347
1043
11033
1380
1554
8632
11790
6633
2798
3599
16559
19877
20058
20037
11486
20491
7737
22247
8412
14333
9828
20867
16041
20797
12052
20816
13619
14258
14427
16284
16606
19019
21853
20892
21157
23085
24811
4497
20990
17407
13486
2881
11299
22953
23295
3540
15078
4030
4354
4781
15994
6944
11043
338
23114
24991
255
9650
9751
10739
14648
6671
692
11748
7642
1236
2939
17889
1508
16121
2111
20486
11327
16303
2514
3679
18819
7527
5120
16886
22160
8169
7574
9169
24979
12891
9395
21921
18855
23473
21053
6463
3717
3829
16257
4209
4436
11639
5319
3914
5442
8981
15274
20097
6328
19291
14541
7791
22441
8798
11079
11757
3282
14233
14417
19267
18
18771
3457
21539
23543
2846
23741
829
9252
2868
24133
22347
5464
16917
1913
17593
2132
2282
8073
22994
2545
19793
2702
19664
5681
24232
3316
6191
3594
9777
8174
5077
14091
18854
3907
14430
6061
5020
5502
4248
5546
24430
7604
15634
6032
7419
16871
13979
9484
9813
17685
10143
4
11252
11261
14748
12569
2449
21592
21654
6
17
20
1868
7554
18609
19574
23152
2050
3797
5013
9138
9149
10459
2336
8029
11418
11523
14759
15916
19367
2711
4915
9048
20485
23087
3536
10221
21
22
37
38
39
40
10829
10211
19005
42
63
7277
101
107
13674
14743
18584
22690
110
111
117
140
144
180
182
183
19055
185
196
199
15119
12033
207
1415
222
4043
22519
270
3083
273
8693
275
276
277
289
348
359
362
1583
3440
9657
18583
370
1116
1579
1582
13427
22950
369
371
372
373
374
375
378
12050
391
424
2721
9388
9479
17913
18289
18291
433
2373
3268
4256
6280
7851
7854
11936
12261
14313
14314
18803
23318
435
475
7725
476
478
480
481
482
483
488
504
508
511
513
14044
16774
19057
19198
534
1978
535
17771
547
549
1733
4158
6809
16899
17900
558
562
563
578
581
596
597
633
637
5865
647
669
675
677
11765
682
687
691
5647
705
21335
717
725
727
728
732
11511
739
452
751
8341
10118
11899
13587
14622
766
774
7453
21258
777
16893
779
782
9178
818
8790
825
14494
20453
22707
830
831
843
844
847
851
862
863
865
880
893
920
922
924
937
942
21216
944
15546
18055
946
955
950
952
962
966
24530
24759
968
3841
1935
14001
972
4612
973
987
988
990
1001
1003
1005
9713
1014
1024
3908
5155
6593
14067
8092
15980
1050
1054
1055
15029
1096
1105
10269
19780
4762
1111
1115
1120
4082
1122
2146
7079
12863
1127
1128
1139
1140
12062
21537
1142
1143
1145
1150
13206
1161
1167
6437
1195
20382
1196
1197
24085
1228
1229
18791
7426
1281
2081
1296
1305
1306
13041
1307
1327
1342
12614
747
2938
2940
13545
18000
20825
20826
21117
14243
18648
21112
21116
22705
5222
24568
1356
1367
1368
1371
1372
7060
9853
10374
18516
23018
16993
18968
23897
7945
9186
14529
1382
1384
1385
3845
13096
1396
2971
4120
4225
4227
4229
5715
10997
13359
14711
23148
23696
1417
1420
1437
1439
1449
1463
1507
24635
1509
1543
1552
12885
13519
1586
1587
343
4988
9652
9720
10140
15133
16119
20057
1589
1590
1592
1598
8154
17689
1619
1638
1639
21908
1642
1659
1662
4358
1664
1667
16656
80
1019
1677
11713
1695
1697
1696
18706
2982
4161
7098
1720
16787
1725
1735
1737
1742
1971
10413
11068
15976
17399
17400
18190
1741
9846
1743
4610
1748
1749
4717
5699
5700
12655
15313
16296
12514
20083
20404
1771
7925
1777
1778
1780
1782
4499
1791
1792
1796
20593
1815
1816
1818
1821
1828
1839
1840
1851
1853
4613
1854
1856
1859
1861
1866
1869
1873
1884
1887
1896
1891
1893
1899
1900
1902
5193
3302
8626
13302
20974
1914
10360
10901
4495
5845
10361
1930
1931
1933
3824
1938
1941
1948
1957
1960
2106
7233
7719
8634
11898
13670
16600
16786
17801
23769
24858
2274
19383
21168
11170
20175
1972
21442
1977
19165
1979
2925
1989
1992
17343
2922
13539
1998
1999
2017
2020
16301
2044
2045
2052
11127
15013
2075
2080
2089
2097
19864
7786
20381
2120
12725
2126
23883
2127
14558
2129
13243
2130
7155
10032
2140
2144
2494
2149
2163
2181
2182
6356
2189
2199
16321
2200
10351
15441
2208
19071
2236
2699
20583
2257
811
3792
4647
5487
10061
10986
11570
16769
17238
17623
2272
2277
3160
15414
2284
2285
2304
13194
14585
2323
2327
2328
2337
2903
4093
4094
4456
2348
2359
2367
2376
2393
22534
2424
2439
2445
11525
11840
18306
5065
5066
6636
7663
7761
11313
11700
11701
11704
11798
12258
12684
13165
13500
14458
14459
14462
15027
15031
15041
15641
16906
17106
18436
18438
18657
18973
18979
21033
21868
22348
22658
22659
22661
23320
23321
23323
23544
23759
24227
24231
24563
2467
2482
21454
23094
2496
2497
2501
16788
2503
12909
21043
2525
2543
12587
20039
2546
20865
2547
15267
18542
19153
22097
24691
24692
2558
10158
12404
2567
2578
2583
2589
1745
2590
2599
5123
2609
2610
10931
2625
11942
2640
12487
2643
2644
2645
10213
2646
2647
24851
2653
14005
2659
2665
21791
23115
4696
7570
15790
2690
2691
7648
2698
16499
2701
15525
2703
1163
7293
11859
2722
2723
2726
20296
21176
2731
9654
9655
11800
2736
2739
5958
2742
2787
11886
2791
10940
5022
5025
15519
10939
11918
13152
2807
4910
5009
11934
15416
2843
4160
6673
7290
7291
14120
14332
20754
22746
22919
17580
2824
2932
5929
8984
10191
19059
729
6006
6663
7675
8536
8538
11773
12873
14877
14878
15625
23439
2839
8777
13786
13928
2844
2845
16781
19002
20169
2848
67
15638
7750
2880
4704
13483
24987
2882
2884
13485
2885
2886
2896
2897
4705
7949
10517
11922
12731
13724
21340
23599
23994
3800
7819
7820
12176
16601
2937
18695
2966
23178
2979
17141
4340
10669
23451
16002
8170
8172
12515
15487
19745
23957
14890
17007
2988
2992
6914
9246
9410
9482
11166
11167
11168
18580
20638
2998
2997
2999
3000
22159
3006
3002
3007
3008
3015
10735
3029
3038
3047
3051
5998
7207
9313
15502
3054
3056
23555
3299
13999
3062
3117
7735
8168
11571
20824
11081
8635
15500
15503
18162
20112
20113
21708
22833
22834
23391
6678
15396
3087
15962
3088
3120
3116
3131
3144
16120
16122
3175
8801
3176
6440
3188
3207
11371
11372
11373
11374
21281
23091
23092
24164
24989
3219
3220
3231
2259
3483
5739
7186
8120
9745
9758
9841
11097
11812
15099
15689
16167
16315
17589
17871
18385
18707
19027
20176
22016
22269
23437
3242
3243
3247
3246
3461
22223
5227
5230
5229
5424
6639
8510
14315
15043
17104
24920
3260
3261
3262
3288
6405
6637
10443
12259
12348
13913
13916
14465
18435
18653
18654
19678
21039
21538
21867
21877
22349
24228
24230
24567
2201
6631
7955
10738
11315
11708
12060
12231
12262
13537
15039
16907
17737
18073
18437
18976
19676
21034
21866
23760
24225
13446
21901
4901
7395
16230
24980
9748
9750
18987
21350
23855
10314
15042
12208
12263
14040
5005
12490
3303
3306
16393
13833
1580
4825
3343
3350
3375
3376
22651
3380
3381
3384
3385
3386
3683
9543
9976
10633
10637
12134
14476
18048
18050
8175
24812
12888
3431
3442
20484
10834
15488
16813
3482
3500
5493
3501
3518
1919
2570
5000
5466
5519
5981
6409
8490
10126
11216
11415
11514
11662
13191
13592
13902
16171
17640
21102
21104
21105
22558
22716
22717
22764
22826
23098
23654
23844
23845
24259
4232
18152
11124
12481
16602
16603
24504
12567
3539
3542
13310
3593
3595
3600
3602
7991
9060
18401
18403
18404
22785
3608
18402
18407
21248
3616
20253
6277
6455
7657
7849
7853
9070
11706
14076
14670
15550
16901
17103
17107
17108
22057
22656
24565
5063
7857
8241
9066
9067
10628
13535
15551
18076
21237
23542
23545
24917
24918
24921
3621
4357
17468
18159
3626
3627
3628
3630
12887
22868
6291
12976
3643
3645
7163
9773
9774
9775
10035
9055
11888
13197
15288
17618
20258
15763
16001
18696
20278
20430
24584
2062
8166
9502
18333
18691
23893
14483
16028
23356
23357
3674
13963
8440
18041
18045
3684
6062
9544
7468
3728
13553
24071
24074
12384
15080
3740
3741
10643
11317
23950
3778
1594
8491
8657
14004
19789
22226
3118
4868
5437
8785
8787
8789
9798
15819
16170
19303
20399
24712
24713
3801
3802
5154
18406
3805
3806
3809
13659
17901
3817
4271
3839
4250
6377
3843
10373
13161
13827
13830
13831
14985
21483
16637
23006
23086
23088
24661
6004
6304
11896
11900
21369
3857
3859
3860
3862
6413
15452
3887
3891
2879
4788
6499
7679
9157
10113
14649
15024
15656
16890
17708
19630
24161
2107
5156
6951
10568
11573
12407
14334
16312
17634
24154
24158
24509
12486
22142
23123
7082
9243
9358
12488
13700
15697
15861
16305
16310
21014
23407
12489
16173
16309
24153
16099
5586
20838
3917
3919
5613
939
2858
5192
6492
6500
7012
9381
9504
9618
9620
9744
9793
18859
22212
24863
12462
23051
3930
15345
3967
3974
6016
16302
16304
16314
21906
22794
3985
1744
3986
6404
3992
8077
9293
10771
15817
15821
20070
21874
3994
14470
4001
4015
6905
13922
18137
20021
20604
19431
4036
12135
17037
19848
19849
19850
19851
19853
19857
20062
20063
20064
20065
4072
6050
8730
8731
12253
18039
24916
14150
16972
19770
16971
23398
4088
4089
6402
7278
4155
4169
4174
4177
4180
17033
17034
17036
17041
18049
19852
19854
4173
9892
14479
14484
23703
11427
19947
21052
5019
5021
9214
9216
9884
9885
9895
9896
11776
14450
14485
15495
15774
18082
19945
19948
19950
23709
23710
24535
24762
24788
4201
5079
9625
10663
10925
15372
15772
15773
17122
19949
19951
21054
23708
23711
4205
4210
4212
4213
13117
4220
19441
4235
4249
4899
4904
4897
23848
4264
23566
4272
4273
4284
21062
4308
4309
5213
5785
6206
10400
12798
15011
16320
17245
19932
24361
4322
4325
8187
24444
4326
22780
8893
9788
18396
19765
18731
4360
17213
4363
4385
15366
15367
4404
4405
971
6113
12054
14518
15762
18386
21920
24170
4428
17755
21259
10857
15336
21128
4447
4449
143
8178
18104
10593
11376
12340
21307
9211
4488
16426
4492
4503
7437
11659
15351
22835
4508
4510
11429
4513
4516
4517
17396
4720
8395
13770
19227
22195
23177
23514
24290
4525
4526
4527
4529
4565
4595
4597
4601
11663
4616
4620
4628
4629
7564
15184
21828
10624
11893
11894
11897
11902
11903
11917
8093
15966
4634
1118
1294
12248
4641
18649
4646
4658
4668
5694
4673
4678
9264
4680
4681
4692
4693
4440
4703
6293
21321
4715
4716
4719
4735
4764
4766
4770
3310
4779
5778
4789
4816
19526
4837
4860
5323
8646
10855
23250
23664
4862
17847
4869
4870
4871
4874
8710
4895
4898
4908
4907
4935
4937
4959
4958
20194
4971
4969
12675
23713
1351
5010
5016
22961
23912
5030
22013
5060
5062
5068
5086
5121
7990
5135
5171
5172
5194
5204
5206
5217
11123
5220
2898
3726
8887
10072
10954
11981
11991
14288
15595
18600
20094
21318
22740
24380
5237
5240
5267
7117
5268
22157
5273
5745
20096
2184
6007
9429
9855
20204
5339
5337
5372
5374
5377
5376
5405
24800
5423
5427
19238
6579
9795
14918
14920
20231
23117
5441
19145
16961
22525
5444
7634
16726
5446
5897
10063
11734
12425
14700
15637
21804
24937
13947
23268
1069
5488
5496
5497
1343
21704
5552
8101
5559
24789
5628
5635
5649
19593
22795
23050
5666
2833
5668
22180
19596
17517
15276
5730
5736
5763
802
5787
9797
23695
23697
5815
5829
19068
5830
5859
2180
5861
5862
10734
11650
13758
5871
5875
5886
5887
21100
5889
5890
5892
932
5898
14554
23160
5925
7666
5943
5944
5953
8749
14463
5955
5956
5959
5960
5961
5975
20713
5996
4138
13869
14285
14548
19483
19484
21098
21247
23042
4763
11980
18768
21166
12533
22937
6041
20566
6048
6053
6054
6055
6075
19577
6076
6085
6086
6087
16153
6155
19143
6156
6157
9631
6180
951
6192
16674
6193
7108
7270
6202
6208
6216
6222
6234
6235
6236
6237
6238
6239
6241
6242
9384
6266
6270
6278
9961
6292
7676
8915
9856
9869
9947
13588
23547
6295
6990
6991
6302
6313
6321
6322
6323
22532
23445
23448
6327
9374
10210
20875
21323
23112
14881
17862
6351
6363
6368
6395
6397
22266
6398
6399
6410
6411
6414
6415
6489
8198
9387
17416
6506
9469
7948
15009
6564
6587
6605
6615
6620
6632
6634
14916
18038
20973
23504
23961
6681
6680
6689
6690
6691
6711
3918
4037
20949
22243
18456
6754
15764
6577
12471
12473
15209
15211
6790
6897
6930
6934
17466
20171
23049
6215
6945
6948
6959
8806
15977
6971
6973
1217
6976
17519
6981
6982
1109
18809
5748
9272
12338
24320
6994
6995
6996
6998
6999
7000
7001
7004
7015
7038
8470
7051
4417
7279
10067
7070
7097
23776
7099
4532
4533
7139
16494
7170
7189
7205
19123
7229
7230
7236
7263
7298
7299
7312
7314
7333
7335
7357
7382
7390
7401
7402
7403
7415
317
7420
7423
7421
6868
7424
8978
18227
7443
8369
7486
7489
7492
14823
20429
7754
12834
7537
7538
7557
7558
7559
5589
16372
20843
21825
23147
7565
6418
15823
1718
14701
21826
18700
20521
7583
7606
21120
7622
1271
1272
17255
7669
7678
16504
20369
7729
7733
18704
7749
7757
4136
7760
20192
7778
7779
23074
7784
7785
7803
7804
16101
7806
7825
7836
7879
3199
10522
15216
8348
13137
19247
7935
13163
5262
24580
7953
7954
7956
21865
24771
24772
7960
7973
24233
24234
7978
7979
21504
21784
956
3604
9356
10816
15865
18650
20536
20873
20972
8979
11733
15859
8002
8010
8028
8064
8065
13460
8067
8068
8080
24688
8083
8096
8111
8112
17540
18984
8138
8144
6939
8095
18880
8165
8167
14184
8173
23224
9036
8188
8191
8193
8212
18124
8214
9189
8225
8227
8239
8288
12039
8303
8325
3555
8327
8343
9651
3407
3411
14237
14240
20366
8357
8370
8379
8396
8409
11257
15860
8431
16565
17148
24100
8888
858
8886
8483
8354
8487
2805
8796
8799
10232
8489
8501
5918
8502
18646
8511
14318
8512
19872
21567
8513
8516
8519
8564
8565
12658
12841
20140
8625
6546
9904
10010
10011
8633
8647
16563
8656
8670
2318
8681
8696
8716
12532
15181
23574
8724
8736
8739
8741
8745
8750
8743
8769
15604
17189
7271
12616
19245
8792
8797
12536
8800
8824
16873
11128
12227
14426
14491
19289
19317
19458
20279
24630
8882
11478
3274
8896
8899
6096
21569
21570
8941
21167
8954
8974
8991
8993
8994
12937
9019
9056
9057
1036
6561
22825
9072
5711
14539
14540
12510
9088
9089
15489
9116
9118
22808
9143
9144
11189
9147
19744
9193
22246
9195
9194
9197
9471
9204
9210
9235
9269
3168
9285
9302
9303
9304
9305
9324
9328
9359
13493
13494
23428
20724
9383
9386
9402
9401
9403
9415
9416
9417
9418
9419
9420
9421
9427
9454
2738
9009
9456
9457
9467
24051
9485
9500
9509
9519
9526
9556
9579
9585
9146
9609
9746
11770
9622
16514
21968
9623
9630
9649
13868
23918
9697
14729
9699
9719
9723
9727
9734
18347
9747
9765
9792
9811
3625
9812
9814
21069
21070
9831
9835
9840
9877
16681
16685
12339
9946
9963
23867
9977
15570
9981
9988
9997
10003
11399
18285
10053
10054
19805
10084
10086
10094
17221
10106
19121
10110
16706
10117
10120
10125
10124
10421
11390
10144
10148
10157
12377
22189
19373
10170
10172
10175
10201
10216
20375
10226
10227
10233
10274
10882
10327
10328
10331
10333
10334
489
954
3136
6705
14705
21820
21821
21822
21823
10383
10418
10439
10446
1204
16976
23401
10507
10508
10532
18480
24033
10559
10562
8618
10259
10574
10591
14148
14277
10607
10610
10625
10638
10644
10646
21400
10662
10983
10685
10689
10698
10706
10709
9537
10874
19001
10737
10753
10774
10828
10838
10840
10856
10860
10868
10871
10872
10873
10891
10919
10920
10957
10988
10990
10991
11013
11017
22912
11037
17834
11038
17837
11039
15836
24177
23037
11069
11070
11071
11073
11074
18599
11080
16807
11577
14161
11115
11121
11122
11142
21894
11145
11150
11171
11196
5012
11197
11198
11199
11201
11202
11215
11226
17186
18425
17990
22156
11250
15359
20003
14078
11259
15405
11262
1684
11280
18593
11880
18094
6573
11977
14919
20618
21913
7289
8761
8779
11921
11978
13172
13176
15245
15806
16576
18040
22309
5473
20622
22307
12162
13783
17526
11292
11293
11294
14477
14489
15822
15824
19054
21869
20261
20265
11567
20266
20319
20809
21345
21861
11331
18065
11352
11353
11368
11380
11381
11382
11388
11389
11391
2101
11393
11392
24574
24575
11409
14439
11454
11375
11467
11484
11485
17646
24165
11488
23869
11489
11509
11518
11527
11539
11541
22417
11555
11556
11557
11558
11562
11568
21416
12707
11586
3544
4042
12345
12860
13618
13941
16158
16292
17808
20077
20092
20141
20344
20862
23474
11628
16721
11655
11665
11666
11669
4387
11670
11674
6144
6146
11727
11739
11740
11911
24337
17569
20068
11758
11759
11760
11762
11763
11764
14515
11784
21833
11788
21832
11794
11795
11822
11824
11827
4934
11838
11839
11841
11843
11842
11865
11879
11883
11881
11882
11885
11906
11907
11915
11923
11928
19521
11939
9094
11943
11384
12000
12005
12006
12008
12002
12003
12007
14751
21578
24111
14749
19234
12013
14537
3543
11139
12037
12047
13403
4482
12057
1811
16794
12066
22364
12115
12133
12200
12211
12213
6419
11057
12091
22017
6879
10090
11174
11175
11453
15400
15403
17472
22380
12220
12249
12839
1413
12493
24633
12267
14151
12268
12291
12306
12305
12321
24470
12088
12365
12376
12380
21266
21269
24383
12386
3660
12389
12408
12421
12442
12443
12459
12460
19338
12465
12472
19340
19477
12492
14390
12502
12509
1994
12535
12538
12544
6005
12545
12546
12558
12553
12563
20277
12596
679
1572
4425
5098
10500
13070
16535
16551
17998
19168
21678
12600
10862
12225
12613
12630
12659
12729
9617
12477
18734
22827
12733
14583
19650
20710
12428
13356
16517
16636
24405
24406
20818
21179
21181
12743
24429
12745
12770
12767
12771
12772
14532
18035
20504
12790
12794
21722
12813
12814
12816
12817
12818
12842
12843
12845
12847
12858
12859
9648
14437
19102
24163
13221
13608
12898
12905
12906
12908
12938
12949
12955
15458
12958
12977
6739
11908
20499
12991
12994
13025
9016
13050
13071
13072
13075
13076
13083
13090
13098
20293
13109
19228
13131
6543
16519
208
998
1907
11276
11797
12121
13768
14010
13153
17339
13201
13266
13282
13300
15973
13305
10697
13324
13411
17958
14902
13434
13445
13465
13453
13481
18405
13491
19462
13509
1756
13510
13511
6014
13546
10321
15273
13562
13569
13610
13625
13649
21328
24005
19485
11651
11652
13672
20431
22141
13678
5901
14754
19418
21305
13740
11169
13743
15301
15302
15303
15304
13751
13752
13784
13787
2279
14606
13813
13814
13815
13828
13870
13892
11490
13898
13919
13923
13927
14915
13943
23140
13944
14310
17102
13953
13980
13987
19122
14026
14027
14032
14033
5735
13811
14425
17042
20432
21981
22431
22741
14075
14085
14086
14092
14093
14094
14095
12385
14116
14127
16755
14159
14162
14164
14186
14188
14194
14203
12378
16799
16562
16564
16798
24322
24323
14236
20602
14241
14244
8655
12884
15829
18479
18538
21253
21254
22528
22531
23446
24687
3897
6408
15051
15369
18079
18087
19003
20637
20669
22059
22527
22533
22806
24178
24179
5358
13559
24942
20154
20155
20402
21846
24545
24546
24548
24549
24550
14259
20152
20157
14264
14265
15300
14279
15445
14290
953
957
3920
4133
6708
6709
8786
11260
14702
14703
14706
19304
21827
23233
15333
16507
14296
14326
16720
14342
2777
23693
14365
14671
16013
2657
14391
16682
9887
9893
18446
24764
14419
17715
6712
14704
9971
23707
14511
2463
13060
14520
14522
14526
19254
19253
14542
14547
15820
14563
14576
6609
14580
14593
18412
14602
16195
14614
14616
14641
21103
14657
14659
14660
14661
14662
15461
18322
24915
1581
23873
14690
14694
3129
23798
8977
14712
14722
14724
14727
24321
14728
14737
14746
14750
14783
14807
14832
14876
9799
12935
14917
14924
16784
14957
14960
14961
14963
14987
14982
15023
5186
6357
14170
24026
15073
15074
427
456
8680
12738
13555
13556
15591
16735
19179
20966
21064
24053
24070
15086
7950
15109
23436
15114
15135
15687
21213
15152
24204
15157
15161
15162
15164
15178
15193
15214
9710
15243
20377
15256
15261
15264
1622
10490
15285
15286
15287
15298
15299
15317
15323
15324
15325
15326
15329
15331
12446
21683
23503
15338
15357
15365
15384
15387
17120
15404
15411
15408
15413
15444
15446
15447
15449
15460
15467
15469
15482
20581
15571
15577
10253
16258
18300
15602
15606
15724
15750
11063
15766
15784
15799
15800
15808
15827
15841
15842
15544
19407
21076
15850
15852
15857
20640
15864
4113
15888
18161
15890
15891
21501
15893
18181
15911
15909
15938
7114
15968
15981
10203
14782
16048
4139
16100
16102
16110
16956
16123
16124
16127
16155
9185
12774
13726
14600
16347
18144
6460
16172
16226
16225
16231
16242
16268
16279
16282
21476
16283
16285
16286
16297
16298
22419
16318
16354
16355
16416
16435
16462
16485
3309
16522
16524
24742
16546
16547
2109
16554
20069
16566
16568
16569
24236
24350
16571
16573
16577
21646
16796
23789
16591
16594
16597
16604
16605
16607
16620
1758
6940
16782
20568
24732
2305
9764
23132
21260
8420
14760
21215
24508
19350
16722
16749
22769
16779
19838
1794
13742
16986
24912
16820
20944
19993
16897
16911
16914
3846
16935
16948
16959
213
24377
24382
16996
17000
17020
17022
15538
17026
17035
17038
17040
17048
4906
17079
17114
17116
17119
50
17128
9762
17136
17137
17151
17156
17249
17254
17268
9959
17269
13829
17286
17319
9582
18846
21306
17325
17334
22325
17369
9217
17386
17393
17401
17412
17417
17430
4486
17433
17475
17482
17485
17487
17503
17510
17511
13741
15578
17539
17543
17544
21410
7530
17781
17575
17584
17599
22203
7125
5011
17508
17630
17633
7594
17642
15547
7204
2151
8723
17704
17705
17734
5042
17735
17780
4814
20379
17818
17819
13423
13424
17822
17826
17835
17865
828
24927
17870
17915
17916
17948
17959
17960
17962
233
837
1422
16429
21522
3405
18016
18028
18029
9733
18031
707
18083
18100
18105
18109
18122
18126
18167
18185
18191
18192
18195
18222
1571
18224
18226
18246
19984
18281
18283
18290
18311
18330
18342
18341
24600
18367
18368
4413
4414
22784
18411
18444
7412
24982
18459
18469
18470
20712
18517
18520
5047
8911
18537
18539
18547
18565
18625
18626
18630
18643
18652
18664
6394
15917
18668
21485
18702
21614
18708
18712
18725
18727
18730
18751
18759
18763
18765
18766
11223
18820
18822
18847
22726
18849
18857
18871
18870
18918
18924
18933
18954
18956
5973
18993
20628
18996
18998
19009
19014
19016
19025
19026
19029
19028
7947
10729
10731
16767
21881
17144
17662
19129
8189
19138
19139
19142
19148
22437
19189
24601
24770
19192
19200
19204
19211
19221
18393
24869
19235
19263
6992
13725
22708
19268
19285
1724
19292
19293
19306
19308
19311
19312
19318
19320
7313
10369
21985
7292
18423
23380
19341
17357
9705
19372
19377
19380
19381
6997
19386
14747
14753
20620
19447
19482
19487
19489
19500
6707
19510
715
1967
18417
21436
22191
23225
19528
3960
19554
19563
19565
19512
4485
18262
19620
19647
23399
759
23501
19655
19658
19663
19726
19724
4835
22215
19752
12683
24765
14045
15870
18915
22628
19777
19782
16875
21272
19792
1803
19820
19824
19837
6049
19839
19874
1273
17025
1997
19878
19884
19879
19895
19920
3641
19922
19924
19919
19935
22663
19966
19975
1126
19978
19979
19983
405
976
20246
24295
19991
19992
20015
20016
20024
23714
20028
20030
20034
20044
1048
16837
18264
20056
20066
5659
20079
20101
20110
20111
20138
20460
24825
2420
18692
18693
20174
20195
20211
20223
20225
20247
20256
20260
8091
15038
21667
9022
16975
22241
22244
555
6578
6581
7942
18036
18037
18092
22310
20314
20315
20317
23625
20322
20335
20360
20363
8835
20374
3011
268
4466
8732
9226
11217
12042
12934
17118
20641
21807
21976
22881
23638
16625
20425
19402
20445
20446
20458
20461
20462
20464
20469
11147
12429
20493
1085
2601
6052
9263
18400
23229
24769
1597
20510
20511
16740
20513
4758
4367
20522
20525
20532
20533
20544
12904
20567
10039
15524
15527
15830
11144
17553
20591
20597
20607
20616
2526
20644
20643
20645
20649
20701
20717
20719
20722
20723
17619
20725
20730
20737
20740
20741
22620
13012
21510
23854
24990
23913
4769
22305
12547
9810
19396
19401
24397
24417
20800
14546
1653
23870
20840
20845
20844
20846
20847
20858
20860
13404
4189
20923
20924
5809
8537
10223
23410
20957
20967
20971
20980
3519
20984
14308
6875
11933
11777
16090
18581
6169
8630
10307
1004
12978
13175
22245
6876
18248
23447
21019
24415
21046
986
2831
21067
21080
7041
21081
21127
21140
21153
4790
21154
21155
21156
21158
11654
21159
21160
21161
21177
21185
21201
1738
21214
24333
21244
21256
21267
21268
21270
21279
21296
8371
21297
4426
8074
11810
14445
15339
19163
21317
16633
23157
21319
21347
17732
19518
21362
21367
14718
5545
14761
21382
21385
2167
21429
21434
2306
21448
1937
21449
21451
21452
21486
21492
21493
21488
21503
15887
21528
21533
22914
21575
21577
24782
21655
21660
350
21659
21665
18208
21669
23038
4277
24792
21682
15825
24237
21692
21697
7231
13769
8277
13097
21769
21770
21773
21789
6710
21824
21864
21875
21890
21891
20820
21897
21902
21916
7965
12907
21969
21971
21974
23525
22003
22098
22099
22102
22119
17057
22129
22133
22155
4148
13292
22183
22196
6493
22213
5189
8218
9505
12172
19856
23405
23639
22132
22222
22237
22308
4478
22338
22356
22383
22389
22390
22391
22428
22434
22438
22442
2694
7016
22501
22514
16616
23531
22546
22600
22609
22611
22664
22665
22678
22679
22682
22702
22703
24215
22734
20393
22735
22766
24673
9058
22840
22886
22888
22894
22895
22902
4096
22922
22927
22952
22958
22978
22979
23056
23075
23076
23082
23100
23108
23189
23226
23251
16111
23284
23285
23288
23313
23319
23337
23338
23344
23354
23408
23411
23415
23432
23433
5508
9950
9951
23442
23464
15127
5161
23515
23519
23561
23583
23597
23626
12615
23621
23632
23668
23669
1668
23671
23672
2515
23726
23751
23782
23788
23790
23824
23858
23859
23860
17250
23900
23927
17644
9014
24054
24094
24099
24130
24200
24201
24202
15208
24256
24270
9355
24271
24288
24289
24292
24324
3825
24348
9342
18749
24358
24376
24378
24381
24388
3009
24439
24460
24501
24597
24648
24649
24653
24664
24682
24693
24694
24716
24720
24718
24726
24737
24775
24793
24807
24808
24819
24821
12278
24824
24826
24836
24837
2832
24862
17625
12886
24899
24901
24906
24919
24933
24935
13299
24936
24957
24968
11506
24983
24984
