181
204
111
18
23
145
54
172
3
105
200
89
161
183
194
219
149
10
35
226
29
46
60
83
175
232
238
166
20
93
121
130
156
138
208
0
67
5
100
240
212
25
31
42
48
56
62
69
79
85
95
107
123
132
140
168
215
177
189
196
228
234
7
14
221
102
115
158
163
242
247
1
249
2
4
135
6
8
9
11
245
12
13
15
16
17
37
19
21
186
22
24
216
26
27
28
30
32
33
34
36
51
38
39
40
41
43
44
45
47
49
50
174
52
53
55
57
58
59
61
63
64
65
66
68
70
71
72
73
74
75
76
77
78
80
81
82
188
84
86
87
88
90
223
91
92
94
96
97
98
99
101
103
104
106
244
108
109
110
112
113
114
116
117
118
119
120
122
124
125
126
127
128
129
131
133
134
136
137
139
141
142
143
144
146
205
147
148
150
151
152
153
154
155
157
159
160
162
164
165
167
169
170
171
173
176
178
179
180
182
184
185
187
190
191
192
193
195
197
198
199
201
202
203
206
207
209
210
211
213
214
217
218
220
222
224
225
227
229
230
231
233
235
236
237
239
241
243
246
248
