177
80
52
68
42
243
27
20
233
35
112
70
99
0
9
118
58
83
89
119
159
165
183
199
205
188
210
220
62
74
134
148
237
102
29
121
227
11
22
167
245
2
5
31
157
48
54
64
76
85
91
104
114
123
136
141
150
161
173
179
190
195
201
212
222
229
239
13
17
24
44
109
128
169
185
207
217
247
1
249
3
81
4
6
7
8
10
12
14
15
16
18
19
21
225
23
25
26
28
126
30
32
33
34
36
215
37
38
39
40
41
139
43
45
46
47
49
50
51
53
55
56
57
59
60
61
63
65
66
67
69
107
71
153
72
73
75
77
78
79
82
84
86
87
88
90
92
93
94
95
96
97
98
100
101
103
105
106
108
110
111
113
115
116
117
193
120
171
122
124
125
127
129
130
131
132
133
135
137
138
140
142
143
144
145
146
147
149
151
152
154
155
156
158
160
162
163
164
166
168
170
172
174
175
176
178
180
181
182
184
186
187
189
191
192
194
196
197
198
200
202
203
204
206
208
209
211
213
214
216
218
219
221
223
224
226
228
230
231
232
234
235
236
238
240
241
242
244
246
248
