188
61
81
25
136
34
52
240
142
154
71
79
111
126
27
13
0
170
225
104
117
160
176
198
213
219
65
164
244
55
120
201
7
42
73
191
87
144
20
29
36
106
131
149
183
227
235
2
9
44
57
67
75
95
100
113
122
156
166
172
178
194
203
209
215
221
246
16
22
31
38
49
89
108
133
138
151
185
229
237
1
249
3
4
5
6
8
10
11
12
14
84
15
17
18
19
21
23
24
26
192
28
30
32
33
35
47
37
39
40
41
43
45
46
48
50
51
53
54
56
58
59
60
98
206
62
63
64
66
68
69
70
72
207
74
76
77
78
80
181
147
82
83
85
86
88
233
90
91
92
93
94
96
97
99
101
102
103
105
107
109
110
112
129
114
115
116
118
119
121
123
124
125
127
231
128
130
132
134
135
137
139
140
141
143
145
146
148
150
152
153
155
157
158
159
161
162
163
165
167
168
169
171
173
174
175
177
179
180
182
184
186
187
189
190
193
195
196
197
199
200
202
204
205
208
210
211
212
214
216
217
218
220
222
223
224
226
228
230
232
234
236
238
239
241
242
243
245
247
248
