224
38
102
45
65
140
219
147
129
2
54
184
176
99
25
16
47
40
153
159
165
190
203
209
230
236
243
59
70
170
9
213
249
32
85
93
105
115
123
192
18
49
135
142
12
28
34
61
72
87
95
107
117
125
149
155
161
172
186
194
199
205
215
221
226
232
239
245
6
20
78
42
51
56
67
131
137
144
167
0
1
3
181
4
5
7
8
10
121
11
13
14
15
17
19
21
22
23
24
26
27
180
29
30
31
33
35
36
37
39
177
41
77
43
44
46
133
90
48
50
52
53
55
82
57
58
60
62
63
64
66
68
69
71
73
74
75
76
79
80
81
83
84
86
88
89
91
92
94
96
97
98
100
112
101
103
104
106
108
109
110
111
113
114
116
118
119
120
122
124
126
127
128
130
132
134
136
138
139
141
143
145
146
148
150
151
152
154
156
157
158
160
162
163
164
166
168
169
171
173
174
175
197
178
179
182
183
185
187
188
189
191
193
195
196
198
200
201
202
204
206
207
208
210
211
212
214
216
217
218
220
222
223
237
225
227
228
229
231
233
234
235
238
240
241
242
244
246
247
248
