28
173
168
202
19
42
130
82
54
191
237
228
249
133
117
67
102
197
48
13
150
35
106
164
139
127
212
60
38
177
5
75
90
187
114
32
148
170
63
138
100
16
153
2
232
122
218
161
182
241
72
95
86
8
111
156
78
103
225
246
211
46
145
118
183
22
194
92
108
57
64
157
201
81
205
167
39
119
231
71
176
245
49
25
87
215
222
125
143
160
186
236
97
179
10
43
52
109
149
0
29
135
190
198
74
58
66
112
240
244
214
3
14
34
165
77
89
131
152
207
226
1
248
4
6
7
17
9
11
12
15
142
18
83
20
21
221
23
24
26
27
96
30
31
33
36
37
172
40
229
41
44
45
47
50
206
51
53
55
56
219
59
61
62
65
68
69
208
70
73
76
234
79
80
84
85
88
91
193
93
94
98
99
101
104
105
107
110
113
115
116
199
120
121
123
124
126
128
129
132
134
184
137
136
140
223
141
144
146
147
151
154
155
158
159
162
163
166
169
213
171
175
174
178
192
180
181
185
188
189
195
196
200
204
203
210
209
216
217
220
224
227
230
233
235
238
239
242
243
247
