7
173
262
326
369
314
187
151
365
137
330
302
275
11
407
88
456
70
293
422
158
465
106
43
479
348
215
235
442
380
61
286
148
419
39
248
386
312
278
324
426
17
134
469
452
2
94
79
161
411
329
33
68
297
188
6
304
320
483
179
109
199
223
127
397
52
339
167
433
446
202
493
212
251
112
14
76
97
351
26
265
383
49
220
342
360
436
145
58
118
497
289
170
259
22
191
230
244
154
400
100
205
268
336
357
430
472
46
375
414
490
108
73
124
307
317
389
30
449
462
55
194
439
64
164
283
208
255
345
392
80
128
227
241
294
184
333
361
410
423
487
498
138
378
473
271
36
115
252
10
86
323
102
219
91
195
308
453
16
27
42
67
440
404
429
157
209
298
1
231
364
415
142
131
238
354
372
393
459
51
174
181
476
245
279
338
57
83
123
147
226
163
272
401
468
288
315
343
444
71
105
494
198
216
234
256
18
29
111
261
305
379
432
3
8
45
60
74
96
166
368
203
311
291
318
327
332
346
418
447
460
32
38
90
114
139
175
190
239
247
264
280
300
373
382
388
405
425
435
489
0
499
4
176
5
457
9
213
253
152
12
13
78
15
466
19
85
20
21
23
24
25
28
31
34
35
236
37
40
41
353
44
228
47
48
50
53
54
56
59
62
63
299
65
66
69
355
72
75
77
481
81
82
84
87
144
89
480
92
93
95
98
99
101
103
104
107
130
110
113
116
117
119
120
121
122
125
126
129
132
133
135
136
140
141
143
146
149
150
201
153
155
156
159
160
162
214
165
168
169
171
172
356
284
177
178
180
182
183
185
186
189
443
486
192
193
196
197
200
204
206
207
210
211
217
408
218
221
222
313
224
225
229
232
233
237
416
240
396
242
243
246
249
250
254
257
258
260
263
266
267
269
270
273
274
276
277
485
281
282
285
287
290
292
370
295
296
301
303
306
376
309
385
310
316
319
321
322
325
328
455
331
334
335
337
340
341
344
347
349
350
352
358
359
362
363
366
367
464
371
395
374
377
381
384
387
394
390
391
398
399
402
403
406
409
475
412
413
417
420
421
424
427
428
431
434
437
438
441
445
448
450
451
454
458
461
463
467
470
471
474
477
478
482
484
488
491
492
495
496
