210
142
59
171
17
193
135
206
61
199
107
94
91
56
0
23
29
35
41
72
85
100
148
154
160
177
183
221
120
165
244
129
187
75
43
50
2
66
11
102
109
201
223
235
13
19
25
31
37
45
52
68
77
87
96
122
131
144
150
156
167
173
179
189
195
212
217
246
4
241
63
82
104
111
117
137
162
203
225
231
237
1
249
3
5
6
7
8
9
10
84
12
14
15
16
18
125
20
21
22
24
26
27
28
30
32
33
34
36
38
39
40
42
44
46
47
48
49
51
53
54
55
57
229
58
215
60
62
64
65
67
69
70
71
73
74
76
78
79
80
81
83
86
227
88
89
90
92
106
93
95
97
98
99
101
103
105
108
139
110
112
113
114
115
116
118
119
121
123
124
126
127
128
130
132
133
134
136
233
138
140
141
143
145
146
147
149
151
152
153
155
157
158
159
161
163
164
166
168
169
170
172
174
175
176
178
180
181
182
184
185
186
188
190
191
192
194
239
196
197
198
200
202
204
205
207
208
209
211
213
214
216
218
219
220
222
224
226
228
230
232
234
236
238
240
242
243
245
247
248
