89
198
272
228
481
448
202
444
424
369
6
414
427
328
462
353
455
485
16
163
360
25
261
128
173
231
212
458
156
181
492
283
372
321
421
108
56
188
399
253
43
338
367
305
113
275
80
38
393
28
246
2
418
381
357
178
197
376
116
465
138
294
391
266
279
436
17
480
495
159
119
344
243
317
70
404
488
84
147
219
101
380
439
9
35
46
331
450
131
271
498
170
209
290
312
407
75
234
300
470
222
142
348
98
65
152
49
258
388
473
240
335
411
284
438
249
58
180
134
167
309
325
31
105
225
123
193
205
430
397
262
349
20
237
287
447
215
385
71
148
12
403
61
313
474
1
267
340
50
299
40
83
109
135
164
174
280
74
155
184
363
332
459
491
27
93
127
189
433
322
206
354
144
218
250
255
304
400
408
441
467
86
417
451
5
13
53
62
77
96
194
227
343
364
389
41
122
241
276
291
296
308
21
102
177
477
429
499
139
30
166
199
160
44
66
112
149
327
221
230
244
256
263
268
318
334
350
486
377
382
392
413
432
442
454
468
22
33
54
87
130
169
183
420
461
494
0
3
4
7
8
373
286
10
11
14
375
15
18
395
19
110
23
24
26
29
426
103
32
34
281
36
37
39
446
42
45
301
47
48
51
52
55
57
143
59
60
295
63
64
67
68
69
72
73
76
425
78
79
82
330
81
85
88
90
210
120
314
91
92
94
95
97
99
100
104
106
107
111
114
115
117
118
121
302
124
125
126
129
132
133
136
137
140
423
141
145
146
150
151
153
154
157
158
356
161
162
165
323
168
171
172
175
464
176
179
182
293
453
185
186
187
190
383
191
192
195
196
449
200
201
203
204
482
207
208
211
213
214
216
217
220
484
223
224
226
229
232
233
235
236
238
239
242
245
247
248
251
252
254
257
259
260
264
265
269
368
270
273
274
277
278
282
285
478
288
415
289
292
297
298
303
306
307
310
311
315
316
319
320
324
326
329
333
336
337
339
341
342
345
346
374
347
351
352
355
358
359
361
362
365
366
370
371
378
379
384
386
387
390
394
396
398
401
402
405
406
409
410
412
416
419
422
428
431
434
435
437
440
443
445
476
452
456
457
460
463
466
469
471
472
475
479
483
487
489
490
493
496
497
