19
96
3
23
78
0
10
42
190
91
226
172
198
107
122
201
30
37
74
55
84
135
141
147
183
207
213
236
14
67
71
156
239
57
166
5
45
86
98
112
149
185
192
218
125
16
21
32
51
59
95
120
80
131
137
143
158
168
174
179
203
209
232
241
246
7
34
39
47
88
100
104
114
127
151
187
194
220
228
1
249
2
4
196
6
8
9
11
230
12
13
15
17
18
43
25
161
20
22
164
24
64
162
26
27
28
29
31
129
216
33
35
36
38
224
40
41
177
44
46
48
49
50
52
53
54
56
58
60
61
62
63
65
66
68
69
70
72
73
75
102
76
77
79
110
81
82
83
85
87
89
90
92
116
93
94
97
99
101
103
105
106
108
153
109
111
113
115
117
118
119
121
123
124
126
128
130
132
133
134
136
138
139
140
142
144
145
146
148
150
152
154
155
157
159
160
163
165
167
169
170
171
173
222
175
176
178
180
181
182
184
186
188
189
191
193
195
197
244
199
200
202
204
205
206
208
210
211
212
214
215
217
219
221
223
225
227
229
231
233
234
235
237
238
240
242
243
245
247
248
