68
214
124
185
76
15
225
237
128
11
172
188
93
179
44
139
80
219
236
102
70
34
231
210
116
84
159
143
133
7
196
73
247
167
56
26
16
89
2
156
110
67
29
201
240
175
37
48
97
120
148
204
106
192
162
243
171
136
53
151
20
64
217
117
182
6
79
40
129
98
244
24
222
59
147
228
10
30
83
163
111
154
207
197
0
50
101
41
92
191
13
19
86
140
180
33
60
114
121
132
200
234
72
144
218
249
184
52
62
166
176
103
125
158
169
211
3
43
75
150
221
227
239
1
248
4
5
193
8
9
12
107
14
94
17
230
18
142
21
22
23
25
27
28
31
32
35
36
187
38
39
42
45
46
47
49
51
54
55
57
58
215
61
63
65
66
69
71
134
74
118
77
78
161
194
81
82
85
87
88
90
91
226
95
96
99
100
104
202
105
108
109
112
113
115
119
235
122
123
126
145
127
130
131
135
224
137
138
141
146
238
149
152
153
155
157
160
164
232
165
168
170
173
174
177
178
181
183
186
189
190
195
198
199
203
205
206
208
209
212
213
216
220
223
229
233
241
242
245
246
