186
26
127
30
96
109
190
45
149
68
79
37
141
187
121
63
2
71
46
106
57
133
167
112
145
13
158
176
16
84
54
99
136
23
5
171
87
40
118
180
193
154
61
33
51
102
162
8
74
137
22
93
122
168
12
36
151
197
130
64
91
103
50
115
174
17
155
161
27
41
75
140
183
58
80
1
67
177
188
9
88
94
125
148
165
18
129
29
144
42
47
194
97
116
53
70
81
132
0
198
3
199
4
6
7
10
11
14
15
19
20
21
24
25
28
31
32
34
35
38
39
43
44
48
85
49
52
55
56
59
126
60
62
65
82
66
69
72
73
90
76
77
78
83
86
111
89
92
95
98
100
101
104
105
107
108
110
157
195
113
114
117
119
120
123
124
128
169
172
131
134
135
184
138
139
142
143
147
179
146
150
152
153
156
159
160
163
164
166
170
173
175
178
181
182
185
196
189
191
192
