211
127
156
222
77
87
160
35
173
236
184
142
74
191
137
68
5
206
244
221
233
54
195
159
247
172
84
179
115
152
99
22
196
8
57
212
44
143
32
242
153
96
118
11
106
25
163
203
49
230
61
0
15
133
29
39
91
166
121
103
215
200
146
226
239
48
110
169
188
64
12
1
95
134
218
53
19
28
114
71
80
124
147
207
42
229
4
36
88
199
138
175
183
58
65
192
164
241
16
83
107
150
21
70
214
248
45
50
90
111
117
128
225
167
232
7
100
24
31
73
155
202
217
249
2
3
6
9
10
13
14
17
18
20
23
26
27
30
33
34
108
97
37
38
40
41
43
46
47
178
51
52
55
56
123
59
60
62
63
66
67
69
237
72
75
76
78
79
81
82
85
86
122
89
208
92
93
94
98
101
102
104
105
109
112
113
116
119
120
125
126
129
130
131
132
135
136
139
140
141
144
187
145
177
148
149
151
154
189
185
157
158
161
162
165
168
170
171
174
176
180
181
182
186
190
193
194
197
198
201
204
205
209
210
213
216
219
220
223
224
227
228
231
234
235
238
240
243
245
246
