186
478
123
51
101
355
444
488
346
98
369
216
321
130
279
359
41
235
224
436
189
26
81
372
143
292
65
481
340
195
126
408
389
164
21
201
61
440
152
325
5
70
472
140
313
296
109
484
433
453
184
48
265
393
57
27
211
303
105
8
496
276
466
167
253
419
398
18
85
262
38
190
243
171
231
155
299
353
422
95
411
457
331
206
364
256
124
175
268
381
493
113
240
474
102
463
90
15
227
328
401
425
33
149
286
198
273
306
158
247
318
450
133
44
179
72
215
365
416
0
259
343
430
234
22
60
336
30
118
12
146
405
462
89
223
352
136
309
376
475
52
78
69
168
248
454
485
110
159
269
322
280
386
37
437
499
208
239
289
415
92
332
356
469
397
45
252
447
347
64
219
172
192
202
315
11
137
272
491
55
86
115
148
162
181
212
228
293
300
337
360
427
260
387
2
34
283
402
441
458
75
305
93
127
379
465
448
14
151
479
418
23
375
66
76
96
104
390
142
312
176
193
203
218
236
242
263
316
367
412
468
17
29
40
47
132
154
383
255
275
326
342
349
407
421
432
1
498
3
4
6
7
9
10
13
16
19
20
429
24
129
25
28
380
117
31
32
35
36
39
42
297
473
43
46
49
50
53
486
54
56
58
59
489
62
63
460
67
68
71
114
73
74
77
79
80
82
83
366
84
87
88
91
94
97
99
100
382
424
103
106
107
108
111
443
112
116
119
120
121
122
125
182
285
304
128
494
131
134
135
138
139
141
161
144
145
147
150
153
156
157
160
163
165
166
169
170
173
178
174
177
180
183
185
334
371
187
188
191
378
194
196
197
329
199
200
232
204
205
207
394
209
210
213
324
214
217
456
220
221
222
225
455
226
229
230
233
323
237
238
241
244
245
246
249
250
251
254
257
258
261
264
266
267
270
271
274
277
278
339
281
385
282
284
287
288
291
290
294
295
298
348
301
302
307
308
310
311
314
361
317
319
320
327
330
333
335
338
341
344
345
404
350
351
354
357
358
362
363
438
368
370
373
374
377
384
388
391
392
395
396
399
446
400
403
406
409
410
413
414
417
420
423
426
428
431
434
435
439
442
445
449
451
452
459
461
464
467
470
471
476
477
480
482
483
487
490
492
495
497
