30
50
141
137
61
244
128
268
334
98
89
187
207
117
55
133
17
67
120
86
290
279
257
13
94
247
158
127
298
348
225
10
271
153
188
177
79
218
49
237
170
278
27
150
309
228
319
105
136
331
194
39
339
322
254
1
224
161
312
74
198
215
180
57
301
234
42
293
260
20
112
191
286
143
5
342
70
82
304
101
173
250
263
325
162
60
315
34
109
241
274
210
231
146
183
24
201
97
2
78
14
121
45
296
221
283
174
264
251
305
113
154
167
31
347
328
211
316
6
91
140
238
275
83
124
195
203
35
65
73
184
289
21
9
102
108
132
157
267
308
343
258
229
53
214
338
302
243
176
327
23
46
92
144
164
219
232
280
16
85
116
123
270
169
179
190
246
253
297
311
330
0
349
3
4
7
8
62
11
12
15
323
18
19
22
25
26
28
29
163
32
281
335
33
36
37
38
40
41
43
44
47
48
51
320
52
54
56
58
59
206
64
333
63
66
68
69
71
72
75
76
77
80
139
81
84
87
88
90
306
93
95
96
130
99
100
103
104
106
107
110
111
114
115
118
119
340
122
125
126
129
240
294
131
324
134
135
138
202
142
265
345
145
147
148
149
151
152
155
156
159
160
204
165
166
168
171
172
175
178
185
181
182
186
189
192
193
196
197
199
200
205
208
209
212
213
216
217
220
222
223
226
227
230
233
235
236
239
242
245
285
248
249
252
255
256
259
261
262
266
269
272
273
276
277
336
282
284
287
288
291
292
295
299
300
303
307
310
313
314
317
318
321
326
329
332
337
341
344
346
