12365
19098
20435
16839
20325
7415
19880
20323
3500
19598
5500
19988
18453
18517
4054
17285
3510
9995
20333
6423
3502
5302
8977
17855
19587
9042
15125
19998
17282
16830
9036
20011
13314
17210
10275
12097
10272
18338
1335
5237
11231
20182
3504
12367
15544
2526
10262
20331
1860
1100
5902
18406
6421
11530
10260
8889
17440
11541
20013
5272
15877
5040
17330
20173
6109
10250
18507
16235
3910
10590
8878
20329
11424
2900
6414
15177
12366
20321
9998
11385
4043
12416
19752
1342
10124
20072
12716
7734
18514
12104
3930
19049
17178
20339
14018
13890
15616
2880
15833
10289
17148
16828
9130
19745
12093
16948
6351
3885
17114
20319
14509
19224
13301
20185
8347
9109
19316
20466
1336
11605
19768
2903
9151
16237
3895
11416
10597
16843
20475
7977
9154
1340
796
13966
20335
704
6432
17434
19858
3784
20079
13015
10159
19881
10255
15352
11427
19742
7465
1304
19040
18459
15531
12784
3878
16734
17951
19769
2455
9143
708
1580
13420
20298
4837
9153
4084
20016
8883
9446
1337
7251
19175
5305
12094
13418
8904
17641
10081
1844
18512
17022
919
6412
8906
10712
10734
19898
10097
10256
1812
14674
9942
4739
20441
1739
13873
9110
12783
7944
4741
10071
4841
4040
18495
13464
9567
11750
10280
4950
6958
14019
8612
10073
16753
14821
4035
20187
1136
17921
6428
6143
8907
6114
19749
10095
10269
7693
6427
18526
14269
14508
12517
18140
3512
10749
7125
7952
18834
19758
5313
1990
9122
9878
11869
10678
18473
8918
2879
10075
11730
6184
18450
5311
10519
13315
13551
10787
4034
19229
16861
19076
11218
6684
18740
5283
1138
5261
20491
4635
5310
2305
9155
18216
5948
12192
16305
19743
9552
1311
14524
16735
509
16044
9994
6924
1202
9067
6606
5228
9128
13423
18405
14793
15370
16514
9661
16114
11149
14480
4240
19900
6549
3469
19907
12356
241
9992
592
7931
7510
8916
16309
15487
7622
2940
17673
20258
6420
7012
7993
19876
12096
5267
2606
8544
7999
17331
20306
16397
12430
7608
16799
19230
5961
7737
16525
7228
12508
17213
15354
1094
12086
7002
16841
15086
11651
19304
16090
5740
4068
16282
5317
6169
1771
585
6433
1312
15850
10520
14041
2004
6160
7995
20314
20193
8254
1353
16329
4226
5062
10795
2484
9303
8414
12095
9445
10001
10492
3519
4446
12556
14880
9635
12187
11184
1859
2877
14822
12298
4376
11768
6133
5050
6795
15552
17559
16837
11589
12264
20428
18859
239
653
7367
10769
6786
4750
13302
8543
6464
13224
8684
8843
13530
19753
19000
3568
13313
12362
6905
9179
10089
24
211
234
1368
4994
4227
14802
16285
5539
6547
7600
15677
9943
15948
12341
19895
3752
590
612
1316
14706
2178
3472
9164
5079
6262
11529
6120
6157
6923
6973
8634
9973
10489
10273
5207
20447
2
3767
9993
3
4
12075
12084
46
51
52
53
54
56
57
58
59
5308
71
88
3455
89
10698
101
114
16459
16464
126
163
167
179
8369
183
197
201
812
12175
12189
212
233
6259
12339
236
3482
7130
13674
15480
16521
17111
504
2657
12386
17623
512
9356
589
599
600
606
608
639
669
674
679
681
686
692
14228
10758
706
7285
8365
709
736
752
3008
16580
16581
1586
5061
9495
9676
9678
797
7907
798
809
9546
11713
836
15425
903
905
909
14242
916
918
11885
11886
11887
12102
12119
14442
16755
17716
921
1045
14453
1093
1735
1096
1097
640
2002
2005
2007
6170
7615
8610
8611
8835
8898
11708
13070
18189
18190
18192
18193
18194
1103
1105
1126
1116
1160
1180
3735
60
5086
6121
14015
15277
1212
1
1213
8839
1214
1215
13447
1233
1234
1237
1242
1243
1259
1266
1277
1289
1303
3508
10158
15978
17856
1305
1307
1310
11349
3976
6424
1313
14470
20053
1317
1318
1319
1320
1322
1324
1332
3496
3497
3501
6415
6422
6426
6429
9007
10838
12489
13076
14717
16121
17203
3977
6417
1338
12454
18195
645
3035
8411
17953
1363
1360
1364
4114
11250
1392
1394
1411
1420
1422
1423
1424
1554
1551
1555
1552
1560
1559
1572
12185
12186
13306
1843
1818
7466
10282
1854
1962
9061
2216
8417
2003
8446
2006
2008
2026
924
2079
1057
15529
2189
10784
7554
16713
2249
2254
2978
2257
9578
5973
12074
12090
16748
2306
2351
2354
1020
2366
2384
2403
2426
2436
9867
2454
7620
12990
2472
9558
2482
6460
6461
15622
2485
2500
2924
6111
6112
6144
12179
13324
13328
13566
15179
18201
2527
2535
2545
2591
2592
2593
2598
4687
4689
4693
16061
2607
2609
2641
2636
1575
2873
2878
6119
535
536
6140
2882
2889
2897
13031
2901
2902
12801
2917
2936
16339
2988
16817
3032
3034
3106
3125
3127
17677
3134
3139
3266
3287
3289
3334
3398
3450
5998
3456
12295
12300
17796
3478
3499
7373
7682
7843
12364
14601
15226
15227
15470
15605
16558
17850
17862
17875
18172
1880
3940
10084
17851
3498
3503
3939
5048
17010
17857
17861
3491
3492
3511
12870
17872
17873
3534
3538
3540
3558
16766
3564
12371
13003
3578
17188
3639
3647
3671
3675
3679
3695
3704
3706
3707
3709
3713
3734
3760
12827
16395
16396
17618
3892
3893
3898
3889
3904
3909
3907
1667
11177
14962
3917
3919
3921
3935
3944
3945
4018
4019
4020
4021
4022
4025
4032
4036
4041
510
4028
4029
4038
4046
4050
4048
4051
4044
7033
15843
16968
4055
4056
4057
4059
16605
4063
1803
4115
4128
4129
4157
4202
4207
4206
4228
4230
7080
4199
9344
4324
4325
3788
4342
4358
1589
4377
4383
4384
4385
4447
11746
4529
4578
4606
4608
4609
4615
4619
8458
17018
4636
4639
4640
12067
4650
4664
12077
13553
13556
17897
4680
15176
4681
4682
4686
3783
4862
4690
4692
3782
6603
7222
4695
4707
4729
4733
4736
5104
11397
11400
11412
11417
11420
12370
16665
16674
16705
16779
12188
13293
13297
13312
13326
13332
4749
4758
4814
4815
4821
4824
4832
4836
4996
4838
4839
4840
9041
17146
17334
4842
4843
4866
4892
4884
4995
4997
4998
5001
5031
5027
5029
4651
5303
5047
5076
5082
3968
5091
5120
5121
5125
5126
6181
5127
5128
5132
5251
5253
3007
13621
5265
9540
5268
672
7966
9542
4209
5281
5285
5292
5019
5306
16722
5315
6136
8462
5318
5321
5322
5323
5324
5339
805
5340
5377
5388
5390
3918
5402
5392
5410
5467
421
4074
4436
6182
6770
8502
8978
9290
9657
11517
11519
12342
12715
12861
5506
5509
10726
5515
5527
5687
5682
5697
5712
5719
5727
11516
14042
14051
14053
19617
5745
12470
5761
15538
5768
3575
5790
5893
5901
7924
7927
7932
9026
9999
10002
10278
11150
11151
11152
12222
12503
12776
15332
15333
16228
5904
5907
5908
5915
4908
5918
7052
5939
5940
5941
11522
3674
16112
5950
700
14437
5972
5974
9327
13636
16852
6113
10639
12750
6118
6126
6130
6142
6155
17433
6158
6161
6165
6166
8671
12171
6177
5130
6227
6228
6258
12699
6279
6288
6304
1806
6325
7126
6330
6341
3657
6164
7123
9288
11281
6395
6391
565
554
13060
9426
6446
11170
5397
10593
6546
6544
6550
6552
15599
6565
13077
7077
13430
15335
16741
6682
6683
8456
9427
12294
12297
12301
15363
6761
6767
6771
6772
6773
6776
6777
6785
6760
5101
6796
8891
6825
6830
6869
6232
6914
5888
6922
6966
8532
16497
6959
6409
7001
7003
7010
7013
8710
7238
7250
7258
7260
7262
7336
4014
7344
6876
7375
7385
14016
2867
6245
6248
8356
10545
10637
10717
15272
18198
18203
7451
10750
7486
13225
7501
7502
7504
7505
15273
7543
7541
7559
7562
7601
7602
1999
7617
7618
7641
7642
7651
9550
9551
9553
7696
807
4033
4210
4211
5282
7529
9975
11175
12855
7814
7858
7876
7885
7894
7921
7928
7929
7930
12458
16519
7935
7940
1573
8189
7953
7954
7956
7968
2226
9634
17165
7978
14889
16001
16042
16967
17622
8004
8006
8083
8165
8184
8185
8247
8229
8259
8262
8251
8257
8264
8377
14065
8388
8489
2655
11877
8507
8519
3972
8531
8540
8539
8546
8548
8561
8562
9323
9324
8590
8591
15350
8672
15438
8685
8683
8686
8747
8714
8857
8852
8877
9910
13968
8880
644
8887
9969
14746
15178
15675
15676
15678
16831
18853
19231
8897
5553
8905
16714
17005
11122
17001
8909
6233
6234
8910
15683
8917
7420
8921
8923
8925
8927
8972
5223
1794
6287
8908
9790
9945
9970
10516
11200
11870
12384
14744
16596
16836
17187
8979
9934
8980
5486
13357
8981
9013
9012
9031
518
5049
7934
9569
9583
9616
12467
12468
13378
14727
15145
15155
9037
14
31
68
728
729
730
4155
5557
6317
6318
9027
9028
9671
10531
14084
16736
16778
16864
17028
17117
18197
18199
9043
9044
9045
12351
9047
9057
9058
9062
9768
13339
17609
9068
9075
2617
13246
9099
9108
2960
9112
9124
9127
12087
9138
9139
9132
9137
9146
9148
9149
9152
9157
9159
9161
9162
9163
9180
9182
9183
9185
9291
9294
9296
9300
8620
9304
9308
9330
8201
13888
17950
7257
9541
9556
9559
9560
9561
9562
8351
9554
9565
15156
16332
9568
9574
9582
9598
8355
9647
11723
9673
9679
9680
9697
8148
9705
9712
9767
9764
13963
9823
9824
9834
12073
9838
9868
3092
9933
9936
9937
9938
9940
6115
16584
17627
17651
9971
9972
9974
10954
9976
9978
662
648
1764
1848
3948
4193
18947
10007
10009
10013
10014
10052
10053
10054
10055
10070
10072
10074
10076
10080
10086
10092
10093
10096
10098
10099
10102
10104
10105
10106
10114
10123
10488
10498
13341
16569
16572
16576
16578
16816
16824
16832
16845
17630
17631
17632
17633
17639
17640
17642
17643
17644
17648
17649
17650
10135
10140
16715
10153
13446
10161
10164
10169
10172
10251
10252
10253
10257
10258
10259
6654
10263
10264
10265
10266
10270
11055
10271
1858
7997
8503
10287
10288
9150
10293
10295
10300
10301
10312
10392
10393
10396
10402
10408
10411
2965
10412
10450
11497
14477
10548
13973
13991
9496
2619
10714
10725
10486
11732
15274
10735
11180
18914
19604
10768
11720
9656
10796
10930
10985
11059
11064
11081
15154
11121
11126
16800
11171
11204
13028
11217
10083
11221
726
9572
9573
9577
10552
10695
13022
11233
11246
11288
11289
11306
11308
11310
11314
11319
11320
11324
11325
11327
11330
11331
11332
11333
11334
11335
11336
11341
11342
11343
11345
11346
11367
7396
11368
11369
1137
5100
17437
11388
11389
11391
11398
11402
11403
11404
11405
11406
11410
11411
11414
6162
5275
11419
11421
6558
11429
11443
11475
11518
11521
11524
14850
15956
3645
4863
4864
8660
11535
12854
15241
15688
17853
11537
11539
5403
12313
11543
11545
11561
11568
11594
11596
11599
1842
9301
17113
11615
11618
12265
11622
11627
11639
10529
10533
11643
11648
11666
11706
12908
11735
14609
11758
11757
11769
11770
11962
8386
11963
12070
12071
12076
12078
12080
12082
12088
12089
11884
12792
13965
12083
12795
17712
17713
5269
8565
15088
15346
12098
12099
12101
12103
12122
12127
11749
12173
17922
12263
12275
16591
13924
12315
553
12319
12321
12323
12349
8188
16543
16549
7702
7703
7704
12357
12360
12361
2883
3270
4072
5337
6129
6301
6566
7369
8602
9681
11168
12109
12206
12373
13285
13289
13325
14017
15213
15556
15668
15680
16394
16703
16985
17676
17767
17840
17869
19148
20388
4387
4443
12234
6167
13503
20099
12374
12379
8837
12387
12394
12400
12406
12411
12273
12417
12418
618
10594
14733
12449
2846
12480
12487
12490
14488
12510
12514
12100
12521
12529
12532
12544
17109
12546
12249
12550
12553
7806
7812
15348
12563
12562
12574
12595
12621
741
13682
12623
12651
12678
12691
6024
12702
12704
12705
7078
12505
12709
12712
221
2009
4004
5329
5481
10746
11144
11528
11533
11540
14849
16294
11683
12802
12841
12845
19225
13061
13072
17670
13236
13276
13295
13296
13298
12207
13304
12200
13307
569
5820
13329
13334
13346
13359
13409
13407
13408
13415
9319
12343
12345
3920
13412
13419
13422
13424
13426
13427
12336
13431
13440
6425
9861
9913
13463
13537
13547
13563
13602
13607
13620
13641
13642
13673
15397
13675
13719
17909
3789
12530
13625
13629
17920
18205
13884
17119
19186
13892
13916
13930
13935
13992
10515
11765
18854
18873
7042
16370
14046
14048
14049
14062
14068
14245
14256
14261
14260
11937
14382
14444
14463
14165
10517
11707
14455
530
5196
14497
15694
14621
14673
9352
14005
14675
14680
14699
14700
14701
14726
14728
14740
14759
14761
14767
14784
14774
5005
5006
5008
5014
14791
14797
4178
14796
14798
10505
16962
14823
14840
13534
8600
14884
14882
14885
14939
14937
14964
17667
15076
15080
15083
4061
15095
15097
15111
15112
15113
15114
15122
15123
1101
16229
17173
17284
15132
15133
15144
15239
15315
11795
15321
15358
15373
1557
15530
15539
15548
15571
5046
15623
7366
8240
15808
15811
15820
9651
13032
15844
9328
15852
15856
15901
15908
8924
15915
15920
15932
15942
17930
15954
15991
16029
8601
16039
16040
16046
16048
16053
16066
8427
16089
16105
16109
3736
16116
16120
16230
16233
1309
16236
16241
16243
16272
16275
14173
16286
16287
16295
16296
16299
16302
16822
16303
16304
16306
16308
16333
16338
16371
16527
16597
1752
16721
5059
16747
16750
16746
16757
2904
16819
16821
16823
1795
16570
17647
16829
9869
17216
17217
17635
17636
16372
528
714
1947
2979
6150
10499
10530
10538
15553
16573
16574
16575
16825
16826
17579
17637
17638
17646
18461
16844
16863
17739
16960
16963
16987
16999
17000
17017
17040
17060
17093
6451
17092
8371
17112
8872
3745
3781
11927
17149
17182
17198
17197
17205
17208
2876
8691
11253
15643
15644
15646
15647
12193
17228
2337
17274
6548
11387
16238
17281
17286
17289
17294
17296
12180
16540
6709
17333
17335
17336
17343
17348
17349
17350
17441
16518
17672
17675
17741
17748
17768
17791
17884
3031
3033
18116
18118
1760
9713
11699
18142
18186
18200
10017
18217
18225
18234
18242
18267
10029
18271
5956
14060
18290
16796
18333
19591
19596
19638
19735
19751
19762
19765
19860
19867
19875
19878
19883
19886
19892
19893
19897
19906
19909
19910
19911
19912
19914
20006
20030
20031
20039
20040
20043
20048
20057
20143
20150
20154
20155
20156
20158
20160
20162
20163
20164
20165
20167
20174
20194
20206
20311
20320
20352
20355
20443
20445
20446
20449
20450
20456
20471
20478
20483
18339
18340
18341
18349
18350
18351
18354
18355
18357
18358
18361
18363
18365
18370
18371
18375
19741
20017
18376
18378
18379
18381
18385
18386
18387
18389
18391
18392
18393
18394
18396
18399
18401
18402
18403
18404
18337
20347
20479
7085
18409
19585
19746
19747
19761
19773
19908
20023
20029
20034
20065
20144
20161
20172
20180
20181
20287
20299
20300
20309
20328
20330
20334
20438
20451
20473
20476
20490
20496
18407
18408
18413
18414
18419
14073
18436
6955
18437
18439
18442
7917
2993
13894
18655
4683
8964
9955
10405
12069
13331
13456
17817
18207
18455
2241
18460
19204
18474
18475
18488
18490
18491
20020
18494
19904
20051
20146
18497
18501
18505
20141
18506
19602
19766
19896
20007
20019
20022
20204
20304
20452
18509
18510
19924
20000
20317
20332
18513
19738
19888
20170
20342
20351
18515
7889
19584
19737
19764
19866
19868
19882
19899
20025
20033
20037
20041
20042
20152
20198
20201
20202
20289
20312
20349
20431
20442
20460
20461
20470
20484
20487
20488
20489
20493
18518
18525
18527
18528
18529
18530
18531
18535
18561
18564
18567
14748
18602
18599
18648
18649
18650
18729
18755
18768
18798
18831
18847
17561
20109
18857
18860
18861
18862
18870
10243
18877
18896
18907
13318
18956
18961
18962
18965
18968
18969
1104
15648
18983
18992
18988
18989
18996
19001
19002
19030
4159
5274
9586
10929
10931
19041
19042
19044
19045
19046
19047
2899
5270
12072
19023
19050
19051
19056
19057
19060
19066
5699
7374
19087
19097
184
210
425
2659
3494
3599
3949
4192
4721
6754
6872
11617
11623
12575
12846
13389
14040
15214
15838
18132
19006
19115
19132
19133
19134
19144
19149
19152
19150
19151
19155
19177
19182
2613
19197
19198
19991
18850
3880
8821
19232
19239
19240
19271
19274
19291
19292
7637
8728
12565
19298
19303
19853
19928
19305
19306
19307
19308
19329
19338
19373
19423
19424
19540
19541
2793
19556
19574
19581
19586
19605
19612
2946
19631
19642
19716
19748
19750
19755
19759
19770
19771
19772
19847
19848
19767
19869
6626
19740
19760
19877
19879
19884
19887
19901
19903
19923
11588
19930
19931
19932
19938
19939
19940
19941
19942
19943
19944
19982
19987
8619
5762
11032
11033
11036
12208
12271
13310
18204
9093
19992
20009
20010
19859
12262
20064
19774
20026
20050
20071
20070
3086
7998
16764
20092
18148
20094
20093
20097
20113
20090
20118
20125
20131
20142
20147
20148
1810
20175
20184
19905
20153
20196
20226
20227
20257
3036
6892
20292
20295
20297
20307
20308
20313
20315
20322
20001
20014
20178
20324
19582
20316
20326
20327
20340
20345
20348
20356
20375
20378
4880
20401
20404
20418
20432
20433
19592
19756
19864
20005
20008
20015
20188
20439
20440
20453
20455
20457
20468
20472
20480
20481
20485
20486
20500
