799
1575
2
1194
550
1450
1235
1698
257
1638
1057
1391
587
1025
619
179
1260
90
1009
1349
1744
976
1
250
1284
1233
1287
1136
1338
1806
541
609
17
674
629
589
76
221
1603
184
693
161
697
802
1085
768
857
1546
14
948
1162
19
147
810
939
989
918
527
486
1379
1663
1116
27
228
862
1684
1299
120
445
1420
26
1531
191
1711
1765
1560
725
1359
1852
1673
294
157
380
199
1164
964
1489
898
390
1776
1114
1417
1298
1588
1084
739
955
1849
1739
1439
1476
1013
1367
301
874
757
226
1383
10
118
1523
558
1557
577
1487
1818
378
946
1190
7
978
1732
1096
798
1243
143
252
1799
1786
340
413
436
1630
1071
1087
326
1302
1548
1457
491
1837
655
1667
1128
1021
1258
726
1408
11
358
102
599
271
831
1565
754
499
91
696
1221
574
1119
1089
1246
1583
1822
551
361
729
682
82
1670
1038
762
319
1722
186
214
276
1079
1705
501
943
714
1355
610
647
218
408
473
1746
1423
1199
833
1525
1334
20
1277
1397
1055
1228
1307
1625
335
369
515
1657
1815
840
1157
113
1179
151
905
1473
1380
624
1527
1769
1842
70
438
1091
1462
660
876
18
1634
1060
1596
1007
299
401
466
1121
1312
1211
510
985
1332
330
109
365
481
1441
1797
235
1518
421
1050
1272
94
689
869
1153
1342
443
1484
773
1847
1599
718
913
1691
1446
1680
189
652
791
286
826
847
79
1764
520
1230
1410
546
592
1265
1375
1643
743
1813
394
817
883
941
1660
1555
123
471
264
1620
63
1295
1480
971
1335
1204
1510
86
582
1018
1729
1174
1794
1781
154
612
1093
1133
750
1109
665
1494
1591
1708
304
373
468
900
503
1415
1834
357
410
1187
1345
1734
192
323
1043
1225
1309
1005
127
405
886
538
1171
1453
1762
431
450
622
910
1150
1655
72
701
1279
1703
536
1201
337
517
1860
828
800
766
936
967
1098
1372
1627
150
289
721
775
1567
1010
685
1131
1513
1830
1752
262
463
736
786
1123
1553
1601
1618
1430
22
871
181
216
803
845
639
608
376
397
1405
1387
1811
279
25
1755
494
1270
1516
89
219
983
259
306
433
448
835
1062
1267
1330
1783
21
328
342
352
543
631
1020
1314
648
106
478
553
1827
907
1444
233
371
508
617
667
953
1048
1192
1492
162
733
1146
1237
1358
1572
1584
934
1693
1741
255
692
795
903
994
196
223
512
575
881
923
1169
1223
1650
1727
1804
65
138
992
658
706
1469
1064
1082
1665
594
838
864
1696
641
1337
565
759
780
1032
1368
1460
1820
125
174
287
1263
1118
1206
1413
1455
1528
387
122
418
1140
1166
1290
1506
1623
1632
1675
531
164
247
403
893
931
1772
1434
1255
1543
1715
1854
1143
240
269
296
311
333
354
429
440
455
475
522
584
634
1189
677
960
823
852
1606
878
1053
1248
1316
1499
1598
1737
1774
1839
194
344
579
663
1363
1403
1482
1558
1045
1801
15
496
731
902
1000
1074
1105
1327
1536
1613
67
784
626
1758
1218
1351
1384
1700
171
814
166
203
316
555
703
764
1028
1300
1579
1736
1844
207
1503
115
136
291
366
483
643
1159
915
969
973
1023
1274
1319
1382
1422
1458
1437
23
1678
266
533
694
728
1197
1208
1594
1689
243
24
1251
1539
1647
1719
74
130
145
347
383
406
424
570
605
755
830
867
920
938
1636
990
1002
1067
1182
1232
1412
1520
1550
1835
1126
1395
77
111
231
267
308
951
596
452
470
524
562
1241
684
1501
738
771
805
843
859
981
1788
1041
1275
1471
1615
1639
1825
1710
711
1323
209
282
415
505
513
548
621
650
670
708
793
807
1167
1135
1851
1297
1347
1427
1570
1748
1767
1856
1285
1365
99
29
96
87
132
141
1577
480
230
292
318
368
426
441
461
580
636
821
842
888
911
929
950
1052
1103
1176
1448
1485
1562
1608
1662
1686
1701
1771
1808
1809
1467
177
176
198
482
539
769
1083
1080
1386
1529
13
675
1215
1431
1791
101
140
148
1288
168
790
297
325
389
1718
484
585
607
645
740
974
1356
996
1014
1653
1094
1311
1145
1185
1339
1582
1398
1464
1720
1505
1749
1778
1816
567
747
1532
1239
1652
104
172
1478
187
417
205
1859
277
392
487
1011
557
988
679
704
713
723
776
809
916
1027
1072
1148
1846
1244
1360
1393
1401
1474
1515
1635
1645
1671
0
3
4
5
6
135
8
9
12
16
315
351
423
459
495
28
30
31
32
603
33
34
35
36
1695
37
38
39
40
41
42
783
43
44
819
45
46
855
47
48
891
49
50
927
51
52
963
53
54
999
55
56
1035
57
58
59
60
1107
61
62
1611
1683
69
64
215
71
66
73
68
75
212
78
80
81
83
84
85
88
92
93
95
600
1780
97
547
98
1789
105
100
107
108
103
110
112
114
116
117
119
121
124
681
126
128
129
500
131
133
134
142
137
144
139
146
149
1046
152
153
1614
1141
155
156
741
158
159
160
163
165
167
959
169
170
178
173
1821
180
175
182
183
185
355
188
190
193
195
197
200
201
202
204
206
213
208
210
211
217
220
222
224
225
1293
227
1519
229
232
1833
234
236
237
238
239
241
242
249
244
245
251
246
253
248
254
256
258
260
261
263
1443
1723
265
268
270
272
273
274
275
278
578
774
285
280
281
288
283
284
290
293
295
298
300
1793
302
303
305
307
309
310
312
313
314
321
322
317
324
320
861
327
329
331
332
919
334
336
338
339
341
343
345
346
427
348
349
350
353
717
359
360
356
362
363
620
364
367
818
370
372
374
375
377
379
381
382
384
385
386
393
388
395
396
391
444
398
399
400
402
404
407
409
411
1101
412
414
416
419
1862
420
422
430
425
432
428
434
435
437
439
442
446
447
449
451
638
453
454
456
457
458
465
460
467
462
469
464
1664
472
474
476
477
479
485
488
489
490
492
493
1289
502
497
498
504
506
507
509
511
514
516
518
519
521
523
525
526
528
529
530
1566
537
532
534
540
535
542
1281
544
545
1063
549
552
554
556
559
560
561
563
564
924
566
573
568
569
576
571
572
581
583
586
588
590
591
593
1537
1276
595
597
598
601
602
970
604
611
606
613
614
615
1658
744
616
618
623
625
627
1456
628
630
632
633
635
637
640
646
642
649
644
651
653
654
656
657
659
661
662
664
666
668
669
671
672
673
1661
676
683
678
680
686
687
688
690
691
695
698
699
700
702
1504
705
707
709
710
712
719
720
715
1217
716
722
724
727
730
1357
732
734
735
1609
737
742
745
746
753
748
749
756
751
1059
752
758
760
761
763
765
767
770
772
777
778
779
781
782
789
785
792
787
1227
788
794
796
797
801
804
1348
906
806
1580
808
811
812
813
815
816
1717
825
820
827
822
829
824
832
834
836
837
1436
839
841
844
846
848
849
850
851
853
854
856
863
858
865
860
866
868
1502
870
872
873
875
877
879
880
882
884
885
887
889
890
897
892
899
894
895
901
896
904
908
909
912
914
917
921
922
1224
925
926
933
928
935
930
937
932
940
942
944
945
947
949
952
954
1200
956
957
958
961
962
965
1508
966
972
968
1142
975
977
979
980
982
1077
984
986
987
991
993
995
997
998
1006
1001
1008
1003
1004
1012
1015
1066
1016
1147
1017
1019
1802
1022
1024
1026
1029
1030
1031
1328
1033
1034
1036
1042
1037
1044
1039
1040
1047
1049
1051
1054
1056
1058
1061
1440
1524
1065
1068
1069
1070
1078
1073
1075
1081
1076
1578
1086
1088
1090
1466
1092
1095
1097
1099
1104
1100
1102
1106
1113
1108
1115
1110
1111
1117
1112
1120
1122
1124
1125
1127
1129
1130
1132
1134
1137
1138
1139
1149
1144
1151
1152
1154
1155
1156
1158
1160
1161
1163
1165
1168
1170
1172
1173
1175
1177
1178
1180
1186
1181
1188
1183
1184
1191
1193
1195
1196
1198
1202
1203
1205
1207
1209
1210
1212
1213
1214
1216
1222
1219
1220
1226
1229
1231
1234
1236
1238
1240
1556
1242
1245
1247
1249
1250
1257
1252
1253
1259
1254
1261
1256
1262
1264
1640
1266
1449
1268
1269
1271
1273
1278
1280
1282
1283
1286
1745
1294
1296
1291
1292
1301
1303
1304
1305
1574
1306
1308
1310
1313
1315
1317
1318
1320
1321
1322
1329
1324
1325
1331
1326
1333
1336
1340
1341
1343
1344
1346
1350
1352
1353
1354
1628
1366
1361
1362
1369
1364
1370
1371
1373
1374
1376
1377
1378
1381
1385
1549
1388
1389
1390
1392
1394
1857
1396
1402
1404
1399
1400
1406
1407
1409
1411
1414
1416
1418
1419
1421
1424
1425
1426
1428
1429
1432
1438
1433
1435
1442
1445
1447
1451
1452
1454
1459
1461
1463
1465
1468
1475
1470
1477
1472
1479
1481
1483
1486
1488
1490
1491
1493
1495
1496
1497
1498
1500
1509
1511
1512
1507
1514
1517
1521
1522
1526
1530
1533
1534
1535
1538
1545
1540
1541
1547
1542
1544
1551
1552
1554
1559
1561
1563
1564
1568
1569
1571
1573
1581
1576
1592
1585
1586
1587
1589
1590
1593
1595
1597
1600
1602
1604
1605
1607
1610
1617
1612
1619
1621
1616
1622
1624
1626
1629
1631
1633
1637
1641
1642
1644
1646
1648
1654
1649
1656
1651
1659
1666
1668
1669
1672
1674
1676
1677
1679
1681
1682
1731
1690
1685
1692
1687
1688
1694
1697
1699
1702
1704
1706
1707
1709
1712
1713
1714
1716
1725
1726
1721
1728
1724
1730
1733
1735
1738
1740
1742
1743
1747
1750
1751
1753
1754
1761
1756
1757
1763
1759
1760
1766
1768
1770
1773
1775
1777
1779
1782
1784
1785
1787
1790
1792
1798
1800
1795
1796
1803
1805
1807
1810
1812
1814
1817
1819
1823
1824
1826
1828
1829
1836
1831
1838
1832
1840
1841
1843
1845
1848
1850
1853
1855
1858
1861
