1264
336
1060
964
1800
166
377
1205
114
1421
936
1856
197
372
1343
468
306
627
797
1696
1596
421
828
1310
7
1200
1621
1020
433
202
1624
1559
1
905
695
1296
1036
711
299
6
19
855
1408
1320
1081
215
251
358
683
1632
1159
1207
1522
503
389
1770
379
1423
971
102
1799
84
724
1047
1739
1259
1680
1120
1691
1072
438
259
1177
898
651
612
551
1517
568
1589
1367
1812
303
150
1704
1006
805
66
187
1840
661
1224
294
1777
1062
1494
1546
325
575
1243
228
481
1836
976
863
1169
1267
1092
340
1195
1637
954
5
472
558
1115
622
505
1735
697
1049
143
792
736
89
1330
1439
1192
406
127
916
1847
199
1475
1278
328
1512
268
727
1819
1018
10
1567
1133
881
952
8
808
750
25
27
1594
184
1553
872
1498
120
843
1585
1395
23
640
1649
1179
448
1150
650
684
1665
234
1391
270
824
1740
935
519
161
1626
1416
1229
832
1801
1045
701
496
1767
762
1338
1359
1452
375
729
1233
533
666
1146
588
978
1698
1126
402
757
1090
1301
1374
20
77
1662
876
529
1340
800
16
1549
1171
839
443
617
682
1710
1487
107
287
767
980
1141
912
1459
1013
1859
97
157
28
510
563
704
1387
479
583
1411
1085
1667
1837
546
732
1261
1775
1444
220
409
1805
263
1482
1236
1308
192
801
947
1612
1657
30
424
653
772
1726
901
1348
323
476
593
820
983
1379
24
141
865
1271
1524
70
365
1551
1027
1157
515
619
719
1291
1117
846
1099
745
1057
223
445
1762
404
538
1515
943
1325
1426
991
1030
1187
1306
1531
1744
1810
112
1406
179
394
486
1164
1447
1601
1672
1635
318
1122
1369
658
868
1854
580
919
1222
1345
1384
1687
289
343
624
810
694
413
522
835
1061
1782
256
541
1728
110
145
232
1008
1457
1477
1560
1341
292
648
1106
73
775
154
360
1403
1582
82
124
631
988
1480
1603
1361
1792
1313
1765
1284
556
883
940
1708
1244
240
677
606
760
1240
164
1839
902
1129
999
431
790
1639
1654
1669
1747
265
712
973
1619
1780
667
690
29
301
367
450
484
508
595
1015
1519
1817
335
401
1842
1050
216
1162
1460
1489
1564
1719
892
180
467
1080
1450
1711
1294
1097
1350
15
817
731
571
553
586
1544
870
1231
1434
1529
281
825
841
1188
1276
207
734
500
189
244
949
1266
1584
79
117
370
769
917
1025
1507
1701
136
254
665
1112
1042
1198
1651
755
1303
1333
1372
275
995
874
1473
1548
338
218
313
436
460
610
629
706
1095
1376
1693
1721
1758
1815
75
132
175
544
803
851
907
1134
1455
1849
675
1251
225
1404
418
1598
779
888
928
956
1113
1152
1241
1299
1587
1674
1814
1829
91
491
362
333
440
455
1484
517
591
643
785
1010
1052
1217
1202
1274
1355
1510
1536
1572
1628
1630
1737
1742
1784
548
578
626
1155
1203
1413
397
21
162
304
520
714
909
1492
1683
115
1715
277
384
738
753
1078
1088
1336
1441
1606
1852
1431
194
347
353
463
600
670
679
848
879
924
945
985
1069
1183
1269
1381
1700
1751
1763
387
230
246
296
1676
1154
1254
1555
1577
1644
1660
1787
63
171
87
148
331
1226
931
465
501
549
655
827
721
764
787
858
1131
1167
1377
1468
1496
1827
1249
119
138
227
249
285
414
429
634
702
894
959
969
1022
1038
1054
1210
1418
1514
1822
1797
1315
1215
1539
878
86
105
321
1353
211
452
488
560
615
686
687
774
1730
990
1279
1311
1352
1386
1399
1462
1527
1591
1807
1287
1323
1503
235
614
258
399
474
512
576
646
844
1001
1011
1102
1108
1124
1562
1563
1732
1844
94
1772
122
152
829
185
204
261
363
374
1690
426
441
477
539
1718
573
590
636
662
1180
743
765
1328
815
1419
914
966
981
1032
1614
1785
1174
1212
1428
1470
1501
1617
1526
1608
1824
783
1035
125
177
350
213
1075
390
1065
856
793
1640
897
1245
1401
1437
1436
1796
1746
12
531
603
1143
1647
1755
65
153
168
1252
190
237
266
818
282
310
526
534
1586
672
1364
708
776
1394
938
992
1857
1077
1087
1138
1166
1409
1227
1281
1331
1464
1485
1541
1565
1658
1677
1768
1834
884
68
103
129
172
208
921
247
320
342
469
1256
691
716
739
795
861
899
904
1185
1247
1365
1396
1445
1448
1655
1685
1705
1753
1803
1831
0
2
3
4
99
1329
135
9
11
243
13
14
279
315
458
17
18
351
22
423
459
26
495
567
31
32
33
34
639
1319
35
36
37
38
39
40
747
41
42
43
44
819
45
46
47
48
891
49
50
927
51
52
963
53
54
55
56
57
58
1071
59
60
1107
61
62
1467
1575
1611
1791
69
64
71
72
67
707
74
76
78
80
81
83
85
88
1389
90
92
93
95
96
98
100
106
101
108
109
104
111
113
116
1497
118
121
123
126
128
130
131
133
134
142
137
144
139
140
146
147
385
149
1160
151
155
156
158
159
160
163
165
167
169
170
178
173
174
181
176
182
183
186
188
191
193
398
195
196
198
200
201
203
1609
205
447
206
330
214
209
210
217
212
219
221
222
224
226
229
231
233
349
236
238
239
241
242
788
250
245
252
253
248
255
257
260
262
264
1521
267
269
271
272
273
274
308
276
278
280
286
288
283
284
290
291
293
295
297
298
300
302
305
341
307
309
311
312
314
316
322
317
324
319
326
327
329
850
332
334
1178
337
339
1161
657
1846
344
345
346
608
348
357
352
359
354
355
361
356
364
1602
366
368
369
371
373
376
378
380
381
382
383
557
386
393
388
395
911
396
391
392
400
403
405
407
408
410
411
412
542
415
416
417
419
420
422
430
425
432
427
428
434
435
437
439
1499
442
444
1173
446
449
451
453
454
456
457
466
461
462
464
470
471
473
475
478
480
482
915
483
485
487
1375
489
490
492
493
494
502
497
498
504
499
506
507
509
511
974
513
514
516
518
521
523
524
525
599
527
528
530
1821
537
532
540
535
536
543
545
547
550
552
554
555
559
561
562
564
565
566
1808
574
569
570
577
572
579
581
1140
582
584
585
587
589
592
594
596
597
598
601
602
609
604
605
611
607
644
613
616
618
620
621
623
625
628
630
632
633
635
637
638
645
641
647
642
649
652
654
656
1339
659
660
663
664
668
669
671
673
674
681
676
678
705
685
680
688
1605
689
692
693
696
698
699
700
703
709
710
1500
717
718
713
720
715
722
723
725
726
728
730
733
735
737
740
741
742
744
746
748
754
749
756
751
752
758
759
761
763
766
768
770
771
773
777
778
780
781
782
789
784
791
786
794
796
798
799
802
804
806
807
809
811
812
813
814
816
826
821
822
823
830
975
831
833
834
836
837
838
840
842
845
847
849
852
853
854
887
862
857
864
859
860
866
867
869
871
873
875
877
965
880
882
885
886
1298
889
890
893
900
895
896
903
906
908
1137
910
913
918
920
922
1221
923
925
926
933
934
929
930
937
932
939
941
942
1650
944
946
948
950
951
953
955
957
958
1720
960
1103
961
962
970
1554
972
967
968
977
1346
979
982
984
986
987
989
993
994
996
997
998
1005
1000
1007
1002
1003
1009
1004
1012
1014
1016
1017
1019
1021
1023
1024
1026
1028
1029
1031
1033
1034
1579
1041
1037
1055
1668
1043
1044
1039
1040
1046
1048
1051
1053
1610
1056
1058
1059
1063
1064
1066
1067
1593
1068
1422
1070
1073
1079
1074
1076
1082
1083
1084
1086
1089
1091
1093
1094
1096
1098
1100
1101
1104
1105
1114
1109
1110
1116
1111
1118
1119
1121
1123
1125
1127
1128
1130
1132
1135
1136
1139
1142
1149
1144
1145
1151
1147
1153
1148
1156
1168
1158
1163
1165
1170
1172
1175
1176
1186
1181
1182
1189
1184
1190
1191
1193
1194
1196
1197
1199
1201
1204
1206
1275
1208
1209
1211
1213
1214
1216
1223
1218
1219
1225
1220
1228
1230
1232
1234
1235
1237
1238
1239
1242
1246
1248
1250
1257
1258
1253
1260
1255
1262
1263
1265
1748
1268
1270
1509
1272
1273
1277
1280
1282
1283
1285
1286
1293
1288
1289
1295
1290
1297
1292
1300
1302
1478
1304
1305
1307
1309
1312
1314
1316
1723
1317
1318
1321
1322
1324
1326
1332
1327
1334
1335
1337
1342
1344
1347
1349
1351
1354
1356
1357
1358
1360
1604
1366
1362
1368
1363
1370
1371
1373
1378
1380
1382
1383
1385
1388
1390
1392
1393
1402
1397
1398
1405
1400
1407
1410
1412
1414
1806
1415
1417
1420
1424
1425
1427
1429
1430
1432
1438
1433
1440
1435
1442
1443
1689
1446
1449
1451
1453
1454
1456
1458
1461
1463
1465
1466
1474
1469
1476
1471
1472
1479
1481
1483
1486
1488
1490
1491
1493
1495
1743
1502
1504
1505
1511
1506
1513
1508
1516
1518
1520
1523
1525
1528
1530
1532
1533
1534
1535
1537
1538
1545
1540
1547
1542
1543
1550
1552
1556
1557
1633
1558
1561
1566
1568
1569
1570
1571
1573
1574
1581
1576
1583
1578
1580
1588
1590
1592
1595
1597
1599
1600
1607
1618
1613
1620
1615
1616
1622
1623
1625
1627
1629
1631
1634
1636
1638
1641
1642
1643
1645
1646
1653
1648
1656
1652
1659
1661
1663
1664
1666
1670
1671
1764
1673
1675
1678
1679
1681
1682
1684
1686
1692
1688
1694
1695
1697
1699
1702
1703
1706
1707
1709
1712
1713
1714
1716
1717
1725
1727
1722
1729
1724
1731
1733
1734
1736
1738
1741
1745
1749
1750
1752
1754
1761
1756
1757
1759
1760
1766
1769
1771
1773
1774
1776
1778
1779
1781
1783
1786
1788
1789
1790
1798
1793
1794
1795
1802
1804
1809
1811
1813
1816
1818
1820
1823
1825
1826
1833
1828
1835
1830
1832
1838
1841
1843
1845
1848
1850
1851
1853
1855
1858
1860
1861
1862
