587
373
180
737
70
862
991
269
193
17
438
412
882
120
302
757
579
900
84
700
271
6
1128
624
322
875
127
674
12
954
245
91
978
1070
943
720
986
173
10
571
540
1089
189
592
480
768
400
214
1135
144
160
30
113
424
334
434
611
484
294
655
727
221
690
631
8
664
832
535
556
378
772
1045
79
451
415
109
811
130
574
942
0
184
507
1133
863
628
588
1009
759
667
911
343
873
167
405
892
792
692
558
974
1013
276
475
1092
135
964
515
839
947
657
1049
368
352
797
99
470
920
286
1025
983
623
1085
155
770
228
510
92
336
834
1056
648
1020
520
807
77
299
695
730
996
443
907
402
257
870
1114
959
329
551
829
937
359
685
783
761
1094
473
151
395
804
1005
1121
235
264
191
1078
364
505
725
1042
605
547
653
837
916
436
595
976
794
1099
340
307
754
74
252
371
1063
1004
106
24
198
934
28
466
619
16
735
565
846
981
877
880
20
650
397
304
985
544
918
148
790
82
646
1018
324
682
576
1054
775
1116
216
226
289
1052
517
416
616
262
385
448
904
38
54
487
732
1027
431
1080
162
407
502
702
1002
125
809
1096
259
361
583
1126
459
927
914
223
233
331
522
660
739
841
1123
632
89
971
445
865
196
718
827
952
1061
69
186
376
675
143
539
1073
603
115
158
287
414
485
799
899
885
356
463
853
1006
697
200
317
749
639
250
683
802
935
311
390
498
549
779
1037
72
872
950
348
455
527
713
822
1097
1109
1131
1032
855
118
209
230
231
600
707
734
988
1059
1087
1130
291
612
665
1015
844
94
923
327
433
553
635
967
338
421
102
254
255
477
512
581
122
139
175
369
492
763
816
884
897
531
1071
153
163
203
282
306
503
945
687
766
1044
387
404
468
519
607
1023
819
177
238
429
742
955
578
621
836
895
1104
1138
366
1
65
182
211
267
319
341
450
524
542
704
715
756
868
887
925
930
1075
1111
29
711
999
1107
111
672
591
482
1022
641
678
785
858
1066
23
87
284
132
909
219
457
240
266
292
383
419
426
441
563
569
590
614
688
744
773
806
851
989
1047
1140
141
537
966
7
9
339
478
963
96
179
101
295
297
820
593
393
758
440
554
630
651
693
780
889
939
906
1001
1051
1083
495
22
279
669
104
136
150
165
169
187
195
490
313
508
532
609
771
932
961
973
993
1039
1101
2
63
105
3
4
5
11
13
14
171
708
15
18
207
19
21
243
25
26
27
315
31
32
33
34
351
35
36
372
37
39
40
41
42
423
43
44
45
46
47
48
49
50
51
52
53
55
56
57
58
567
998
59
60
61
62
747
174
891
1035
64
71
66
67
73
68
75
980
76
78
80
1031
81
83
85
824
86
88
90
843
93
95
97
98
100
107
108
103
110
112
114
116
117
119
192
121
123
124
126
814
128
129
131
133
663
134
795
142
137
138
145
140
146
147
149
953
152
154
156
157
159
161
164
166
876
168
170
968
199
172
178
181
176
183
185
188
190
194
197
201
869
202
204
205
206
213
208
215
210
217
212
218
220
222
224
225
227
602
229
232
234
236
237
239
241
242
249
244
251
246
347
422
247
253
248
256
258
260
261
263
265
268
270
272
273
274
275
335
277
278
717
285
280
281
288
283
290
293
296
298
300
1011
301
303
305
308
460
309
310
312
314
321
316
323
318
325
320
326
328
330
332
333
337
545
342
344
345
346
349
350
357
358
353
1142
354
360
355
362
363
365
367
370
374
375
377
379
380
381
382
384
662
386
388
394
389
396
391
392
398
399
401
403
406
408
409
410
411
413
417
418
420
601
430
425
432
427
428
464
435
437
439
710
442
444
446
447
449
452
453
454
456
458
465
461
467
462
469
471
472
474
476
479
481
879
483
486
488
489
491
493
494
501
496
497
504
499
500
506
509
511
513
514
516
518
521
523
525
753
526
528
529
530
538
533
534
541
536
921
543
546
808
548
550
552
555
557
559
560
561
562
604
564
566
573
568
575
570
577
572
615
580
582
584
585
1041
586
589
594
1122
596
597
598
599
610
606
613
608
617
618
620
622
625
626
627
629
860
633
634
636
637
638
786
645
640
647
642
643
649
644
652
654
656
658
659
661
1010
666
668
670
671
673
859
681
676
677
684
679
680
686
689
691
694
696
698
699
701
703
705
706
709
712
719
714
721
716
722
723
724
726
728
729
731
733
1129
736
738
740
741
743
745
746
748
755
750
751
752
760
762
776
764
765
767
769
774
777
778
881
781
782
789
784
791
787
793
788
796
798
800
801
803
805
810
812
813
815
817
818
825
826
821
828
823
830
831
833
835
838
1077
840
842
845
847
848
849
850
852
854
861
856
857
864
866
867
871
874
878
883
886
888
1055
890
1003
898
893
894
901
896
902
903
905
908
910
912
913
915
917
919
922
924
926
933
928
929
936
931
938
940
941
944
946
948
949
951
956
957
958
960
962
969
970
965
972
975
977
979
982
984
987
990
992
994
995
997
1000
1007
1008
1012
1014
1016
1017
1019
1021
1024
1026
1028
1029
1030
1033
1034
1036
1043
1038
1040
1046
1048
1050
1053
1057
1058
1060
1062
1064
1065
1067
1068
1069
1072
1079
1074
1081
1076
1082
1084
1086
1088
1090
1091
1093
1095
1098
1100
1102
1103
1105
1106
1113
1108
1115
1110
1117
1112
1118
1119
1120
1124
1125
1127
1132
1134
1136
1137
1139
1141
