23
10
68
14
9
16
17
2
181
123
3
168
13
83
24
293
213
15
163
25
18
210
283
88
158
96
173
238
258
268
308
249
263
298
26
278
85
200
98
233
253
29
114
309
63
118
203
243
273
288
143
178
141
149
21
103
218
223
228
303
198
73
78
108
128
133
153
183
188
193
248
99
93
174
124
151
256
208
139
159
244
144
239
70
89
236
271
161
113
195
170
64
74
79
84
259
104
109
214
119
129
134
146
154
164
300
184
189
204
219
224
229
241
264
274
279
284
289
294
304
0
1
4
5
6
7
8
11
12
19
20
22
172
27
28
30
31
32
138
33
34
35
36
148
180
37
38
39
40
41
42
43
44
132
45
46
47
48
49
50
51
52
53
54
55
56
57
58
59
60
61
62
66
67
65
69
71
72
199
76
77
75
81
82
80
86
87
246
91
92
90
177
94
97
95
101
102
100
106
107
105
111
112
110
116
117
115
121
122
120
126
127
125
131
130
136
137
135
142
140
242
147
145
250
152
150
156
157
155
162
160
182
166
167
165
169
171
176
175
179
310
186
187
185
191
192
190
194
196
197
201
202
206
207
205
209
211
212
216
217
215
221
222
220
226
227
225
231
232
230
234
237
235
240
311
247
245
251
252
254
257
255
267
261
262
260
266
265
269
272
270
276
277
275
281
282
280
286
287
285
291
292
290
296
297
295
299
301
302
306
307
305
312
