148
5
218
8
10
280
15
6
177
195
219
27
140
89
1
267
83
244
285
165
183
253
87
63
207
147
171
265
217
93
141
159
129
169
30
158
180
117
291
105
99
25
225
142
75
70
231
237
297
201
273
261
95
287
255
189
112
249
78
123
279
81
121
176
160
167
178
197
135
65
72
101
107
114
125
131
157
185
191
203
209
221
227
233
239
246
257
269
275
293
299
90
9
251
76
122
139
144
150
162
175
266
282
23
69
67
111
153
213
243
223
211
188
82
132
102
94
106
124
242
232
190
196
202
259
226
268
274
286
292
298
7
18
0
2
3
4
11
12
13
14
60
16
17
88
19
20
21
22
24
26
28
29
31
32
37
33
34
35
36
38
39
40
41
42
43
44
45
46
47
48
49
50
51
52
68
53
54
55
56
284
57
58
59
61
62
64
66
73
74
71
79
80
77
84
85
86
182
91
92
283
96
97
98
247
100
103
104
108
109
110
115
116
113
118
120
119
250
126
127
128
130
133
134
136
138
137
166
145
146
143
151
152
149
154
156
155
163
164
161
262
168
170
172
174
173
181
179
184
186
187
192
193
194
198
199
200
204
205
206
208
210
212
214
216
215
252
220
222
224
228
229
230
234
235
236
238
240
241
248
245
254
256
258
260
264
263
270
271
272
276
277
278
281
288
289
290
294
295
296
300
301
302
