118
349
354
264
11
307
330
226
288
361
197
113
234
6
393
77
300
412
323
72
262
199
162
121
340
91
221
385
151
390
359
337
9
287
245
24
192
395
89
65
312
18
138
378
175
266
295
407
155
257
108
185
371
84
402
142
232
133
216
283
364
292
12
250
178
271
421
81
328
274
126
160
223
409
332
102
79
1
150
335
43
180
304
373
70
190
165
214
376
404
111
229
252
143
316
30
400
115
297
157
269
17
380
82
187
164
239
369
342
414
218
86
183
204
259
123
325
122
333
94
106
19
147
209
366
351
125
255
279
299
7
145
182
302
219
236
383
405
397
63
387
67
195
247
10
27
110
167
321
96
173
194
276
318
347
368
419
281
305
99
130
140
148
357
20
136
243
93
227
231
285
309
0
2
3
4
5
8
13
14
114
15
16
21
22
23
314
25
26
135
28
29
31
32
33
34
35
36
37
38
171
39
40
296
41
42
44
45
46
47
48
49
50
207
92
348
51
52
53
54
55
56
57
58
59
60
61
62
315
294
69
64
71
66
345
73
68
74
75
76
78
80
83
360
85
87
88
90
95
97
129
98
105
100
101
107
103
389
109
104
112
116
117
119
120
124
127
128
131
132
134
141
137
144
139
240
146
149
152
153
154
156
158
159
161
163
166
168
169
170
353
177
172
179
174
181
176
184
186
188
189
191
193
196
198
200
201
202
203
205
206
213
208
215
210
211
217
212
220
222
224
225
228
230
233
235
237
238
278
241
242
249
244
384
251
246
253
248
254
256
258
260
261
263
265
267
268
270
272
273
275
277
411
280
286
282
289
284
327
290
291
293
398
298
301
303
306
308
310
311
313
322
317
324
319
320
326
329
331
334
336
338
355
339
341
343
344
346
350
410
388
352
358
356
362
363
365
367
370
372
374
375
377
379
381
382
386
394
396
391
392
399
417
401
403
406
408
413
415
416
418
420
422
