117
93
139
152
18
12
153
128
10
111
91
63
9
165
177
6
110
141
159
69
171
84
104
122
179
129
155
109
17
121
75
30
66
98
103
147
114
167
135
1
71
77
82
92
127
131
143
161
173
11
7
21
64
151
97
112
140
28
81
87
99
105
123
70
76
144
182
163
130
175
154
166
0
2
3
4
5
8
13
14
15
16
19
20
22
58
23
24
25
26
27
29
31
32
33
34
35
36
37
38
39
40
41
42
43
44
45
46
47
48
49
50
51
52
53
54
55
56
57
59
60
61
62
67
68
65
72
73
74
78
79
80
85
86
83
88
90
89
94
96
148
95
100
102
101
106
108
107
115
116
113
118
120
119
124
126
125
150
132
133
134
136
138
137
142
145
146
149
156
157
158
176
160
162
164
168
169
170
172
174
178
180
181
