936
1163
1025
1120
1488
1011
1385
973
414
918
1097
1230
220
193
1399
1193
13
307
235
1409
107
1168
1344
904
9
595
1006
551
5
1141
988
120
1348
1440
805
849
684
472
149
1300
720
899
1335
558
1093
127
87
1197
961
3
380
1218
1387
1089
287
847
1309
79
311
828
142
985
432
22
71
319
634
817
347
764
1177
1134
791
1314
877
1457
665
1374
211
521
125
377
14
819
1273
196
1411
1401
695
1008
1459
722
269
289
556
1475
474
1201
185
396
738
360
76
335
1057
151
1444
1150
232
718
496
1266
977
15
757
1078
697
1132
373
1240
1027
586
181
1480
1452
1379
1296
912
793
865
17
1369
216
1243
1019
1423
484
616
1129
1229
16
25
990
673
1196
954
503
892
1049
1313
264
789
105
323
660
933
1102
444
725
882
767
391
476
351
618
163
437
581
833
1337
510
1037
941
544
407
457
762
1271
343
423
137
257
653
623
733
166
702
931
1024
1060
869
1158
1086
294
840
84
365
576
479
798
772
1188
1143
1360
227
688
1416
328
1204
1258
1495
276
517
907
1115
198
1044
459
400
1448
949
252
541
648
808
1332
156
299
1278
613
740
1010
112
874
1302
780
1222
1074
449
368
1062
203
546
588
915
18
89
1414
1153
469
662
1122
1351
1324
370
946
920
330
514
730
970
1483
178
630
796
826
1318
0
292
403
754
905
842
223
1372
1206
115
250
646
1015
1261
1493
1236
1161
1276
862
572
1445
259
430
687
1055
321
439
679
708
845
1081
154
486
810
1098
1186
26
91
139
1165
747
284
978
894
213
304
1404
342
897
998
412
539
553
593
611
655
1117
186
870
1289
72
228
574
625
658
1225
1339
1421
686
1053
953
1476
512
1013
24
94
108
262
358
442
467
507
583
1113
1485
775
409
737
1034
956
1234
1342
1437
1367
1251
528
1392
161
881
838
1284
1064
1084
1170
279
1305
231
254
372
1199
481
835
4
130
325
393
690
713
975
1304
1435
67
356
434
923
609
755
1042
1259
1239
183
382
1181
1356
1462
1471
700
803
1127
301
995
886
1146
1376
1500
103
158
188
620
255
598
548
419
454
491
1023
537
563
641
670
857
1079
1327
1377
1419
86
735
786
872
966
1110
1238
1268
271
340
505
69
240
1294
628
934
1039
1100
332
569
590
765
1213
902
1269
1467
122
173
308
416
523
676
1020
1241
1396
1418
135
117
1190
830
1498
388
446
769
938
951
1215
208
297
462
477
632
1322
704
715
852
910
980
1046
1447
27
663
1349
190
218
245
353
1346
532
579
604
1426
800
801
867
884
1478
982
1001
1067
1433
1124
1125
1151
1160
1449
144
28
29
745
282
200
267
337
384
488
519
560
643
1384
831
1248
1291
1307
1330
1381
1464
20
1179
74
82
147
316
363
395
425
435
451
502
667
683
727
750
821
925
943
1091
1183
1254
1280
96
100
113
132
168
215
230
266
306
333
361
405
498
534
549
600
606
637
651
693
723
773
815
1354
1211
1032
1051
1088
1139
1175
1362
1402
1428
1481
1490
963
1035
174
1220
858
1315
1473
1071
1287
1359
1431
64
118
233
398
285
460
344
509
571
621
705
742
759
843
1263
888
900
916
928
958
991
1104
1155
1281
1466
1450
1486
30
195
379
524
691
776
777
1394
913
965
987
1047
1095
1192
1194
1217
1231
1297
1311
1389
1468
1
2
63
99
6
7
8
171
10
207
11
12
243
968
315
19
387
866
21
23
495
531
567
31
32
603
33
34
639
35
36
675
37
38
711
39
40
41
42
783
43
44
45
46
855
873
47
48
891
49
50
927
51
52
273
53
54
999
55
56
57
58
59
60
1107
61
62
1323
1395
719
80
70
65
66
73
68
75
77
814
78
81
83
85
249
88
90
92
93
101
95
97
98
106
102
109
104
110
111
559
114
116
119
121
123
124
126
128
129
131
979
133
134
141
136
143
138
1007
145
140
1209
146
148
150
152
153
155
157
159
160
162
164
165
167
169
170
494
177
172
179
180
175
176
182
184
187
189
191
657
192
194
197
199
863
201
202
799
204
205
206
883
214
209
210
217
212
903
219
221
222
224
225
226
229
234
236
237
1066
238
239
241
851
1319
242
244
251
246
247
253
248
256
258
260
261
263
265
268
270
272
274
275
1299
277
278
280
286
281
288
283
290
726
291
293
295
296
298
300
302
303
305
309
310
312
313
314
955
645
322
317
318
324
320
533
326
327
1101
329
331
334
336
338
339
341
1391
345
346
348
349
350
580
357
352
359
354
355
362
1103
364
366
636
367
369
371
374
564
375
376
378
381
383
1345
385
386
1244
394
389
390
397
392
399
401
402
1219
404
406
408
410
411
413
415
417
418
420
807
527
1207
421
422
429
424
431
426
427
433
428
436
438
440
441
443
445
447
448
450
452
453
455
456
458
465
466
461
468
463
464
470
471
473
475
478
1458
480
482
1076
483
485
487
489
490
492
493
501
497
504
499
500
506
508
511
513
515
516
518
520
522
525
526
942
529
530
538
540
535
536
542
543
545
547
550
552
554
555
557
561
562
932
565
566
573
568
575
570
577
578
744
582
584
585
587
589
591
592
1328
594
596
597
599
601
945
602
610
605
612
607
608
614
615
617
619
622
1140
624
626
627
629
631
633
635
638
1250
1157
640
647
642
649
644
650
652
654
656
659
661
664
666
668
714
669
671
672
674
681
682
677
678
685
680
689
967
692
694
696
698
699
701
703
706
707
709
710
822
717
712
721
716
724
795
728
729
731
732
734
736
739
741
743
1106
746
753
748
749
756
751
752
758
760
761
763
766
768
770
771
774
778
779
781
782
784
790
785
792
787
788
794
797
802
804
806
809
811
812
813
816
818
1026
825
820
827
823
829
824
832
834
1439
836
837
839
841
844
846
848
850
853
1497
854
861
856
864
859
860
868
871
875
876
878
879
880
1393
885
887
889
890
898
893
895
901
896
948
906
908
909
911
914
917
919
921
922
924
1135
926
974
929
935
930
937
1461
939
940
944
947
950
952
957
959
960
962
969
964
971
972
976
981
983
984
986
989
992
993
994
996
997
1274
1005
1000
1002
1003
1009
1004
1012
1014
1016
1017
1338
1366
1018
1021
1022
1350
1028
1029
1030
1031
1033
1041
1036
1043
1038
1398
1045
1040
1048
1050
1052
1054
1056
1058
1059
1061
1063
1065
1068
1069
1070
1077
1072
1073
1080
1075
1082
1083
1085
1087
1090
1092
1094
1096
1099
1105
1131
1108
1114
1109
1116
1111
1112
1118
1119
1121
1123
1126
1128
1130
1133
1434
1136
1137
1138
1142
1149
1144
1145
1152
1147
1148
1154
1156
1159
1162
1164
1166
1167
1169
1171
1172
1173
1174
1176
1178
1185
1180
1187
1182
1189
1184
1191
1195
1198
1443
1200
1202
1203
1205
1208
1210
1212
1214
1221
1216
1223
1224
1226
1227
1228
1232
1233
1235
1237
1242
1245
1246
1310
1247
1249
1257
1252
1253
1260
1255
1256
1262
1264
1265
1267
1270
1272
1502
1275
1277
1279
1282
1283
1285
1286
1293
1288
1295
1290
1292
1298
1301
1303
1306
1308
1312
1316
1317
1320
1321
1329
1325
1331
1326
1333
1334
1336
1340
1341
1343
1347
1352
1353
1355
1357
1358
1365
1361
1368
1363
1364
1370
1371
1373
1375
1378
1380
1382
1383
1386
1388
1390
1397
1403
1405
1400
1406
1407
1408
1410
1412
1413
1415
1417
1420
1422
1424
1425
1427
1429
1430
1432
1438
1441
1436
1442
1446
1451
1453
1454
1455
1456
1460
1463
1465
1474
1469
1470
1477
1472
1479
1482
1484
1487
1489
1491
1492
1494
1496
1499
1501
