247
86
196
235
89
213
195
204
221
163
248
197
90
79
217
224
242
112
84
245
125
88
203
179
110
225
82
188
232
191
178
216
133
194
120
83
85
246
87
126
161
192
74
144
198
139
193
214
222
174
121
212
102
233
219
177
211
171
141
111
81
162
142
223
249
109
189
140
143
68
132
187
108
202
78
190
104
107
113
186
168
156
220
159
167
124
239
114
231
240
72
237
158
105
209
185
244
160
205
234
230
170
138
122
69
66
154
169
229
243
152
123
119
77
63
80
65
172
136
75
175
238
155
173
135
183
137
103
181
67
153
149
101
151
134
201
176
227
131
106
182
71
184
208
180
228
146
70
99
60
61
207
157
200
166
147
236
218
58
199
100
57
215
241
226
165
76
130
73
62
53
98
118
64
97
206
59
150
96
54
117
48
148
13
51
145
56
52
210
116
38
55
2
41
50
95
46
44
36
45
49
14
35
164
40
39
128
37
5
47
28
94
42
3
43
34
31
27
30
9
4
12
24
1
18
17
16
15
20
21
0
22
29
92
25
23
11
26
6
115
10
8
91
19
32
