184
218
203
249
200
240
233
208
140
217
104
139
94
221
236
182
225
227
216
171
118
248
98
92
162
141
207
158
194
102
95
202
242
161
97
226
201
230
135
179
103
239
224
96
89
183
93
181
100
237
231
99
119
156
91
159
213
232
133
120
134
153
244
241
87
198
214
88
170
117
176
136
180
90
206
199
84
168
215
191
190
247
86
138
211
192
152
197
169
245
85
246
151
196
77
212
80
101
150
235
243
157
137
131
79
238
155
116
154
83
81
67
5
72
193
160
174
78
188
228
73
76
175
223
68
220
75
70
132
209
167
222
114
205
219
17
210
144
146
148
147
149
110
111
66
113
177
173
82
189
64
186
129
69
130
178
62
187
112
234
11
145
108
115
74
63
71
65
7
59
185
55
143
127
128
60
165
126
57
58
166
229
107
46
172
125
12
51
195
52
61
50
54
53
142
204
49
56
45
48
109
15
1
163
42
164
124
10
47
4
123
39
6
106
36
41
44
40
43
105
9
34
33
32
29
3
14
8
2
38
13
22
21
27
26
0
19
121
23
122
31
37
35
16
25
30
24
20
