241
100
215
75
187
165
206
214
122
123
236
237
153
136
249
244
221
145
178
202
98
152
209
94
147
235
68
66
78
139
92
204
112
64
229
118
79
99
77
133
173
176
196
223
207
117
166
163
224
109
72
188
238
103
114
194
125
212
159
111
185
179
102
90
130
131
181
233
162
183
177
110
70
53
192
161
61
160
39
155
86
201
37
88
174
87
89
60
157
38
180
116
105
231
101
41
124
85
106
127
31
108
198
104
2
27
35
170
24
36
5
190
200
1
154
7
33
10
23
84
3
6
9
18
16
76
73
203
17
22
15
20
14
44
184
26
57
13
81
95
169
28
80
210
55
47
69
220
140
121
144
151
45
119
67
42
232
51
58
62
63
137
46
132
65
135
0
11
83
197
30
150
34
143
213
82
43
211
247
21
239
242
245
25
29
107
74
8
148
246
32
172
19
158
228
48
248
12
226
222
4
141
56
126
49
186
93
240
175
96
91
208
195
168
54
40
129
164
