136
183
235
248
23
81
151
94
187
247
166
177
197
146
238
100
45
91
20
156
141
50
33
126
125
214
37
128
211
26
180
16
169
66
53
231
190
184
201
17
58
196
185
220
82
35
132
246
88
52
131
158
133
49
102
221
99
157
144
121
67
40
114
209
113
142
51
168
32
165
171
61
2
108
83
135
205
167
172
127
239
39
186
249
164
64
18
22
74
182
80
124
19
234
245
21
119
215
213
147
101
179
60
216
76
227
163
62
237
154
11
10
236
152
208
207
77
47
15
233
224
0
72
57
3
8
106
55
69
181
9
174
48
25
232
93
218
155
199
59
1
41
175
170
42
189
13
65
242
129
6
5
38
173
194
148
7
145
161
123
95
240
193
78
31
109
230
150
153
92
28
115
107
228
68
229
130
160
110
105
34
241
143
222
225
198
73
195
103
140
120
98
70
118
162
46
29
139
178
188
75
79
212
200
226
12
137
43
86
122
112
89
217
90
97
63
191
111
202
104
85
14
71
159
203
204
138
24
84
30
56
54
244
87
96
36
134
117
44
