30
232
98
92
74
227
224
249
164
55
183
56
94
161
8
99
194
230
124
129
202
73
104
95
201
176
126
152
118
166
119
148
245
113
225
240
87
242
219
102
211
199
130
77
121
208
11
116
109
2
79
70
218
247
25
177
168
115
117
150
195
15
80
158
154
190
243
134
114
4
93
159
13
78
220
66
200
212
180
207
106
52
156
10
26
221
57
81
131
140
239
196
233
23
63
210
90
215
88
9
28
228
187
75
237
44
171
217
48
181
18
223
213
96
6
214
235
128
139
143
179
120
236
51
40
246
146
123
35
64
222
100
43
193
91
72
53
172
234
198
61
107
170
241
65
188
101
141
34
125
209
135
248
49
216
54
112
206
20
84
27
155
231
82
36
86
105
69
178
136
191
46
197
67
238
22
29
45
0
149
33
17
132
108
185
76
16
204
5
142
103
138
122
19
41
47
32
144
60
39
163
157
205
173
189
21
97
145
59
169
244
127
226
137
192
31
68
50
7
85
184
160
71
42
147
229
167
151
37
1
12
62
175
3
165
24
111
89
153
162
