153
194
237
205
46
178
246
28
191
95
22
89
234
206
198
124
30
39
243
171
223
90
175
213
220
125
188
236
123
65
189
240
6
229
18
71
210
248
179
73
77
169
149
139
88
232
167
224
235
138
152
82
120
32
244
190
102
163
42
127
13
164
91
130
63
204
211
193
177
27
48
113
117
34
135
230
150
228
238
57
192
196
94
98
41
170
12
231
155
114
122
54
72
197
110
25
245
222
119
36
134
81
137
47
69
226
112
105
199
45
233
74
180
29
162
154
9
195
242
5
79
200
203
53
241
185
176
216
225
147
106
215
160
146
128
207
151
142
62
136
60
8
221
68
101
16
145
19
33
4
165
70
174
144
208
15
86
14
1
0
168
21
2
66
80
85
51
24
55
141
166
158
100
78
173
115
67
126
183
93
3
26
118
156
219
99
209
10
61
249
31
59
182
76
116
50
20
35
186
58
56
202
40
172
227
11
159
52
87
49
23
111
161
17
64
187
104
75
247
84
7
43
109
44
131
133
107
212
201
83
148
140
218
184
38
181
103
92
217
239
143
129
214
132
37
121
108
