49
124
174
116
295
152
33
626
45
1011
54
103
849
117
97
487
623
237
406
735
921
215
95
991
547
613
276
1865
2500
377
564
166
291
247
553
31
682
75
557
76
145
243
1595
244
72
128
220
73
122
1169
713
44
70
71
581
81
82
648
646
176
65
686
40
347
693
201
1001
293
1768
127
329
308
177
323
632
891
281
1279
79
687
703
142
805
246
80
1823
300
239
591
249
373
2165
109
975
448
147
559
307
972
1307
394
37
657
78
87
90
766
140
522
144
1849
392
1201
14
157
718
1343
1786
1658
135
15
1154
2139
794
223
583
150
857
27
273
336
334
775
1425
39
335
650
2024
279
21
2438
659
99
2468
1277
1632
940
296
219
898
7
1290
20
156
160
513
438
10
1420
769
181
495
1069
57
131
844
1230
43
226
170
1506
808
1987
420
819
690
505
1435
2520
1993
415
1966
500
2434
1003
1033
1034
1910
1812
2383
60
1255
954
395
1270
1355
482
1979
641
1756
364
846
691
2225
306
2071
510
1560
496
2560
689
539
2529
911
1561
253
1519
2575
332
2612
2340
163
339
311
908
56
134
662
351
905
2368
1494
93
1043
1905
191
661
904
252
266
981
701
288
337
1397
1381
1590
932
1215
569
1773
1547
858
153
479
61
1390
12
1594
4
488
490
1023
1588
726
636
379
254
400
1624
1269
210
720
719
1873
1379
1607
322
24
363
486
638
1145
204
1619
1399
264
1044
265
106
1473
2067
1623
1331
1504
525
193
700
1
3
872
871
0
357
105
873
360
358
359
2242
42
46
263
47
751
869
1329
749
255
2123
1319
529
635
512
1440
672
1832
1369
1894
1739
1221
1564
576
509
831
1548
2161
1757
530
527
2112
877
1531
261
2182
888
343
421
345
268
1636
2179
2051
1133
744
375
1112
1861
1349
928
1406
1558
217
1359
616
28
731
730
1293
721
2057
194
1031
233
706
1070
2096
1142
403
1566
2315
1625
380
2283
22
725
758
475
1997
1491
789
285
1475
2609
2546
2599
2394
2558
2279
609
1505
484
390
1675
2491
670
594
2600
881
777
593
610
980
536
317
2296
185
499
501
200
1166
1165
1852
737
989
930
2035
987
1685
684
683
1683
89
1492
801
2245
18
17
549
2615
184
548
611
615
2378
1226
2522
612
2010
704
1328
1677
2235
1308
1082
1079
2207
2206
1681
1676
428
1663
1662
418
417
1657
1656
816
2278
1327
1227
2377
1223
614
621
619
620
2588
1581
1185
645
647
1184
314
313
310
2055
2054
1183
304
303
1182
2349
644
895
2397
2398
2399
556
1552
2402
1551
2404
2405
555
231
230
554
960
1205
1206
1207
894
1556
2393
2392
2048
2047
2046
2045
2573
2585
2194
1545
1544
882
2130
2131
1540
2276
384
883
1536
538
1534
1533
537
2423
1926
212
2129
543
2386
251
250
2387
2488
262
1009
1035
1036
401
2264
2265
1060
754
1008
2288
355
354
353
352
348
346
338
1617
1616
361
993
992
2197
1752
2106
1148
1232
1231
2325
1151
824
155
825
1152
158
630
1147
629
1487
1488
2144
625
577
1845
1844
833
834
578
1497
2145
1939
1514
1515
1516
1517
1819
1818
850
851
1162
1161
854
855
572
565
563
562
2090
2091
2092
866
867
551
550
1135
1134
1501
146
2172
2171
2170
608
607
2168
2167
478
480
916
596
915
1750
1751
1839
910
1191
1190
1189
2454
1609
2453
1611
796
2561
2562
1881
1880
1432
1433
129
130
1870
1869
2186
2185
1444
1445
1449
792
290
289
1788
2068
2510
113
1401
1402
2536
2535
985
736
2381
734
733
2549
2550
282
942
1771
179
180
1772
269
1913
949
1376
1375
258
1373
1372
270
1902
1901
1394
1395
1408
1776
533
1365
1364
1614
1615
2355
532
1777
1778
1779
2137
2448
2447
531
1286
1900
741
1419
1417
1416
2516
2517
277
1899
2117
1510
1509
83
84
1935
1339
1288
1289
963
1977
1976
964
2374
2373
190
1338
494
1312
2119
2118
1311
2116
16
13
1301
2426
