47
26
28
185
15
50
70
69
66
63
6
0
30
275
134
219
17
78
377
291
84
264
302
119
280
209
114
226
151
43
167
177
41
228
93
52
113
200
94
125
294
305
127
286
401
97
76
21
197
58
350
31
103
143
249
450
257
282
77
48
345
194
64
237
18
324
224
205
45
35
170
203
331
208
337
210
340
107
164
247
427
39
54
56
180
293
382
126
123
122
179
5
304
178
411
479
201
142
384
152
90
422
380
425
91
476
477
418
215
99
320
171
429
431
432
218
406
407
109
408
463
443
444
101
307
213
351
348
347
342
154
133
229
230
231
38
289
241
240
37
239
131
32
130
287
378
465
296
297
298
160
23
24
244
243
261
468
216
437
436
372
173
89
88
158
391
392
236
146
145
369
14
13
20
120
250
245
246
251
365
