36
231
17
230
15
11
7
9
19
111
138
5
224
13
22
173
2
0
1
3
4
64
217
46
98
8
232
6
16
96
18
23
12
28
184
234
229
152
107
247
207
29
85
62
69
34
24
79
78
228
249
219
248
88
33
118
30
180
35
134
246
83
244
245
242
63
145
166
110
210
25
198
117
239
156
226
102
181
127
95
106
109
114
119
128
108
133
160
223
39
221
121
220
147
151
59
155
113
27
162
158
132
171
44
129
174
61
183
211
194
103
66
190
191
186
144
92
197
182
196
26
49
123
89
189
65
101
47
214
115
163
58
14
81
60
50
87
243
177
124
204
135
178
225
168
130
216
125
126
77
136
170
45
73
116
235
164
193
105
157
71
203
84
94
199
91
51
75
32
37
54
201
200
40
179
185
208
52
10
175
222
137
188
192
68
139
202
120
209
213
55
53
161
172
159
227
42
86
206
236
218
187
76
142
20
215
238
31
140
233
150
240
169
165
72
99
141
143
146
80
67
195
38
122
148
70
82
43
97
90
41
241
74
237
100
