29
117
154
70
99
211
221
235
156
245
45
200
51
35
118
55
36
196
214
80
217
49
61
27
132
143
17
98
90
145
152
11
46
130
228
166
91
136
112
79
16
26
19
66
247
133
240
34
65
8
81
59
68
58
3
13
9
12
4
249
100
175
172
171
170
108
106
176
164
177
178
95
232
231
67
76
60
144
204
126
203
207
201
111
57
206
169
69
208
209
73
114
113
116
119
110
121
120
123
127
131
129
109
105
83
96
97
63
187
85
89
88
84
92
64
93
78
41
86
87
137
135
138
142
205
182
195
198
146
225
56
248
125
163
53
30
242
181
6
14
0
2
10
15
244
243
239
161
37
147
107
180
184
186
189
188
191
193
24
22
28
21
32
20
39
40
42
44
148
18
77
75
149
139
150
43
47
48
238
151
173
153
157
159
155
160
62
167
102
174
230
215
94
229
236
103
237
192
226
199
213
82
223
219
212
31
216
218
220
165
124
1
72
158
52
