29
226
99
30
231
160
153
89
156
234
225
164
121
165
155
103
151
125
174
207
73
95
44
82
150
86
25
91
237
11
94
47
74
90
81
84
46
68
75
97
40
62
36
48
32
45
37
42
33
17
117
23
51
67
149
169
144
191
190
52
178
143
140
195
136
177
196
170
55
157
197
188
19
59
202
163
58
223
227
63
215
3
93
109
184
102
179
108
221
1
6
2
10
7
12
249
213
247
14
15
20
214
217
220
119
193
218
243
245
246
248
135
132
133
54
104
110
128
124
127
120
24
116
113
71
230
210
53
211
60
172
204
175
21
80
78
101
100
192
200
106
114
66
27
65
111
129
148
183
96
162
50
139
38
182
168
236
138
18
16
240
241
186
122
239
