37
188
40
231
47
33
38
48
29
78
81
26
73
34
70
85
67
71
86
75
202
79
204
88
143
117
114
115
110
206
131
122
123
136
137
129
15
127
113
140
142
109
146
187
4
92
46
41
49
152
7
91
12
66
19
55
208
61
60
207
20
211
210
234
236
232
237
95
240
51
241
52
200
238
58
57
23
191
198
192
195
243
245
246
106
173
105
102
101
170
96
186
56
99
98
185
164
28
181
25
163
166
160
168
111
165
158
216
13
229
155
156
6
228
1
225
224
172
176
221
219
220
217
180
248
121
2
3
24
14
151
11
145
199
183
182
179
178
124
190
139
222
107
32
215
227
167
22
197
159
135
36
72
201
83
53
65
94
64
90
16
50
120
