1171
5
190
298
784
127
75
737
672
446
849
72
125
60
586
14
765
1432
835
1435
1448
761
113
1433
215
397
467
159
157
829
333
764
33
1636
269
136
824
762
111
1445
752
37
1565
114
307
763
930
1452
242
1459
1733
370
25
1061
1022
685
1114
1497
102
1449
445
265
1434
45
1439
98
192
96
312
331
40
698
197
219
786
1453
174
676
1051
108
196
1469
326
26
232
599
408
222
195
598
991
1456
1610
1047
1629
180
435
879
1288
583
1762
1
902
1115
254
62
100
474
637
287
1546
252
61
1592
1054
391
1303
70
291
419
15
228
681
413
409
700
167
712
339
406
44
1455
603
1482
453
201
1618
104
36
926
940
1473
294
355
357
475
1662
1460
796
382
541
1430
1377
756
584
718
1530
1442
790
820
301
1407
1464
1605
1149
1437
1480
1005
542
1668
546
1790
328
456
611
1560
928
933
555
310
1463
256
1556
1555
1486
1440
1179
55
171
1318
607
495
530
841
561
1466
237
35
1454
1438
315
633
854
1450
1617
393
99
1443
1740
17
1447
628
488
1491
91
278
1503
1479
538
959
280
1531
969
1730
564
1085
214
66
669
365
1712
595
162
188
1093
277
392
624
821
314
877
909
1153
112
39
887
1321
483
908
88
427
1075
543
460
964
1648
1315
667
1124
553
464
726
1650
1200
873
629
28
304
286
976
1222
463
303
411
569
398
224
1162
965
989
551
558
6
9
12
1089
1098
1079
552
987
1101
616
673
694
728
86
1330
1309
1291
803
1266
845
848
1228
1225
888
1209
205
646
547
341
1165
1175
306
360
22
1125
1425
896
367
1416
165
172
247
983
434
449
949
11
1160
509
358
288
513
974
537
1520
1671
1297
1105
1095
428
1587
352
680
1240
1489
1275
1752
1559
597
115
1084
1099
1091
1104
193
692
644
186
1494
1707
150
913
253
912
571
986
249
149
528
199
54
59
64
1693
3
164
50
517
49
516
515
627
773
325
324
323
321
320
319
317
776
777
778
779
1410
318
759
1183
1182
766
767
768
769
1561
770
302
300
299
1583
293
292
780
981
1213
1212
1211
1210
725
727
1199
305
1167
284
283
282
281
1159
1156
274
273
973
1682
1681
1441
1679
1678
1677
178
1277
182
1672
184
1276
431
839
430
426
425
1594
1504
1829
1823
1155
1687
1686
1685
423
169
418
417
620
621
1271
623
819
818
1493
1792
1286
702
1285
1284
1281
1690
1689
1080
609
610
407
400
399
1465
808
802
589
109
1029
1030
1423
1424
441
440
1422
439
118
1039
1427
1428
124
573
574
438
1385
226
1214
559
106
105
1132
554
1133
1014
1013
94
93
869
870
225
871
665
244
1641
1640
1638
1637
1633
1632
221
1756
1757
1002
642
1001
74
73
532
67
1405
710
1245
1246
1488
1477
581
580
1715
388
389
1414
1333
882
883
1334
52
51
892
1758
1759
690
263
1243
707
951
952
953
954
708
1242
1241
42
1371
1231
1230
1661
1657
1658
465
632
944
943
904
21
493
19
18
905
20
462
910
911
1645
914
