1.00000000
0.99000000
0.98000000
0.97000000
0.96000000
0.95000000
0.94000000
0.93000000
0.92000000
0.91000000
0.89000000
0.88000000
0.84000000
0.82000000
0.81000000
0.78000000
0.77000000
0.75000000
0.73000000
0.70000000
0.65000000
0.49000000
0.24000000
0.24000000
0.24000000
0.24000000
0.10000000
0.10000000
0.06000000
0.06000000
0.06000000
0.05000000
0.05000000
0.04000000
0.04000000
0.04000000
0.04000000
0.03000000
0.03000000
0.03000000
0.03000000
0.03000000
0.03000000
0.03000000
0.03000000
0.03000000
0.03000000
0.03000000
0.03000000
0.03000000
0.03000000
0.03000000
0.03000000
0.03000000
0.03000000
0.03000000
0.02000000
0.01000000
0.01000000
0.01000000
0.01000000
0.01000000
0.01000000
0.01000000
0.01000000
0.01000000
0.01000000
0.01000000
0.01000000
0.01000000
0.01000000
0.01000000
0.01000000
0.01000000
0.01000000
0.01000000
0.01000000
0.01000000
0.01000000
0.01000000
0.01000000
0.01000000
0.01000000
0.01000000
0.01000000
0.01000000
0.01000000
0.01000000
0.01000000
0.01000000
0.01000000
0.01000000
0.01000000
0.01000000
0.01000000
0.01000000
0.01000000
0.01000000
0.01000000
0.01000000
