16
18
22
142
218
143
127
108
114
211
209
116
133
175
210
131
17
178
15
24
111
213
174
137
69
33
88
138
120
118
180
20
249
123
212
125
5
182
130
181
117
234
228
132
219
214
8
70
71
217
237
145
128
106
10
122
242
247
112
68
221
25
29
233
77
2
223
76
236
224
235
173
65
74
134
14
27
152
32
63
246
21
84
89
202
203
226
220
238
64
92
119
172
183
204
239
241
28
34
82
66
75
148
151
205
244
35
50
73
81
136
140
147
186
225
245
42
115
129
146
243
0
1
3
4
6
7
9
11
12
13
19
23
26
30
31
36
37
38
39
40
41
43
44
45
46
47
48
49
51
52
53
57
58
59
60
61
62
67
72
78
79
83
85
87
90
93
94
97
99
100
104
105
109
113
124
126
144
150
153
155
156
157
159
165
177
185
194
208
54
55
56
80
86
91
95
96
98
101
102
103
107
110
121
135
139
141
149
154
158
160
161
162
163
164
166
167
168
169
170
171
176
179
184
187
188
189
190
191
192
193
195
196
197
198
199
200
201
206
207
215
216
222
227
229
230
231
232
240
248
