133
110
122
147
146
79
93
175
231
137
230
112
226
88
211
80
99
116
135
200
83
198
232
160
153
207
156
124
213
178
102
71
148
155
164
16
17
202
74
70
87
128
161
120
205
90
174
203
143
129
142
165
171
139
118
188
243
5
238
176
138
172
166
173
157
168
108
208
106
109
154
72
234
104
206
240
21
244
114
145
4
94
191
229
239
192
113
177
12
241
167
247
81
26
100
187
242
163
245
127
6
19
111
117
193
194
197
28
216
249
84
151
195
236
14
73
98
131
132
235
2
22
33
136
196
225
237
248
23
25
246
0
1
3
7
8
9
10
11
13
15
18
20
24
27
29
30
31
32
34
35
36
37
38
39
40
41
43
44
45
46
47
48
49
51
52
53
54
55
56
57
58
59
60
64
65
67
69
75
76
77
78
82
85
86
89
92
95
96
97
101
105
115
119
121
130
140
141
144
182
42
50
61
62
63
66
68
91
103
107
123
125
126
134
149
150
152
158
159
162
169
170
179
180
181
183
184
185
186
189
190
199
201
204
209
210
212
214
215
217
218
219
220
221
222
223
224
227
228
233
