77
55
32
223
133
23
51
225
197
164
212
54
220
157
171
82
83
160
9
146
140
163
10
237
53
73
113
64
7
68
222
154
99
188
153
216
49
18
233
85
136
71
108
8
95
81
177
79
187
201
119
86
183
230
112
107
89
5
24
58
35
40
205
50
131
98
132
168
29
19
91
30
90
14
93
37
118
149
3
165
26
172
169
180
70
193
135
67
34
4
121
0
170
28
150
106
208
181
12
39
142
116
243
167
166
238
178
72
17
244
20
110
227
145
122
59
94
1
88
46
240
84
45
103
43
155
130
234
196
147
47
210
129
6
214
204
124
117
100
228
207
176
159
185
76
141
75
57
65
148
236
239
158
123
224
15
62
226
42
63
162
11
152
134
175
31
80
173
66
246
203
115
191
125
2
144
161
111
97
33
78
38
109
61
87
114
16
128
245
27
192
231
127
213
60
211
184
194
56
195
218
229
25
41
69
96
138
182
48
101
137
219
235
247
13
21
22
36
44
52
74
92
102
104
105
120
126
139
143
151
156
174
179
186
189
190
198
199
200
202
206
209
215
217
221
232
241
242
248
249
