109
207
210
164
72
126
133
194
182
158
50
147
62
46
143
154
15
94
124
156
20
159
93
187
162
151
100
22
150
44
131
238
24
153
68
223
36
108
55
29
195
80
122
3
96
208
14
8
74
178
119
155
167
115
38
160
176
40
217
76
82
88
132
157
25
28
30
111
175
102
16
105
85
70
49
57
58
106
118
112
66
152
134
230
0
141
81
90
6
95
121
199
45
186
146
174
33
185
242
71
110
84
43
211
89
39
79
67
17
216
142
170
98
201
54
137
11
173
32
42
83
172
168
13
7
189
215
103
145
61
188
245
165
117
221
87
138
214
181
192
9
180
34
227
56
26
64
136
200
226
4
63
60
197
213
193
234
127
139
179
184
219
86
196
53
236
240
169
229
65
241
73
104
237
78
51
91
239
246
247
140
243
1
2
5
10
12
18
19
21
23
27
31
35
37
41
47
48
52
59
69
75
77
92
97
99
101
107
113
114
116
120
123
125
128
129
130
135
144
148
149
161
163
166
171
177
183
190
191
198
202
203
204
205
206
209
212
218
220
222
224
225
228
231
232
233
235
244
248
