16
29
100
105
151
106
157
4
44
189
19
39
54
69
24
117
31
51
67
113
35
41
123
9
40
85
161
18
153
80
150
131
198
137
81
2
36
184
195
197
92
120
21
53
34
33
164
59
130
133
134
70
124
129
27
3
79
82
94
89
10
6
155
119
77
84
111
122
132
146
147
149
173
7
8
22
30
78
170
97
1
152
196
171
74
13
26
45
62
63
72
86
87
91
126
139
165
166
177
158
169
185
141
142
38
49
47
52
56
17
115
190
163
186
191
172
11
12
14
25
46
48
61
64
66
73
90
98
99
102
103
114
125
140
162
168
174
176
192
193
57
65
96
110
128
37
136
143
23
50
55
75
88
144
156
159
160
167
187
154
15
58
60
109
0
5
32
42
101
112
127
175
188
194
43
108
199
20
28
68
71
76
83
93
95
104
107
116
118
121
135
138
145
148
178
179
180
181
182
183
