13
210
88
25
157
270
29
397
250
160
176
195
62
60
124
242
152
291
89
273
378
316
317
115
102
148
180
181
179
182
335
391
146
344
345
175
187
392
381
326
387
389
197
163
194
211
248
99
16
42
285
314
63
330
162
280
287
297
325
10
134
14
72
281
229
12
133
183
206
348
9
301
303
275
237
58
188
321
135
233
105
21
38
108
185
85
368
359
110
168
305
5
96
167
336
369
174
76
51
214
284
154
107
39
34
119
306
139
200
342
396
79
132
169
128
225
364
44
171
289
302
191
106
170
216
2
283
90
292
293
87
48
383
282
329
351
220
37
290
27
35
91
103
104
198
199
217
218
234
266
277
315
331
353
357
360
373
388
213
235
117
323
43
177
215
196
0
1
19
20
36
40
45
80
92
93
142
82
307
313
156
172
95
208
230
288
382
228
7
56
126
57
68
279
24
86
121
123
207
50
78
83
84
111
114
203
222
223
231
232
239
246
247
252
255
300
311
327
328
332
337
354
355
365
371
374
375
380
395
296
272
376
67
28
122
153
192
276
240
6
55
61
73
75
81
109
125
141
189
193
205
249
319
322
33
393
236
243
71
304
390
155
129
161
269
59
127
209
278
295
17
18
22
31
32
47
49
77
112
136
137
150
202
238
244
245
251
254
299
308
338
366
372
379
120
143
158
54
164
159
340
53
94
101
184
253
286
294
347
349
370
52
186
399
64
65
66
350
140
15
226
227
69
362
165
173
241
274
367
339
23
30
46
113
116
151
298
309
310
318
333
358
394
98
312
204
144
398
3
4
8
11
26
41
70
74
97
100
118
130
131
138
145
147
149
166
178
190
201
212
219
221
224
256
257
258
259
260
261
262
263
264
265
267
268
271
320
324
334
341
343
346
352
356
361
363
377
384
385
386
