168
132
37
26
50
55
18
76
169
144
75
167
170
171
7
73
278
89
255
260
261
157
205
31
133
135
136
101
172
173
174
134
92
94
212
259
88
156
33
85
86
96
97
139
270
229
230
2
77
228
164
231
148
159
29
150
178
240
242
104
189
10
12
67
185
61
118
114
16
27
65
209
58
41
120
252
99
187
191
196
42
80
84
130
160
194
281
59
8
11
4
48
245
57
200
254
63
276
1
154
40
256
203
56
201
182
214
236
204
175
243
5
269
183
36
46
163
181
91
87
83
158
180
190
220
125
215
219
221
222
198
30
137
141
192
216
218
250
273
275
282
288
295
296
298
17
3
6
9
21
32
34
38
49
129
128
71
52
14
45
82
116
166
210
266
22
13
69
241
122
113
115
20
107
124
233
123
176
197
211
258
262
299
108
78
98
109
119
138
235
287
292
213
51
188
207
247
263
264
283
291
238
110
111
19
153
103
165
66
72
106
155
227
249
277
15
147
195
248
265
280
289
0
142
239
272
23
24
28
70
112
39
68
202
232
253
62
47
117
121
44
224
60
25
64
179
234
237
267
35
43
53
54
74
79
81
90
93
95
100
102
105
126
127
131
140
143
145
146
149
151
152
161
162
177
184
186
193
199
206
208
217
223
225
226
244
246
251
257
268
271
274
279
284
285
286
290
293
294
297
