92
126
161
162
116
160
163
16
179
170
191
194
168
193
176
196
36
30
80
81
153
0
12
21
89
108
49
146
147
150
197
8
50
60
39
169
199
24
3
54
76
35
74
75
19
47
155
97
124
41
42
44
29
67
32
52
53
151
113
63
56
189
167
188
177
164
173
119
120
2
33
46
51
61
65
87
93
94
100
107
112
123
133
136
141
143
166
181
185
186
158
26
98
114
192
1
4
6
7
9
13
14
15
17
20
25
28
37
57
148
149
172
122
59
38
68
178
5
190
10
82
109
195
85
86
11
58
144
145
198
165
18
77
48
79
156
34
64
88
171
180
83
111
22
23
27
31
40
43
45
55
62
66
69
70
71
72
73
78
84
90
91
95
96
99
101
102
103
104
105
106
110
115
117
118
121
125
127
128
129
130
131
132
134
135
137
138
139
140
142
152
154
157
159
174
175
182
183
184
187
