913
1758
2576
2578
2541
960
1064
1178
2179
1027
1306
1903
2478
2449
2168
1609
2902
2049
1229
13
1330
2038
977
1860
1755
2026
1658
1564
1503
1984
911
2353
2355
2356
2357
2552
2529
1653
2810
2001
264
1072
987
2036
2037
500
1887
2192
1989
1990
1912
1670
1222
1227
2064
2195
791
1844
1026
1032
2198
1968
2269
1949
2713
1855
2224
2611
2688
2894
1958
979
2065
1058
2750
2526
1022
1854
1858
2028
2128
2582
1074
2426
2074
1000
1950
2122
1228
327
983
2518
1031
2530
2765
2568
2022
2247
2521
2089
2090
2143
1961
2373
906
2649
2813
2814
2388
1077
1079
901
1669
1997
2156
2545
1756
1757
2155
1951
326
2569
2570
1470
2691
2538
2698
1028
2532
2537
2539
2815
1484
2816
1919
2560
2254
2258
2025
1861
1518
261
266
1986
2371
822
1036
1481
1482
2298
1965
2016
1966
1495
1325
1301
1226
1005
819
2395
1021
1709
1710
1726
1485
2078
2079
2082
2374
2490
1063
2397
2398
2446
2676
2695
2740
2896
2906
1255
2479
2480
2483
2486
2488
2489
2268
2010
1402
2153
2663
1717
986
356
2166
2709
2734
2255
2063
1683
1721
2369
1715
1674
2123
2587
1040
2343
1915
2485
2550
2067
1662
1613
2301
2303
2304
2305
2309
2311
2312
2313
2315
2318
2322
2825
2138
2674
1925
1926
1927
2314
2316
2323
2047
1661
2742
2175
2907
2606
2607
1561
1686
789
1973
2132
1302
1303
1304
1305
1963
2540
2690
2739
1198
1610
1612
2196
2689
2042
1682
2014
1689
2450
1067
2145
1693
1941
1905
2027
1663
1667
1673
1687
1317
982
2662
2119
998
2237
2240
1697
1699
1704
1897
1907
1921
1718
2754
2002
2494
2501
2502
2023
1727
1920
1922
2008
2012
2335
1725
2567
276
2116
2225
1886
1056
28
2169
1994
1551
1962
2429
1086
2011
2172
1091
2477
337
1309
1315
269
2435
2197
2660
2126
2444
2554
329
1698
1707
1708
2673
2068
2503
1520
2031
2032
2033
2134
2135
277
2020
2711
1936
1183
2516
1473
1923
1153
2553
1910
252
2277
2129
2130
2324
1676
2330
2046
2612
2614
1918
1964
1924
1916
2763
2891
2206
1914
1908
1942
1655
2443
2574
2170
2701
2702
2193
2338
2140
2469
2286
2288
2289
258
1615
2609
2248
1981
2173
262
2370
2646
1263
2250
1323
1262
1396
271
1632
1716
2710
2712
1979
2133
1557
1616
2331
1960
2300
2505
2506
2507
2508
2510
2511
2514
1023
1618
1999
2336
1842
2235
1856
2182
1935
970
2675
1020
1230
1034
1035
2564
248
1180
2905
2267
2048
1475
1220
1617
2484
1025
1611
2332
124
1622
2700
2536
2290
2292
263
1399
2473
2475
2512
121
147
152
153
157
131
137
144
150
151
154
155
158
160
161
162
2284
1701
1004
3
2436
1664
2608
2157
438
256
1980
1982
2294
2596
338
2121
2174
253
1523
1665
1668
1671
1672
1621
1675
1197
1692
1641
1684
1974
1681
1679
2337
958
1913
995
1483
1563
622
2366
1939
972
1944
1635
1945
2613
2728
1642
282
288
292
293
300
2705
2706
268
626
621
2245
2233
988
2185
2189
1930
64
1933
1931
1969
2152
2401
1603
2737
1281
1285
294
2826
254
1848
627
290
260
1574
1087
615
617
625
2680
2050
1290
2280
2504
2547
1629
2572
2580
2588
1996
1177
1291
1293
1299
1277
1282
1284
1286
1296
1298
2707
23
30
1637
624
281
1600
2390
2297
2386
1602
2221
2669
1083
1640
251
1620
1706
1636
973
1627
122
1512
128
781
770
2030
249
259
1080
1643
2403
1514
33
2581
2586
527
2430
126
139
145
123
125
127
142
148
156
623
2076
2176
141
0
1624
283
289
2520
2339
2656
17
2210
2819
272
297
285
298
291
299
1224
2005
2062
975
632
1625
2431
1657
2577
2652
886
1249
1250
884
1029
2029
1648
2415
963
2080
1638
1524
2009
2021
1214
1971
882
887
888
889
2744
2515
1288
2821
1646
1626
1656
2591
1060
971
2736
1287
1289
1278
1279
1280
1651
1276
2087
2347
929
2362
2437
2438
2069
2061
2075
2077
2411
2308
2307
1712
2699
2003
65
941
2741
1486
1274
1295
2455
935
1347
978
1654
769
1843
1660
1329
866
2333
969
1122
2228
2
907
2171
793
245
2259
2715
2727
2748
2764
2898
2679
1247
2823
962
2057
2655
2260
619
1521
628
633
1
2180
2181
2066
2207
2491
949
1967
2416
821
2265
2820
1644
2006
2766
1652
2024
775
1952
2124
2743
1988
1395
2007
2593
1215
1659
2243
2202
2040
1720
1733
2910
2610
2696
2120
1519
1696
1705
2496
2498
2500
2716
2573
1522
2142
2285
2147
2602
1714
2249
2767
2329
2239
2470
2471
2472
2703
2325
1859
1075
2131
2352
2428
279
818
2291
2150
2051
773
2086
965
2402
2041
968
2585
1235
2474
2448
2519
2524
2525
2528
1599
1033
2509
2513
267
2824
1253
516
2204
2205
2015
2244
1702
2517
2445
1312
2213
129
1327
1400
785
2544
2039
531
2004
1068
2081
2296
2365
1747
1513
1517
2200
2897
2671
961
772
2548
2059
945
1711
2043
2321
1552
1946
2088
1057
2594
302
2531
2533
2534
803
1371
1750
1845
2112
1487
2597
1732
1735
1743
1745
2139
2558
1199
1104
2084
2653
2227
1231
2052
820
1932
1650
2018
1109
1677
1680
1993
937
1553
992
2158
1071
2177
2413
1731
1694
1700
1343
1345
1346
301
1283
230
250
295
618
714
777
780
794
798
799
805
874
956
1105
1138
1146
1150
1365
1372
1373
1376
1385
1389
1390
1464
1509
1533
1539
1543
1544
1549
1666
1691
1746
1759
1797
1804
1815
1824
1830
1833
1857
1891
1906
1928
1957
1959
1970
1975
1991
1992
2108
2144
2154
2201
2256
2264
2281
2302
2354
2367
2384
2482
2492
2493
2497
2589
2595
2603
2697
2708
2812
2817
955
1737
1983
2584
2091
800
846
930
1499
1734
1790
1800
2107
2110
2831
1738
1510
1847
2427
934
1324
2044
55
2118
2214
1061
2334
1204
1752
2408
336
1179
938
1206
1649
1333
2661
2053
49
2017
2487
1258
2013
776
782
783
784
2212
1085
1111
1972
964
1201
1207
1739
771
1881
1374
1375
1377
1383
1384
1391
1392
1393
1394
1379
959
1062
2555
1751
2421
2556
2559
2234
991
1307
1313
1318
1985
2060
1998
2495
2499
1252
1728
1729
1744
1878
1730
536
981
1337
2056
2217
1202
1866
1978
2083
1688
222
270
925
939
1869
1565
631
1863
1601
1879
2404
1764
1200
2557
273
274
1380
2230
1619
1381
1976
1398
2283
2226
1719
1868
2073
1872
928
946
1332
2034
2563
1558
1573
1884
2146
2420
82
1492
897
688
2236
2242
1203
1850
1853
1870
2229
2363
2364
2422
229
687
811
2543
2565
223
257
802
990
1378
1904
1987
1606
796
807
809
813
861
1562
2654
677
808
840
1382
1388
1864
1871
1877
1883
1895
1900
1901
2319
2523
239
797
814
967
1559
1865
1885
787
810
1554
1555
1995
2149
1013
1300
1339
1340
1593
1713
1841
1846
2549
11
366
1335
1354
1386
1408
1515
1634
2102
2117
2208
2342
2738
70
225
546
590
2218
2351
177
450
1342
1604
2098
2350
138
236
389
812
916
1116
1135
1142
1240
1607
1786
1909
2019
2344
2345
2346
2601
69
487
637
940
942
1110
1314
1488
1507
1560
1594
1938
2058
2096
2099
2151
2405
2406
211
224
237
255
715
726
778
804
806
837
856
933
952
976
1082
1350
1787
1875
2137
2414
6
7
8
9
10
12
34
35
36
37
38
39
40
41
42
43
44
45
46
47
48
50
51
52
53
54
56
57
58
59
60
61
62
63
66
67
68
71
72
73
74
75
76
77
78
79
80
81
83
84
85
86
87
88
89
90
91
92
93
94
95
96
97
98
99
100
101
102
103
104
105
106
107
108
109
110
111
113
114
115
116
117
118
119
120
132
133
134
135
136
159
163
164
165
167
168
169
170
171
172
173
174
178
179
180
181
182
183
184
185
186
187
188
189
190
191
192
193
194
196
197
198
200
201
202
203
204
206
207
208
209
210
212
214
215
216
217
219
234
243
280
287
333
342
345
346
347
348
349
350
351
352
353
354
355
357
358
359
360
361
362
363
364
365
367
368
369
370
371
372
376
377
378
379
380
381
382
383
384
385
386
387
390
391
392
393
394
395
396
397
398
399
400
401
402
403
404
405
406
407
408
409
410
411
412
413
414
415
416
417
418
419
420
421
422
423
424
425
426
427
429
430
431
432
433
434
439
440
441
442
444
445
446
447
448
449
451
453
454
455
456
458
459
460
461
462
463
464
465
466
467
468
469
472
473
474
475
476
477
478
479
480
481
482
483
484
485
486
488
489
490
491
492
493
494
495
496
497
498
499
501
502
503
504
505
506
509
511
512
513
514
515
517
518
519
521
522
523
524
525
526
528
529
530
532
534
535
537
538
539
540
541
544
547
548
549
550
551
552
553
554
555
556
557
558
559
560
561
562
563
564
565
566
571
572
576
578
579
581
582
583
584
585
586
587
588
589
592
593
594
595
596
597
598
599
600
601
602
603
604
606
607
608
609
612
613
634
636
638
639
640
643
645
646
648
649
650
651
652
654
655
657
658
659
662
665
666
667
668
669
670
671
673
674
675
678
680
681
682
684
685
690
691
695
696
697
698
699
753
754
759
765
853
2159
2162
2903
2165
2930
2262
1014
2231
2929
2461
2729
1835
2160
2271
1037
2792
2223
2199
2749
996
2732
2619
2620
2621
2625
2627
2638
2648
2683
339
341
2617
2635
2636
2640
2456
1042
2878
1172
2682
1496
2757
340
2376
2885
2888
1181
1837
1045
999
2358
2359
2360
997
2852
1046
2848
1170
1186
437
2845
1010
1018
1019
966
2141
2917
2923
2932
2783
2650
2745
2746
2892
2913
2925
2927
2928
2460
2644
1171
1053
1048
1050
2462
2777
2253
2758
2759
2760
2822
2919
2931
2772
1007
2797
1397
2251
2272
2368
2468
2687
2867
2895
2904
2918
2921
2933
2864
305
306
312
1054
2375
1044
1006
2873
2752
1210
1212
2432
1216
1211
2908
2909
2125
2751
2753
2756
2454
2681
2901
2911
1196
2863
2642
2912
2718
2668
324
2788
344
2818
2755
2762
2865
2920
1209
2273
2451
2678
2719
2721
2722
2723
2850
2361
2720
2724
1176
15
26
2775
2838
2839
2843
323
2685
1052
2796
435
2381
2684
2686
2270
2278
2326
2372
2936
2938
2651
2926
2934
2935
2622
2624
2626
2632
1017
2794
2807
1041
1043
2747
2922
2693
2464
2465
2467
2773
2761
334
2793
2856
2859
2860
1049
325
2263
2915
2924
2937
2834
2840
2841
2842
1190
1213
1009
2833
308
314
2377
2378
1038
1217
2252
2916
16
332
436
2327
1194
2677
1039
2645
2672
2634
2725
2726
1175
1191
1838
2203
2232
2266
2382
2396
2447
2618
2629
2666
2704
2768
2778
2854
2866
2893
2914
2694
2899
22
2837
2164
2855
2858
2861
1174
2844
1189
2379
2380
1008
2389
2440
2811
4
331
2786
310
1169
2871
2670
2194
2900
1185
1168
2730
2874
1001
2877
2293
2664
2875
1016
2639
2186
2643
2647
24
2776
1002
1193
2163
2846
20
1167
2562
5
2879
2387
2391
2542
2441
2881
275
2274
2459
307
2187
2190
2191
2453
2615
2771
2780
2161
2275
2276
2546
2665
14
18
19
21
25
27
29
31
32
112
130
140
143
146
149
166
175
176
195
199
205
213
218
220
221
226
227
228
231
232
233
235
238
240
241
242
244
246
247
265
278
284
286
296
303
304
309
311
313
315
316
317
318
319
320
321
322
328
330
335
343
373
374
375
388
428
443
452
457
470
471
507
508
510
520
533
542
543
545
567
568
569
570
573
574
575
577
580
591
605
610
611
614
616
620
629
630
635
641
642
644
647
653
656
660
661
663
664
672
676
679
683
686
689
692
693
694
700
701
702
703
704
705
706
707
708
709
710
711
712
713
716
717
718
719
720
721
722
723
724
725
727
728
729
730
731
732
733
734
735
736
737
738
739
740
741
742
743
744
745
746
747
748
749
750
751
752
755
756
757
758
760
761
762
763
764
766
767
768
774
779
786
788
790
792
795
801
815
816
817
823
824
825
826
827
828
829
830
831
832
833
834
835
836
838
839
841
842
843
844
845
847
848
849
850
851
852
854
855
857
858
859
860
862
863
864
865
867
868
869
870
871
872
873
875
876
877
878
879
880
881
883
885
890
891
892
893
894
895
896
898
899
900
902
903
904
905
908
909
910
912
914
915
917
918
919
920
921
922
923
924
926
927
931
932
936
943
944
947
948
950
951
953
954
957
974
980
984
985
989
993
994
1003
1011
1012
1015
1024
1030
1047
1051
1055
1059
1065
1066
1069
1070
1073
1076
1078
1081
1084
1088
1089
1090
1092
1093
1094
1095
1096
1097
1098
1099
1100
1101
1102
1103
1106
1107
1108
1112
1113
1114
1115
1117
1118
1119
1120
1121
1123
1124
1125
1126
1127
1128
1129
1130
1131
1132
1133
1134
1136
1137
1139
1140
1141
1143
1144
1145
1147
1148
1149
1151
1152
1154
1155
1156
1157
1158
1159
1160
1161
1162
1163
1164
1165
1166
1173
1182
1184
1187
1188
1192
1195
1205
1208
1218
1219
1221
1223
1225
1232
1233
1234
1236
1237
1238
1239
1241
1242
1243
1244
1245
1246
1248
1251
1254
1256
1257
1259
1260
1261
1264
1265
1266
1267
1268
1269
1270
1271
1272
1273
1275
1292
1294
1297
1308
1310
1311
1316
1319
1320
1321
1322
1326
1328
1331
1334
1336
1338
1341
1344
1348
1349
1351
1352
1353
1355
1356
1357
1358
1359
1360
1361
1362
1363
1364
1366
1367
1368
1369
1370
1387
1401
1403
1404
1405
1406
1407
1409
1410
1411
1412
1413
1414
1415
1416
1417
1418
1419
1420
1421
1422
1423
1424
1425
1426
1427
1428
1429
1430
1431
1432
1433
1434
1435
1436
1437
1438
1439
1440
1441
1442
1443
1444
1445
1446
1447
1448
1449
1450
1451
1452
1453
1454
1455
1456
1457
1458
1459
1460
1461
1462
1463
1465
1466
1467
1468
1469
1471
1472
1474
1476
1477
1478
1479
1480
1489
1490
1491
1493
1494
1497
1498
1500
1501
1502
1504
1505
1506
1508
1511
1516
1525
1526
1527
1528
1529
1530
1531
1532
1534
1535
1536
1537
1538
1540
1541
1542
1545
1546
1547
1548
1550
1556
1566
1567
1568
1569
1570
1571
1572
1575
1576
1577
1578
1579
1580
1581
1582
1583
1584
1585
1586
1587
1588
1589
1590
1591
1592
1595
1596
1597
1598
1605
1608
1614
1623
1628
1630
1631
1633
1639
1645
1647
1678
1685
1690
1695
1703
1722
1723
1724
1736
1740
1741
1742
1748
1749
1753
1754
1760
1761
1762
1763
1765
1766
1767
1768
1769
1770
1771
1772
1773
1774
1775
1776
1777
1778
1779
1780
1781
1782
1783
1784
1785
1788
1789
1791
1792
1793
1794
1795
1796
1798
1799
1801
1802
1803
1805
1806
1807
1808
1809
1810
1811
1812
1813
1814
1816
1817
1818
1819
1820
1821
1822
1823
1825
1826
1827
1828
1829
1831
1832
1834
1836
1839
1840
1849
1851
1852
1862
1867
1873
1874
1876
1880
1882
1888
1889
1890
1892
1893
1894
1896
1898
1899
1902
1911
1917
1929
1934
1937
1940
1943
1947
1948
1953
1954
1955
1956
1977
2000
2035
2045
2054
2055
2070
2071
2072
2085
2092
2093
2094
2095
2097
2100
2101
2103
2104
2105
2106
2109
2111
2113
2114
2115
2127
2136
2148
2167
2178
2183
2184
2188
2209
2211
2215
2216
2219
2220
2222
2238
2241
2246
2257
2261
2279
2282
2287
2295
2299
2306
2310
2317
2320
2328
2340
2341
2348
2349
2383
2385
2392
2393
2394
2399
2400
2407
2409
2410
2412
2417
2418
2419
2423
2424
2425
2433
2434
2439
2442
2452
2457
2458
2463
2466
2476
2481
2522
2527
2535
2551
2561
2566
2571
2575
2579
2583
2590
2592
2598
2599
2600
2604
2605
2616
2623
2628
2630
2631
2633
2637
2641
2657
2658
2659
2667
2692
2714
2717
2731
2733
2735
2769
2770
2774
2779
2781
2782
2784
2785
2787
2789
2790
2791
2795
2798
2799
2800
2801
2802
2803
2804
2805
2806
2808
2809
2827
2828
2829
2830
2832
2835
2836
2847
2849
2851
2853
2857
2862
2868
2869
2870
2872
2876
2880
2882
2883
2884
2886
2887
2889
2890
