152
2
19
40
43
120
189
213
216
232
9
13
18
20
37
48
51
53
71
77
79
82
85
87
100
108
119
125
126
132
133
140
146
166
169
173
178
196
203
211
222
229
230
234
241
244
4
5
6
10
15
17
28
29
30
31
33
36
39
46
50
55
57
63
66
67
72
74
75
76
80
83
89
94
95
99
101
102
103
112
114
118
123
130
135
137
138
142
145
149
158
164
165
172
176
180
182
184
185
187
192
194
198
199
201
206
207
212
214
215
217
218
220
224
225
228
242
243
246
247
0
1
3
8
12
16
21
22
23
24
26
27
32
34
35
38
41
42
44
45
47
52
56
58
59
61
62
64
68
69
70
78
81
88
91
92
93
97
105
107
111
113
116
121
122
124
127
129
131
134
136
139
143
147
148
150
151
153
155
156
160
162
163
170
171
179
181
183
186
188
191
193
195
197
202
205
209
210
219
221
223
226
227
231
233
235
237
239
7
11
14
25
49
54
60
65
73
84
86
90
96
98
104
106
109
110
115
117
128
141
144
154
157
159
161
167
168
174
175
177
190
200
204
208
236
238
240
245
248
249
