7
68
40
89
148
165
235
14
155
112
154
168
170
191
192
205
223
1
16
21
30
31
47
56
66
70
74
99
132
140
152
175
178
202
206
211
234
240
247
2
5
24
32
34
38
42
52
60
67
72
79
87
100
101
103
104
128
129
146
163
182
183
199
201
203
210
221
232
249
19
43
49
75
78
84
95
98
106
108
113
118
123
126
127
141
149
150
161
177
190
196
198
208
212
213
215
217
220
222
225
238
241
244
245
4
9
10
17
20
22
25
27
29
35
36
48
51
54
57
85
86
92
93
107
110
111
122
135
138
156
158
160
166
169
179
186
193
194
195
200
214
226
227
228
231
236
237
3
8
23
33
39
45
50
53
55
59
64
73
81
90
91
94
97
114
125
131
134
142
145
151
157
159
164
172
197
209
218
239
243
246
0
37
44
46
61
62
65
69
76
77
82
83
109
115
119
120
124
139
153
167
171
173
174
180
181
188
207
219
6
11
18
63
71
80
88
96
102
105
117
130
133
143
162
176
187
204
224
230
248
13
12
26
136
144
147
184
185
189
216
233
242
15
28
41
58
121
116
137
229
