116
4
54
121
145
198
11
14
21
39
42
50
61
79
88
98
100
104
106
152
170
182
200
9
26
43
48
56
73
74
81
86
91
95
108
113
118
130
165
166
169
189
191
201
202
205
211
228
236
238
7
18
19
22
30
34
37
47
49
52
53
59
66
70
75
84
90
92
94
97
119
126
135
139
140
142
151
167
174
192
194
196
197
204
207
210
214
215
220
221
222
230
233
245
0
3
6
8
12
15
24
28
46
51
62
64
67
69
80
87
102
110
112
114
127
128
134
146
147
149
150
153
155
161
175
176
179
180
181
186
188
199
203
55
57
58
60
63
68
71
77
83
85
93
96
206
208
212
213
226
234
235
237
239
241
243
249
1
5
13
16
17
20
23
25
29
31
33
36
38
41
44
101
103
105
111
115
120
122
129
132
136
138
141
148
154
158
160
162
172
177
178
185
209
217
218
219
223
225
231
232
240
246
247
2
10
32
35
40
45
65
72
76
78
82
89
107
109
117
125
131
133
144
156
157
159
163
164
171
173
183
193
216
227
242
244
99
123
124
143
168
184
187
190
195
229
248
27
137
224
