14
134
133
31
2
12
13
36
171
0
90
4
6
43
143
194
185
62
28
147
121
192
140
77
200
136
198
208
188
137
20
59
114
154
52
128
111
125
139
48
191
116
122
11
56
130
15
201
180
142
17
206
113
84
16
209
85
156
199
129
207
131
182
210
141
107
205
181
44
172
106
186
9
21
45
99
174
175
71
65
69
190
112
118
78
193
63
74
80
97
98
123
170
3
81
105
68
117
115
64
30
120
166
66
126
7
10
34
46
47
49
58
60
70
86
87
89
39
26
83
33
153
144
146
40
195
24
27
8
151
35
202
150
25
183
32
57
1
203
187
29
53
55
149
54
51
135
138
157
158
155
23
176
61
132
152
173
177
178
196
204
38
42
179
5
18
19
22
37
41
50
67
72
73
75
76
79
82
88
91
92
93
94
95
96
100
101
102
103
104
108
109
110
119
124
127
145
148
159
160
161
162
163
164
165
167
168
169
184
189
197
211
