50
44
98
47
123
97
10
49
119
171
124
134
57
102
154
87
173
165
196
149
13
56
48
68
62
174
11
136
28
125
95
158
175
7
86
139
88
0
99
156
140
94
126
17
131
90
184
55
89
100
130
122
45
129
92
40
116
193
70
59
96
69
190
169
36
191
37
112
1
194
6
115
121
103
14
159
117
137
155
77
145
199
75
114
120
128
162
65
170
15
25
26
82
157
78
107
5
71
113
138
127
2
4
8
16
18
21
27
29
30
31
32
33
42
43
52
53
54
58
64
182
101
150
151
181
163
148
143
39
38
91
177
152
185
189
183
186
198
146
147
180
197
161
178
188
168
195
144
166
187
3
179
135
35
167
176
164
160
41
93
172
153
9
12
19
20
22
23
24
34
46
51
60
61
63
66
67
72
73
74
76
79
80
81
83
84
85
104
105
106
108
109
110
111
118
132
133
141
142
192
