12
5
185
15
9
173
183
163
46
203
208
175
4
10
123
54
171
119
121
41
162
49
172
0
192
180
186
179
38
39
22
135
40
118
198
177
146
178
125
122
26
61
56
60
176
207
117
165
36
107
167
200
27
196
110
114
115
199
68
170
189
169
72
16
67
75
79
206
53
11
1
174
182
184
69
120
14
70
166
130
66
76
148
64
97
137
147
150
160
113
194
197
126
78
85
87
142
151
153
158
161
89
23
62
63
65
73
129
34
37
48
92
134
149
156
157
47
3
8
13
17
18
24
32
33
190
83
84
187
201
202
204
81
188
19
20
124
6
7
181
2
191
205
44
21
25
28
29
30
31
35
42
43
45
50
51
52
55
57
58
59
71
74
77
80
82
86
88
90
91
93
94
95
96
98
99
100
101
102
103
104
105
106
108
109
111
112
116
127
128
131
132
133
136
138
139
140
141
143
144
145
152
154
155
159
164
168
193
195
