148
13
94
62
222
131
170
130
168
217
19
31
111
6
36
124
145
8
184
15
113
214
126
156
193
102
180
89
70
54
167
20
92
172
132
109
99
125
147
26
45
50
30
165
77
37
136
233
79
143
121
112
28
220
213
196
42
215
211
58
69
83
16
14
161
146
11
174
183
63
51
210
18
84
195
49
60
107
157
177
142
7
137
134
81
186
72
80
104
25
240
192
144
159
127
43
0
65
75
237
197
149
101
190
64
29
87
207
152
71
160
151
117
202
12
120
114
39
218
239
169
91
100
176
88
24
47
61
2
219
248
57
154
226
95
119
208
178
53
150
141
78
59
82
90
223
234
85
93
122
203
9
181
55
198
4
38
199
106
238
97
98
86
66
191
10
200
3
103
139
209
173
23
185
33
171
244
194
163
1
118
123
246
182
216
231
188
201
179
21
52
140
46
5
68
56
128
138
204
129
105
225
27
44
228
227
175
76
96
212
155
232
41
224
206
162
187
153
17
34
48
235
108
116
110
230
166
135
32
229
22
115
236
245
242
243
67
74
247
35
189
73
40
221
158
164
205
133
249
241
