63
29
163
235
218
58
190
214
128
137
149
30
174
74
8
48
6
202
170
131
144
217
153
246
22
213
125
50
136
67
112
113
124
21
99
244
14
148
89
117
179
17
247
178
40
107
194
60
167
110
116
68
97
106
44
45
37
122
11
33
105
164
69
130
192
15
31
12
75
220
139
62
120
169
100
25
95
19
32
225
82
46
219
159
201
127
53
181
103
72
188
230
176
35
155
3
1
249
210
229
200
59
78
207
55
175
85
238
172
91
41
243
133
28
114
134
20
111
193
212
102
18
24
65
183
2
108
204
5
98
203
109
135
4
121
70
191
119
233
54
222
173
180
104
34
83
146
234
227
165
129
73
221
47
156
171
168
36
185
195
10
42
81
226
241
27
90
157
145
71
140
199
160
216
206
101
56
189
138
92
16
143
86
151
142
150
76
162
177
7
224
198
80
154
0
115
26
93
152
94
123
126
147
9
13
23
38
39
43
49
51
52
57
61
64
66
77
79
84
87
88
96
118
132
141
158
161
166
182
184
186
187
196
197
205
208
209
211
215
223
228
231
232
236
237
239
240
242
245
248
