45
8
195
203
94
7
132
167
124
210
93
164
220
47
217
72
152
13
130
41
102
191
240
139
112
148
78
155
49
109
96
70
38
9
6
117
182
67
34
207
192
135
100
128
136
129
187
143
77
76
114
90
56
206
166
80
64
22
62
31
201
147
225
26
51
219
194
40
233
242
184
50
193
154
172
153
211
3
134
4
227
1
162
99
29
228
113
88
186
123
198
208
15
200
246
179
174
19
104
180
110
82
75
122
241
87
189
0
188
157
231
118
149
11
218
101
10
63
106
144
120
247
183
39
54
119
165
159
14
103
230
197
244
121
232
83
20
48
204
98
95
84
33
249
156
223
146
116
23
44
42
65
127
125
163
35
212
115
81
16
111
86
222
173
58
73
5
234
202
168
181
74
169
126
85
226
178
79
131
215
171
71
21
32
66
196
190
53
137
229
69
60
12
151
237
221
30
175
105
248
25
92
133
59
239
18
55
161
61
238
68
24
224
97
52
107
185
243
176
89
214
138
177
91
160
140
205
142
235
199
213
158
43
36
236
2
245
170
145
57
27
108
216
17
28
37
46
141
150
209
