51
168
122
44
121
96
74
206
97
190
90
71
220
82
106
131
135
185
89
37
13
19
69
78
63
230
58
23
207
73
236
10
49
200
15
214
61
36
124
126
189
31
84
150
125
18
229
40
101
94
244
21
105
174
2
113
111
232
146
20
216
227
62
138
237
170
11
211
0
179
153
112
158
104
27
119
172
5
203
245
141
198
50
201
194
143
9
75
130
117
88
87
93
205
52
77
102
233
83
107
81
234
33
65
128
57
99
38
147
175
100
173
187
177
159
80
161
116
225
241
24
123
103
29
95
238
240
136
16
85
215
169
28
32
98
76
248
129
166
154
204
48
8
219
246
43
157
120
165
26
209
39
56
171
115
79
188
140
127
149
247
12
110
109
178
192
72
235
53
163
183
152
91
197
212
25
108
17
184
155
41
191
30
193
182
224
186
156
1
3
162
195
180
60
86
92
45
66
67
242
239
47
134
22
231
54
164
221
222
243
6
144
151
223
228
249
55
59
199
14
35
4
64
68
160
167
176
196
7
181
34
42
46
70
114
118
132
133
137
139
142
145
148
202
208
210
213
217
218
226
