130
94
200
229
45
154
230
111
231
49
162
107
13
185
193
20
8
132
66
35
99
119
133
181
27
14
29
249
34
147
126
244
75
36
161
80
51
95
55
156
215
65
10
168
42
180
18
31
68
19
182
15
50
39
30
211
186
112
100
178
164
44
238
240
129
235
53
199
169
184
93
139
7
153
69
113
241
124
46
204
138
207
77
1
127
64
179
84
103
214
198
3
17
189
76
26
213
82
196
109
67
177
206
87
24
98
175
222
58
33
146
63
5
97
32
106
152
41
116
176
166
165
92
142
78
60
170
136
171
123
108
159
91
228
191
83
223
173
137
12
4
135
248
40
71
216
0
23
226
208
155
201
37
220
2
96
11
125
28
90
105
118
205
16
172
120
73
224
47
70
227
9
56
141
245
232
149
143
81
157
43
188
89
131
145
160
52
72
121
57
101
114
187
117
192
209
85
122
48
61
59
202
242
134
62
203
21
183
174
158
6
148
140
86
212
88
102
219
74
233
128
234
237
221
194
190
38
150
163
25
104
197
22
247
54
79
110
115
144
151
167
195
210
217
218
225
236
239
243
246
