163
192
117
172
96
62
94
162
82
88
57
138
114
38
64
225
48
11
9
32
102
25
84
130
90
1
195
139
18
65
24
224
155
113
203
123
8
34
151
125
53
75
14
33
180
182
129
194
229
42
188
49
39
54
186
56
175
120
220
116
202
52
238
124
47
107
236
13
190
174
91
69
148
121
108
12
177
67
152
3
106
37
110
137
223
217
245
147
85
28
80
126
247
51
232
27
200
98
149
153
230
16
46
145
89
74
215
169
93
79
101
164
131
214
118
15
104
204
170
216
179
76
66
55
234
249
158
60
87
6
72
136
218
221
61
191
178
133
227
109
45
86
81
132
142
83
181
22
59
144
154
143
171
213
160
41
44
135
26
134
243
197
97
77
105
167
183
156
23
115
68
196
36
20
78
63
127
73
103
40
30
2
208
150
111
95
99
212
159
199
166
161
209
92
248
140
176
219
189
0
119
122
17
231
239
198
244
240
29
184
187
201
58
19
185
235
193
246
205
146
21
70
112
10
50
5
228
100
35
157
168
242
71
226
173
43
210
237
222
7
165
128
241
206
4
31
207
141
233
211
