0 1
0 2
0 3
0 4
0 5
0 6
0 7
0 8
0 9
0 10
0 11
0 13
0 14
0 15
0 16
0 19
0 23
0 24
0 27
0 28
0 32
0 33
0 34
0 35
0 37
0 40
0 46
0 47
0 48
0 50
0 51
0 57
0 66
0 79
0 85
0 100
0 105
0 109
0 112
0 113
0 117
0 123
0 138
0 147
0 167
0 179
0 185
0 198
0 205
0 206
0 212
0 219
0 223
0 224
0 230
0 239
0 256
0 261
0 275
0 278
0 280
0 284
0 286
0 289
0 300
0 301
0 302
0 307
0 323
0 331
0 349
0 361
0 364
0 372
0 373
0 379
0 388
0 400
0 418
0 436
0 451
0 461
0 468
0 469
0 490
0 498
1 8
1 18
1 39
1 42
1 47
1 49
1 55
1 56
1 59
1 60
1 67
1 88
1 105
1 121
1 192
1 265
1 273
1 354
1 392
1 460
1 463
2 8
2 9
2 13
2 17
2 20
2 21
2 24
2 25
2 31
2 34
2 35
2 41
2 66
2 71
2 97
2 102
2 111
2 152
2 159
2 201
2 209
2 212
2 213
2 218
2 230
2 234
2 250
2 260
2 268
2 292
2 317
2 377
2 386
2 424
2 443
2 445
2 447
2 497
3 9
3 10
3 11
3 14
3 16
3 21
3 25
3 29
3 30
3 45
3 47
3 69
3 86
3 92
3 94
3 112
3 142
3 171
3 202
3 250
3 348
3 368
3 377
3 409
3 415
3 423
3 491
4 8
4 9
4 10
4 14
4 16
4 18
4 74
4 115
4 154
4 166
4 172
4 180
4 189
4 261
4 295
4 311
4 418
4 429
4 482
5 8
5 10
5 11
5 12
5 13
5 25
5 32
5 39
5 44
5 45
5 50
5 73
5 90
5 113
5 127
5 135
5 136
5 139
5 147
5 161
5 175
5 184
5 191
5 220
5 234
5 246
5 326
5 331
5 393
5 441
5 442
5 448
5 490
6 8
6 9
6 10
6 11
6 12
6 14
6 16
6 17
6 18
6 23
6 24
6 27
6 28
6 29
6 31
6 36
6 39
6 42
6 43
6 44
6 46
6 47
6 48
6 50
6 52
6 53
6 57
6 59
6 62
6 67
6 70
6 73
6 75
6 76
6 79
6 82
6 84
6 96
6 97
6 98
6 101
6 104
6 109
6 117
6 123
6 129
6 140
6 179
6 196
6 216
6 220
6 234
6 245
6 247
6 253
6 257
6 260
6 268
6 283
6 308
6 318
6 321
6 329
6 352
6 358
6 374
6 387
6 395
6 396
6 404
6 413
6 419
6 420
6 430
6 435
6 441
6 444
6 449
6 479
7 8
7 9
7 11
7 12
7 13
7 21
7 27
7 28
7 29
7 51
7 54
7 58
7 64
7 94
7 95
7 103
7 105
7 124
7 129
7 133
7 134
7 174
7 178
7 195
7 203
7 209
7 229
7 260
7 270
7 311
7 322
7 337
7 390
7 407
7 411
7 426
7 450
7 465
8 9
8 10
8 11
8 12
8 15
8 16
8 17
8 18
8 19
8 20
8 22
8 25
8 26
8 29
8 32
8 33
8 34
8 37
8 40
8 43
8 44
8 45
8 51
8 53
8 54
8 57
8 63
8 68
8 70
8 72
8 73
8 77
8 78
8 81
8 83
8 106
8 113
8 124
8 125
8 129
8 130
8 136
8 146
8 148
8 155
8 156
8 157
8 166
8 169
8 182
8 186
8 193
8 202
8 212
8 239
8 251
8 258
8 271
8 273
8 274
8 275
8 278
8 289
8 305
8 307
8 325
8 328
8 335
8 341
8 359
8 362
8 363
8 364
8 378
8 386
8 390
8 403
8 408
8 420
8 435
8 444
8 446
8 447
8 463
8 486
8 491
8 498
9 10
9 11
9 12
9 13
9 14
9 16
9 17
9 18
9 21
9 25
9 26
9 27
9 28
9 29
9 30
9 34
9 35
9 37
9 38
9 41
9 48
9 49
9 52
9 57
9 59
9 60
9 61
9 62
9 63
9 65
9 67
9 68
9 82
9 84
9 91
9 92
9 93
9 94
9 100
9 114
9 117
9 125
9 126
9 128
9 136
9 148
9 157
9 169
9 170
9 175
9 180
9 187
9 202
9 205
9 207
9 229
9 244
9 278
9 288
9 298
9 299
9 313
9 320
9 330
9 331
9 335
9 338
9 357
9 367
9 391
9 398
9 410
9 432
9 446
9 452
9 475
9 484
9 485
9 486
9 492
10 12
10 14
10 15
10 19
10 20
10 22
10 26
10 27
10 31
10 34
10 36
10 37
10 38
10 40
10 41
10 45
10 48
10 50
10 52
10 54
10 56
10 60
10 61
10 64
10 69
10 76
10 78
10 81
10 87
10 89
10 96
10 98
10 100
10 107
10 134
10 142
10 145
10 146
10 147
10 157
10 158
10 160
10 167
10 176
10 181
10 186
10 199
10 200
10 211
10 214
10 225
10 228
10 237
10 241
10 264
10 269
10 280
10 281
10 287
10 295
10 300
10 308
10 310
10 317
10 320
10 321
10 327
10 333
10 336
10 344
10 363
10 374
10 380
10 383
10 385
10 394
10 407
10 437
10 467
10 468
10 469
10 472
10 487
10 496
11 12
11 13
11 14
11 15
11 17
11 18
11 20
11 21
11 22
11 23
11 24
11 25
11 26
11 28
11 31
11 32
11 38
11 39
11 43
11 44
11 45
11 47
11 49
11 53
11 56
11 60
11 63
11 68
11 70
11 75
11 76
11 88
11 92
11 97
11 107
11 111
11 113
11 133
11 145
11 148
11 152
11 154
11 159
11 163
11 171
11 175
11 183
11 203
11 205
11 208
11 213
11 218
11 225
11 245
11 263
11 270
11 273
11 280
11 289
11 300
11 313
11 315
11 318
11 333
11 338
11 340
11 362
11 370
11 375
11 378
11 379
11 390
11 394
11 397
11 400
11 405
11 417
11 432
11 445
11 451
11 455
11 459
11 460
11 472
12 13
12 15
12 16
12 19
12 23
12 31
12 33
12 49
12 53
12 55
12 61
12 65
12 68
12 73
12 74
12 85
12 93
12 107
12 109
12 114
12 115
12 122
12 125
12 146
12 148
12 157
12 168
12 181
12 188
12 213
12 214
12 238
12 286
12 334
12 338
12 357
12 360
12 382
12 413
12 418
12 479
13 15
13 19
13 20
13 21
13 22
13 23
13 26
13 28
13 29
13 30
13 32
13 33
13 36
13 41
13 51
13 54
13 56
13 63
13 64
13 65
13 67
13 73
13 74
13 76
13 79
13 81
13 82
13 85
13 87
13 89
13 91
13 96
13 99
13 102
13 113
13 116
13 121
13 127
13 149
13 159
13 161
13 183
13 190
13 213
13 239
13 243
13 247
13 249
13 276
13 280
13 281
13 296
13 309
13 314
13 323
13 340
13 343
13 345
13 354
13 374
13 382
13 385
13 398
13 401
13 411
13 417
13 443
13 463
13 472
14 15
14 19
14 27
14 29
14 33
14 36
14 37
14 38
14 42
14 48
14 51
14 58
14 59
14 65
14 66
14 70
14 80
14 84
14 101
14 103
14 124
14 133
14 145
14 150
14 152
14 160
14 164
14 165
14 166
14 170
14 171
14 172
14 196
14 202
14 210
14 223
14 230
14 236
14 242
14 243
14 284
14 301
14 311
14 367
14 371
14 374
14 379
14 392
14 405
14 409
14 424
14 427
14 440
14 443
14 473
14 480
14 486
14 490
15 17
15 18
15 19
15 20
15 21
15 23
15 24
15 26
15 27
15 30
15 35
15 37
15 42
15 43
15 50
15 67
15 79
15 83
15 91
15 99
15 107
15 118
15 119
15 149
15 156
15 164
15 165
15 172
15 173
15 176
15 188
15 196
15 197
15 210
15 212
15 215
15 217
15 219
15 232
15 243
15 248
15 253
15 257
15 266
15 279
15 282
15 286
15 296
15 305
15 322
15 329
15 337
15 348
15 356
15 361
15 370
15 380
15 381
15 391
15 397
15 402
15 404
15 429
15 441
15 442
15 444
15 456
15 457
15 459
15 470
15 471
15 476
15 488
16 17
16 22
16 25
16 35
16 38
16 43
16 64
16 76
16 85
16 112
16 126
16 142
16 193
16 294
16 336
16 352
16 376
16 377
16 384
16 432
17 43
17 81
17 82
17 101
17 117
17 132
17 162
17 166
17 179
17 216
17 264
17 266
17 302
17 308
17 393
17 431
18 20
18 22
18 23
18 31
18 46
18 57
18 65
18 99
18 103
18 108
18 164
18 172
18 248
18 257
18 282
18 309
18 315
18 327
18 346
18 375
18 395
18 408
18 423
18 443
18 453
18 459
18 486
18 498
19 22
19 24
19 31
19 40
19 50
19 52
19 56
19 71
19 88
19 89
19 109
19 113
19 115
19 140
19 150
19 176
19 218
19 244
19 316
19 319
19 326
19 365
19 390
19 431
19 433
19 454
20 24
20 30
20 39
20 57
20 103
20 133
20 135
20 144
20 150
20 162
20 182
20 295
20 301
20 303
20 315
20 380
20 381
20 424
20 431
21 38
21 53
21 59
21 99
21 100
21 102
21 110
21 129
21 199
21 207
21 223
21 234
21 246
21 259
21 272
21 292
21 321
21 454
21 480
22 39
22 48
22 63
22 96
22 106
22 112
22 115
22 134
22 135
22 136
22 149
22 187
22 197
22 200
22 203
22 211
22 262
22 265
22 283
22 301
22 313
22 334
22 372
22 397
22 400
22 418
22 422
22 465
23 42
23 46
23 54
23 63
23 74
23 106
23 111
23 141
23 153
23 175
23 197
23 238
23 257
23 276
23 282
23 314
23 340
23 363
23 370
23 418
23 423
23 465
24 26
24 28
24 30
24 36
24 41
24 53
24 55
24 78
24 84
24 102
24 141
24 176
24 187
24 195
24 227
24 234
24 240
24 246
24 280
24 288
24 311
24 326
24 382
24 384
24 398
24 426
24 474
24 491
25 38
25 55
25 67
25 130
25 131
25 185
25 231
25 238
25 249
25 258
25 313
25 357
25 362
25 414
25 425
25 427
25 470
25 474
25 483
26 34
26 48
26 60
26 83
26 86
26 90
26 143
26 150
26 170
26 177
26 182
26 184
26 216
26 221
26 226
26 228
26 236
26 241
26 248
26 315
26 339
26 342
26 417
26 441
26 469
27 30
27 34
27 35
27 46
27 53
27 60
27 69
27 71
27 75
27 79
27 91
27 94
27 103
27 114
27 119
27 120
27 122
27 123
27 143
27 196
27 203
27 205
27 206
27 235
27 256
27 257
27 264
27 277
27 284
27 347
27 372
27 379
27 389
27 402
27 408
27 476
27 488
28 32
28 33
28 37
28 40
28 50
28 62
28 66
28 70
28 83
28 95
28 118
28 127
28 128
28 134
28 156
28 181
28 186
28 196
28 201
28 214
28 224
28 227
28 230
28 233
28 261
28 272
28 281
28 304
28 308
28 312
28 321
28 337
28 348
28 382
28 406
28 433
28 484
29 32
29 35
29 36
29 39
29 56
29 58
29 69
29 72
29 75
29 77
29 78
29 80
29 82
29 83
29 84
29 88
29 89
29 95
29 119
29 123
29 141
29 154
29 160
29 168
29 171
29 173
29 180
29 191
29 193
29 208
29 216
29 221
29 222
29 224
29 229
29 231
29 250
29 255
29 268
29 271
29 276
29 279
29 294
29 305
29 311
29 312
29 320
29 358
29 369
29 396
29 438
29 469
29 474
29 478
29 487
29 490
30 62
30 65
30 67
30 68
30 74
30 97
30 104
30 130
30 135
30 137
30 181
30 183
30 189
30 212
30 267
30 298
30 302
30 323
30 327
30 376
30 396
30 425
30 436
31 33
31 46
31 62
31 87
31 111
31 117
31 118
31 139
31 206
31 228
31 236
31 237
31 277
31 297
31 321
31 354
31 368
31 412
31 442
31 456
32 62
32 77
32 86
32 87
32 91
32 102
32 115
32 119
32 169
32 175
32 208
32 211
32 232
32 266
32 322
32 332
32 428
32 473
32 495
33 36
33 41
33 44
33 49
33 52
33 55
33 59
33 61
33 75
33 76
33 77
33 107
33 110
33 132
33 146
33 157
33 178
33 189
33 192
33 239
33 269
33 283
33 295
33 320
33 324
33 326
33 330
33 364
33 365
33 391
33 403
33 410
34 42
34 69
34 98
34 109
34 153
34 158
34 188
34 198
34 204
34 211
34 214
34 216
34 223
34 289
34 335
34 462
34 488
34 492
35 40
35 61
35 90
35 120
35 135
35 141
35 144
35 168
35 194
35 216
35 223
35 240
35 253
35 296
35 318
35 350
35 446
35 478
36 43
36 44
36 45
36 55
36 58
36 69
36 70
36 77
36 81
36 87
36 100
36 114
36 142
36 150
36 155
36 163
36 186
36 211
36 212
36 217
36 254
36 271
36 272
36 343
36 352
36 353
36 356
36 359
36 363
36 365
36 383
36 480
36 498
37 54
37 62
37 84
37 86
37 97
37 104
37 125
37 127
37 140
37 225
37 263
37 267
37 317
37 350
37 351
37 373
38 59
38 60
38 72
38 78
38 85
38 87
38 92
38 103
38 108
38 118
38 137
38 142
38 161
38 169
38 194
38 208
38 250
38 263
38 275
38 284
38 331
38 352
38 374
38 388
38 407
38 425
38 458
38 476
38 497
39 40
39 47
39 52
39 61
39 82
39 112
39 120
39 127
39 136
39 206
39 229
39 232
39 270
39 282
39 304
39 319
39 342
39 351
39 356
39 375
39 424
39 435
39 439
39 447
39 448
40 41
40 79
40 82
40 85
40 108
40 120
40 121
40 151
40 161
40 163
40 277
40 302
40 309
40 315
40 317
40 332
40 334
40 457
40 488
41 42
41 44
41 64
41 68
41 81
41 111
41 116
41 132
41 137
41 152
41 170
41 172
41 306
41 356
41 377
41 387
41 393
41 398
41 409
41 455
41 463
42 121
42 134
42 162
42 163
42 189
42 202
42 221
42 238
42 261
42 266
42 267
42 339
42 358
42 428
42 454
42 470
42 499
43 57
43 58
43 77
43 91
43 98
43 101
43 165
43 177
43 263
43 330
43 396
43 449
43 492
44 45
44 80
44 81
44 104
44 111
44 117
44 123
44 133
44 140
44 176
44 187
44 220
44 259
44 277
44 323
44 366
44 372
44 415
44 446
45 46
45 72
45 76
45 108
45 171
45 178
45 182
45 201
45 219
45 230
45 304
45 333
45 334
45 347
46 47
46 96
46 124
46 137
46 155
46 168
46 169
46 177
46 203
46 317
46 354
46 389
46 401
46 448
46 455
46 487
47 49
47 51
47 52
47 55
47 69
47 72
47 73
47 74
47 86
47 141
47 183
47 188
47 200
47 337
47 365
47 370
47 425
47 441
48 49
48 51
48 58
48 83
48 89
48 107
48 117
48 126
48 127
48 144
48 154
48 177
48 185
48 255
48 273
48 327
48 333
48 373
48 424
48 452
49 54
49 64
49 98
49 102
49 112
49 173
49 231
49 249
49 271
49 316
49 329
49 343
49 356
49 357
49 367
49 421
49 427
49 458
49 461
50 56
50 63
50 72
50 75
50 101
50 128
50 139
50 147
50 148
50 157
50 165
50 175
50 190
50 197
50 218
50 228
50 277
50 286
50 294
50 345
50 388
50 435
50 467
50 471
50 480
51 78
51 104
51 126
51 130
51 192
51 254
51 322
51 348
51 362
52 71
52 75
52 80
52 101
52 130
52 168
52 200
52 222
52 275
52 279
52 302
52 347
52 387
52 412
52 458
52 474
53 118
53 205
53 222
53 235
53 241
53 242
53 298
53 305
53 403
53 414
53 416
53 485
54 58
54 66
54 96
54 107
54 108
54 110
54 125
54 146
54 148
54 224
54 287
54 327
54 375
54 410
55 61
55 65
55 80
55 84
55 95
55 114
55 118
55 166
55 167
55 170
55 173
55 190
55 193
55 234
55 241
55 391
55 400
55 454
56 66
56 95
56 145
56 174
56 181
56 185
56 214
56 237
56 238
56 324
56 449
56 466
56 492
57 64
57 71
57 80
57 92
57 106
57 120
57 129
57 132
57 297
57 431
57 442
58 97
58 128
58 188
58 293
58 313
58 417
58 467
58 479
59 66
59 70
59 79
59 87
59 113
59 126
59 132
59 145
59 158
59 172
59 199
59 209
59 210
59 226
59 236
59 242
59 249
59 257
59 276
59 288
59 300
59 312
59 365
59 369
59 388
59 399
59 426
59 439
59 479
59 484
60 74
60 90
60 110
60 199
60 243
60 281
60 303
60 464
61 83
61 96
61 219
61 273
61 274
61 308
61 364
61 378
61 397
61 470
62 71
62 89
62 95
62 98
62 99
62 108
62 110
62 144
62 159
62 214
62 250
62 263
62 324
62 336
62 339
62 386
62 451
62 460
62 464
62 480
63 68
63 78
63 80
63 88
63 122
63 160
63 185
63 194
63 215
63 228
63 235
63 348
63 427
63 462
63 467
63 478
64 94
64 190
64 268
64 336
64 370
64 444
65 106
65 116
65 201
65 226
65 294
65 352
65 371
65 428
65 432
65 446
66 71
66 88
66 93
66 97
66 115
66 122
66 124
66 144
66 160
66 191
66 219
66 231
66 246
66 250
66 255
66 262
66 281
66 306
66 416
66 428
66 450
66 475
66 482
66 493
66 497
67 86
67 169
67 240
67 406
67 420
68 72
68 73
68 100
68 103
68 116
68 126
68 136
68 144
68 149
68 155
68 172
68 177
68 183
68 184
68 198
68 202
68 207
68 215
68 220
68 225
68 240
68 279
68 288
68 299
68 310
68 324
68 327
68 363
68 389
68 411
68 422
68 465
69 90
69 95
69 112
69 121
69 128
69 143
69 182
69 186
69 238
69 283
69 294
69 332
69 352
69 395
70 93
70 98
70 109
70 129
70 174
70 202
70 278
70 290
70 317
70 482
70 483
71 88
71 104
71 134
71 140
71 157
71 231
71 259
71 283
71 410
72 91
72 92
72 116
72 119
72 141
72 146
72 166
72 235
72 261
72 304
72 314
72 367
72 392
72 423
73 93
73 99
73 128
73 149
73 181
73 186
73 244
73 247
73 345
73 381
74 139
74 151
74 189
74 245
74 274
74 408
75 77
75 90
75 105
75 122
75 135
75 137
75 153
75 178
75 192
75 198
75 226
75 242
75 273
75 278
75 335
75 354
75 395
75 419
76 105
76 138
76 150
76 165
76 168
76 195
76 258
76 299
76 310
76 322
76 357
76 369
76 402
76 419
76 440
76 459
77 170
77 210
77 337
77 353
77 372
77 406
77 417
77 432
77 434
77 461
77 483
78 86
78 93
78 100
78 122
78 158
78 176
78 192
78 367
78 395
79 121
79 138
79 206
79 239
79 394
79 399
79 444
80 93
80 102
80 120
80 151
80 156
80 180
80 191
80 196
80 206
80 255
80 269
80 276
80 285
80 318
80 328
80 331
80 413
80 433
80 468
81 154
81 311
81 353
81 415
82 89
82 143
82 167
82 254
82 362
82 410
82 416
82 474
82 489
82 496
83 85
83 128
83 147
83 161
83 238
83 307
83 349
83 387
83 394
83 417
84 90
84 92
84 105
84 116
84 149
84 178
84 184
84 199
84 213
84 219
84 251
84 255
84 325
84 379
84 414
84 450
84 454
84 458
85 99
85 106
85 115
85 145
85 152
85 167
85 282
85 292
85 298
85 336
85 364
85 371
85 381
85 396
85 410
85 428
85 429
85 441
85 464
85 465
85 491
86 94
86 118
86 139
86 182
86 214
86 222
86 269
86 391
86 429
87 129
87 178
87 180
87 193
87 194
87 217
87 252
87 290
87 293
87 296
87 341
87 408
87 409
87 422
87 437
87 467
87 475
88 189
88 245
88 325
88 341
88 401
89 131
89 164
89 171
89 192
89 220
89 256
89 287
89 298
89 488
90 152
90 153
90 244
90 259
90 338
90 358
90 394
90 466
91 94
91 101
91 114
91 126
91 132
91 166
91 190
91 227
91 283
91 365
91 392
91 436
91 457
91 468
91 494
92 116
92 130
92 131
92 215
92 220
92 292
92 340
92 407
92 468
93 121
93 237
93 256
93 273
93 295
93 313
93 400
94 108
94 192
94 198
94 473
94 477
95 120
95 125
95 138
95 151
95 153
95 162
95 165
95 179
95 193
95 226
95 228
95 242
95 268
95 333
95 369
95 388
95 390
95 434
95 447
95 479
96 119
96 209
96 266
96 297
96 340
96 349
96 350
96 411
96 469
97 105
97 124
97 132
97 138
97 150
97 208
97 218
97 228
97 240
97 248
97 268
97 278
97 290
97 293
97 346
97 355
98 109
98 156
98 161
98 187
98 251
98 354
98 403
98 405
98 415
98 421
99 104
99 159
99 218
99 233
99 265
99 267
99 314
99 316
99 350
99 380
99 384
100 110
100 111
100 139
100 143
100 144
100 169
100 207
100 248
100 262
101 156
101 198
101 204
101 213
101 230
101 342
101 351
101 353
101 423
101 489
102 204
102 253
102 316
102 363
102 461
103 119
103 136
103 158
103 239
103 346
103 363
104 106
104 110
104 124
104 158
104 247
104 250
104 278
104 310
104 353
104 392
104 406
104 479
104 489
105 138
105 193
105 323
105 396
105 402
105 409
106 131
106 160
106 162
106 174
106 181
106 210
106 255
106 258
106 269
106 286
106 295
106 308
106 346
106 347
106 394
106 457
106 472
107 134
107 137
107 147
107 224
107 275
107 303
108 138
108 223
108 264
108 280
108 310
108 368
108 369
108 380
108 451
109 163
109 177
109 226
109 248
109 316
109 347
109 431
109 449
109 450
110 140
110 179
110 185
110 221
110 325
110 358
111 130
111 158
111 171
111 190
111 204
111 252
111 316
111 348
111 420
112 114
112 178
112 243
112 347
112 397
112 399
112 411
112 444
112 477
113 123
113 237
113 268
113 331
113 389
114 123
114 127
114 131
114 140
114 163
114 210
114 261
114 265
114 282
114 293
114 414
114 452
115 125
115 145
115 151
115 155
115 168
115 195
115 222
115 258
115 366
115 393
115 453
115 481
116 194
116 217
116 244
116 249
116 270
116 307
116 317
116 361
116 430
116 431
116 432
117 142
117 244
117 251
117 325
117 446
118 235
118 251
118 301
118 336
118 414
118 435
119 143
119 241
119 322
119 331
120 122
120 139
120 141
120 175
120 183
120 217
120 251
120 254
120 349
120 441
120 478
120 495
121 152
121 176
121 184
121 257
121 304
121 376
122 131
122 133
122 159
122 198
122 201
122 224
122 233
122 234
122 269
122 326
122 481
122 498
123 131
123 154
123 179
123 191
123 197
123 241
123 246
123 260
123 280
123 349
123 361
123 398
123 481
124 148
124 162
124 188
124 259
124 288
124 335
124 345
124 434
124 491
124 496
126 296
127 154
127 217
127 305
127 364
127 371
128 153
128 208
128 227
128 243
128 253
128 262
128 275
128 293
128 366
128 369
128 382
128 434
128 436
128 440
128 490
129 137
129 221
129 279
129 301
129 350
129 452
130 133
130 151
130 189
130 211
130 220
130 258
130 305
130 353
130 447
130 491
131 185
131 291
131 346
131 431
131 477
132 142
132 151
132 174
132 207
132 225
132 276
132 277
132 285
132 318
133 135
133 155
133 160
133 199
133 361
133 362
133 383
133 442
133 498
134 174
134 244
134 284
134 297
134 305
134 318
134 341
134 371
135 180
135 200
135 222
135 351
135 368
135 384
135 435
136 187
136 271
137 159
137 163
137 184
137 188
137 204
137 209
137 290
137 306
137 324
137 345
138 242
138 254
138 299
138 493
139 143
139 195
139 204
139 236
139 279
139 334
139 438
139 473
140 149
140 173
140 182
140 351
141 179
141 236
141 319
142 221
142 376
142 440
143 147
143 162
143 209
143 213
143 285
143 295
143 324
143 373
143 378
143 400
143 428
143 498
144 146
144 194
144 422
144 480
144 482
145 184
145 299
146 222
146 225
146 304
146 308
146 364
147 265
147 390
147 471
148 167
148 252
148 443
149 155
149 201
149 207
149 392
149 497
150 153
150 156
150 164
150 232
150 259
150 293
150 294
150 323
150 359
150 382
150 405
150 444
150 450
150 494
151 161
151 194
151 227
151 272
151 291
151 399
151 404
152 330
152 413
153 173
153 183
153 209
153 224
153 249
154 165
154 170
154 173
154 210
154 246
154 274
154 312
154 334
154 367
154 401
154 425
154 475
155 290
155 332
155 361
155 377
155 499
156 216
156 383
156 391
156 447
156 456
157 252
157 260
157 291
158 164
158 167
158 187
158 225
158 227
158 235
158 265
158 277
158 291
158 303
158 311
158 443
158 450
158 456
158 458
158 461
159 307
159 314
159 355
160 180
160 262
161 219
161 321
162 200
162 285
162 495
163 164
163 190
163 211
163 382
163 395
163 451
163 484
164 367
164 373
165 177
165 325
165 372
165 385
165 419
166 217
166 233
167 174
167 255
167 349
168 201
168 226
168 252
168 264
168 267
168 301
168 312
168 330
168 338
168 351
168 368
168 381
168 434
168 485
169 200
169 232
169 243
169 302
169 303
169 426
170 199
170 405
171 195
171 206
171 334
171 486
172 191
172 428
173 186
173 232
173 288
173 360
173 409
173 438
174 386
174 392
174 474
175 284
175 307
175 309
175 337
176 291
176 328
176 445
176 452
177 239
178 197
178 215
178 227
178 231
178 237
178 270
178 303
178 347
179 332
179 497
180 203
180 236
180 395
181 240
181 249
181 281
181 336
181 346
181 463
181 471
182 260
182 420
182 456
182 487
183 195
183 196
183 298
183 309
183 321
183 325
183 339
183 375
183 389
183 393
183 429
183 455
184 314
185 401
185 406
186 197
186 237
186 384
186 495
187 229
187 296
187 412
187 482
188 343
188 356
188 466
189 191
189 205
189 207
189 256
189 267
189 271
189 297
189 344
189 373
189 463
190 272
190 287
190 338
190 383
190 404
191 223
191 254
191 315
191 346
192 246
193 252
193 309
193 386
193 409
194 204
194 218
194 229
194 232
194 292
194 314
194 328
194 337
194 398
194 416
195 457
196 205
196 427
197 341
197 373
197 426
197 478
198 212
198 288
198 318
198 374
199 203
199 208
199 242
199 453
200 233
200 247
200 263
200 342
200 423
201 221
201 253
201 291
201 344
201 360
201 472
201 495
202 287
202 291
202 357
203 433
203 494
204 272
204 312
204 327
204 359
204 360
204 412
204 435
204 477
205 356
205 437
205 470
205 474
206 215
206 245
206 281
206 366
206 378
206 453
206 477
207 253
207 369
208 233
208 272
208 439
209 449
209 481
210 289
210 296
210 320
210 326
210 437
211 262
211 385
211 422
212 256
212 397
212 403
212 443
213 229
213 329
213 374
213 471
214 215
214 235
214 299
214 315
214 328
215 230
215 266
215 274
215 285
216 256
216 259
216 274
216 320
216 355
216 359
216 380
216 381
216 464
216 469
217 319
217 413
217 493
218 290
219 231
219 306
219 354
220 248
220 275
220 465
221 233
221 247
221 267
221 269
221 297
221 372
222 329
222 350
222 351
222 366
222 436
222 460
222 462
223 241
223 266
223 306
224 264
224 344
224 345
224 449
224 469
225 343
225 390
228 419
228 461
228 473
229 340
230 440
230 496
231 260
231 261
231 324
231 348
231 359
231 376
231 397
231 399
231 412
231 416
231 437
231 452
232 328
232 368
232 377
233 355
233 378
233 387
233 488
234 247
234 300
234 332
234 411
235 245
235 251
236 240
236 258
236 323
236 457
237 283
237 352
237 481
238 310
238 339
238 376
238 459
238 462
239 252
239 254
239 310
239 322
239 477
240 245
240 262
240 297
240 384
240 489
241 339
241 439
243 270
243 279
243 309
243 332
243 437
244 399
245 271
245 359
245 484
245 496
246 343
247 320
247 342
247 350
247 387
247 422
247 424
247 457
248 285
248 379
248 451
248 466
249 274
249 276
249 287
249 478
249 485
250 270
250 341
250 401
250 416
250 454
251 422
251 494
251 497
252 378
253 264
253 306
253 477
254 329
254 407
254 460
255 289
256 380
256 439
257 287
257 437
257 487
257 493
258 340
258 430
258 433
259 319
259 349
260 263
260 304
260 402
261 265
261 292
261 396
261 401
261 447
262 454
263 289
263 452
264 480
265 421
266 302
266 307
266 333
266 366
266 433
267 342
268 339
271 286
271 303
271 313
271 341
271 344
272 370
272 375
272 476
273 294
273 300
274 299
274 476
276 330
276 464
276 468
277 285
277 329
277 385
278 282
278 286
278 290
278 293
278 407
278 485
279 284
279 292
279 385
279 410
279 430
280 326
280 404
282 355
282 383
282 387
285 312
287 424
288 360
288 417
288 436
288 446
289 355
289 427
289 492
291 298
291 300
291 483
291 493
292 319
292 415
292 426
292 448
292 487
293 316
295 389
296 386
297 343
297 345
297 462
298 371
298 430
298 487
299 478
299 483
300 473
300 483
302 490
303 319
304 306
305 381
306 361
306 495
307 467
308 420
308 458
310 448
310 467
311 362
311 453
312 328
312 371
313 429
313 430
313 448
313 496
314 338
314 342
314 358
314 403
318 494
319 411
319 436
319 459
319 495
320 330
320 344
320 368
322 335
322 370
322 489
325 333
325 402
326 450
327 408
327 433
328 384
328 470
329 383
329 399
329 405
329 419
329 421
329 455
329 475
331 335
331 377
331 389
331 400
334 393
336 375
336 453
337 344
337 414
337 455
337 456
337 486
339 391
339 406
341 355
341 379
341 484
342 353
342 365
342 434
342 462
343 462
343 470
344 357
345 360
345 423
345 445
346 473
346 481
348 358
348 481
348 499
349 394
349 408
350 398
350 421
352 415
352 442
352 494
354 360
354 499
355 366
355 412
355 413
355 430
356 448
358 376
358 414
358 464
358 492
359 479
360 439
361 465
364 402
364 412
364 468
364 482
365 413
366 438
367 386
367 456
368 427
368 466
370 499
373 434
373 460
374 418
375 388
375 466
375 486
376 388
376 440
378 455
379 403
380 421
381 482
384 385
384 438
385 393
386 418
387 404
390 404
391 475
393 453
394 459
395 405
395 440
397 499
398 425
398 492
400 406
400 420
402 425
403 419
405 407
405 415
405 426
406 463
406 472
408 445
410 451
410 490
412 421
413 416
413 458
413 491
414 484
415 496
416 438
416 475
417 439
423 464
424 429
427 432
431 442
434 445
435 494
437 438
440 445
440 461
441 449
441 483
441 497
443 493
445 471
448 460
453 466
453 485
453 489
456 485
457 476
458 476
458 488
466 489
469 472
470 471
484 493
496 499
