0 31
0 84
0 184
0 210
0 305
0 310
0 443
0 450
0 482
1 228
1 289
1 349
1 423
1 424
1 431
2 159
2 334
2 339
2 359
3 271
4 26
4 108
4 172
4 373
4 454
5 36
5 74
5 162
5 181
5 198
5 260
5 366
6 31
6 167
6 258
6 371
6 425
7 362
7 399
7 417
7 442
8 51
8 335
8 444
9 14
9 59
9 64
9 75
9 175
9 241
9 393
9 406
9 443
9 456
9 491
10 132
10 225
10 332
10 447
11 23
11 54
11 123
11 177
11 227
11 234
11 377
12 132
12 433
12 479
13 109
13 126
13 316
13 333
13 365
14 166
14 168
14 171
14 189
14 205
14 279
14 295
14 481
15 36
15 149
15 195
15 387
16 47
16 431
16 435
17 68
17 205
17 208
17 227
18 29
18 218
18 240
18 242
18 321
18 359
18 382
19 22
19 92
19 378
20 34
20 57
20 61
20 394
20 425
21 28
21 89
21 221
22 99
22 101
22 136
22 158
22 262
22 306
22 399
22 444
22 466
23 167
23 211
23 305
23 350
23 463
24 214
24 221
24 411
24 460
25 304
25 343
25 427
25 494
26 154
27 107
27 128
27 270
27 466
28 187
28 241
28 326
28 385
29 125
29 246
29 253
29 363
29 387
29 412
30 68
30 225
30 376
30 418
30 429
30 430
30 488
31 119
31 202
31 263
31 283
31 333
32 45
32 311
33 94
33 150
33 313
33 349
33 471
34 35
34 49
34 104
34 117
34 131
34 342
34 404
34 426
34 485
34 489
35 41
35 58
35 67
35 105
35 135
35 152
35 195
35 229
35 239
35 437
35 491
36 202
36 497
37 96
37 186
37 378
38 61
38 188
38 231
38 267
38 388
38 403
38 478
38 481
39 206
39 222
39 297
39 366
39 383
39 391
39 406
39 437
40 67
40 246
40 288
40 362
40 392
40 405
40 407
41 46
41 319
41 348
42 53
42 77
42 118
42 230
42 256
42 400
43 97
43 123
43 172
43 225
43 273
43 396
44 45
44 81
44 117
44 261
44 341
44 347
44 368
45 109
45 151
45 196
45 231
45 237
45 320
45 455
46 113
46 180
46 222
47 180
47 332
47 346
47 381
47 466
48 201
48 286
48 357
48 360
48 415
48 462
49 104
49 122
49 248
49 269
49 307
50 59
50 73
50 181
50 270
50 291
51 75
51 96
51 121
51 142
51 150
51 299
52 70
52 192
52 273
53 70
53 119
53 201
53 290
53 300
53 382
53 393
53 481
53 491
54 256
54 296
54 340
54 436
55 129
55 144
55 165
55 366
55 469
56 308
56 497
57 120
57 130
57 369
57 466
58 351
58 353
58 488
59 114
59 121
59 323
59 476
60 81
60 235
60 259
60 264
60 268
60 323
60 411
61 116
61 151
61 196
61 276
61 279
61 357
62 149
62 185
62 263
62 338
62 417
62 420
63 108
63 277
63 434
63 485
64 122
64 242
64 341
64 397
64 438
65 262
65 320
65 401
65 408
65 446
66 264
66 289
66 475
67 142
67 190
67 328
67 345
67 395
67 479
68 92
68 178
68 460
69 414
69 417
70 162
70 184
70 249
70 439
70 443
70 455
70 468
70 480
71 139
71 307
71 416
72 92
72 268
72 390
72 463
73 171
73 447
73 484
74 89
74 211
74 235
74 370
74 440
74 453
74 466
75 140
75 260
75 449
76 134
76 152
76 329
76 360
76 456
77 139
77 167
77 297
77 310
77 369
77 385
78 83
78 178
78 228
78 310
78 352
78 470
79 101
79 122
79 151
79 253
79 396
79 417
80 112
80 377
80 384
80 436
80 470
81 144
81 236
81 349
81 470
81 493
82 285
82 318
82 414
82 424
82 454
82 496
83 204
83 437
84 137
84 185
84 245
84 262
84 321
85 201
85 205
85 405
85 450
88 93
88 246
88 356
88 464
89 108
89 232
89 335
89 405
89 446
89 447
89 449
90 191
90 330
90 393
91 131
91 135
91 162
91 344
91 356
91 396
91 486
91 495
92 140
92 351
92 474
93 151
93 231
93 446
94 289
94 448
94 450
94 457
95 165
95 205
95 286
95 351
95 376
96 133
96 176
96 274
96 277
96 300
96 389
96 427
96 467
97 151
98 132
98 137
98 150
98 342
99 126
99 460
99 466
99 478
100 149
100 265
100 270
100 433
100 454
101 131
101 199
101 223
101 250
102 131
102 205
102 242
102 266
102 306
102 335
102 498
103 189
103 231
104 170
104 240
104 423
104 425
104 450
105 168
105 262
105 304
105 371
106 166
106 298
106 322
106 333
108 113
108 240
108 297
108 322
108 484
109 466
109 486
110 211
111 241
111 453
112 391
113 120
113 232
113 361
113 426
113 435
114 157
114 326
114 340
114 355
114 422
114 423
114 428
114 441
114 461
114 484
114 489
115 208
115 212
115 324
115 477
116 125
116 179
116 254
116 424
116 458
116 484
117 303
117 352
117 356
117 444
118 235
118 278
118 350
118 405
118 498
119 274
119 295
119 296
119 302
119 343
119 352
119 422
120 132
120 263
120 276
120 431
120 471
121 334
121 372
121 376
121 397
121 472
122 151
122 285
122 354
122 376
122 405
122 494
123 209
123 253
123 305
123 344
123 448
124 256
124 444
124 479
124 482
125 187
125 271
125 307
125 428
125 493
126 147
126 218
126 251
127 305
128 177
128 376
129 151
129 210
129 471
130 225
130 344
131 383
131 390
131 422
132 185
132 311
132 492
133 152
133 168
133 438
134 226
134 371
134 499
135 454
135 478
136 247
136 360
136 423
136 431
136 452
137 266
137 398
137 449
138 164
138 187
138 235
139 185
139 200
139 254
139 330
139 368
139 462
139 483
140 269
140 359
141 165
141 206
141 220
141 252
141 353
141 381
142 371
142 396
142 439
143 157
144 437
144 494
145 359
145 406
145 441
146 376
146 436
147 199
147 404
147 421
147 424
147 429
148 199
148 276
148 468
149 202
149 436
150 181
150 240
150 289
150 328
151 200
151 240
151 342
151 410
151 462
152 290
153 180
153 222
153 287
154 470
156 158
156 210
156 214
156 276
156 454
157 299
158 255
158 326
159 164
160 176
160 200
160 213
160 289
160 293
160 303
161 187
161 387
162 300
162 308
164 173
164 242
164 371
164 467
165 262
165 355
165 427
166 206
166 346
166 349
166 408
166 431
167 225
167 256
167 277
167 296
167 320
167 419
168 287
168 343
168 461
168 480
169 173
169 238
169 315
169 330
169 471
169 481
170 243
170 255
170 287
170 304
170 396
171 204
171 251
171 291
171 313
171 431
172 291
172 337
172 380
172 414
173 201
173 228
174 254
174 337
175 311
175 489
176 229
176 315
177 270
177 311
177 407
177 433
177 479
178 301
178 462
179 298
179 314
179 346
179 352
179 358
180 269
180 295
181 202
181 210
181 300
181 310
183 213
184 225
184 273
184 320
184 370
184 424
185 234
185 244
185 326
185 334
185 352
185 370
186 248
186 369
186 413
187 237
187 372
187 388
188 247
188 319
188 349
188 377
189 197
189 452
190 360
191 206
191 319
191 352
192 347
192 359
192 455
192 485
193 230
193 316
193 369
193 438
193 495
195 386
196 315
196 434
197 260
197 308
198 365
198 436
198 445
199 264
199 376
200 306
200 345
200 405
200 463
201 243
201 414
201 469
202 210
202 237
202 369
203 463
204 411
204 484
205 259
205 304
205 381
205 413
206 263
206 402
206 422
207 215
207 286
207 300
207 414
208 356
208 407
208 463
209 217
209 477
209 492
210 339
210 424
210 438
210 466
211 401
212 218
212 233
212 313
212 479
213 423
214 223
214 343
215 330
215 343
215 423
215 448
216 384
216 474
217 235
217 275
218 284
219 237
219 253
219 351
219 494
220 289
220 349
221 256
221 392
221 452
221 498
222 417
222 468
223 253
223 440
223 456
223 467
224 248
224 346
224 446
225 236
225 298
225 337
225 347
225 465
226 326
226 340
226 425
227 326
227 370
227 488
228 283
228 361
228 400
229 370
230 305
230 401
231 272
231 306
232 297
232 320
232 360
232 418
233 267
234 348
234 380
235 327
236 492
237 260
237 303
237 334
239 246
239 249
240 321
240 373
240 387
240 479
241 267
241 308
242 253
242 260
242 392
243 289
243 312
244 325
246 261
246 447
247 365
247 406
247 408
248 443
249 296
249 329
250 343
250 397
251 265
251 391
253 290
253 402
255 425
255 438
255 473
256 377
257 401
257 463
258 311
258 373
258 484
260 261
260 281
260 327
260 358
260 399
261 353
262 289
262 341
263 306
263 441
264 344
264 450
265 405
265 492
266 281
266 441
267 345
267 425
268 400
268 463
269 395
269 409
270 388
270 412
271 313
271 360
271 441
272 281
272 367
272 441
272 449
272 478
273 285
273 330
273 351
274 303
275 326
275 486
276 292
276 297
276 473
278 282
278 361
278 423
279 440
279 446
279 479
280 287
281 314
281 425
282 306
282 341
282 461
283 354
284 354
284 442
285 445
285 449
286 352
286 386
286 447
286 467
287 453
287 465
288 482
289 333
290 331
290 376
290 457
291 312
291 322
291 335
291 391
291 472
292 340
292 376
292 440
292 490
293 482
294 303
294 327
294 436
294 483
295 448
295 489
295 497
296 408
297 442
297 460
298 309
298 325
298 334
298 402
298 404
298 450
298 477
300 417
301 319
302 324
302 376
302 389
302 428
302 491
303 402
303 418
303 482
304 354
304 360
304 396
306 463
307 367
308 313
308 346
308 486
310 400
310 477
311 332
312 344
312 482
313 327
313 358
313 392
313 405
313 461
314 369
314 384
314 404
314 414
314 433
317 429
319 349
319 497
320 323
320 430
320 445
320 461
320 467
321 398
322 425
322 475
323 366
325 374
325 496
326 342
326 440
327 485
328 422
329 360
329 409
329 483
330 413
330 422
330 468
331 435
331 481
332 345
332 378
332 492
333 337
333 354
333 441
333 496
334 374
334 389
334 410
334 443
334 471
335 418
335 436
336 359
337 391
337 422
339 347
339 352
339 456
340 387
340 442
340 451
341 357
341 362
341 377
342 403
342 491
343 413
343 415
343 457
346 365
346 446
346 466
347 356
348 351
348 360
349 462
349 488
350 368
352 360
352 389
352 477
355 440
356 421
356 479
356 495
357 370
358 491
359 438
360 397
360 437
361 425
361 444
362 376
362 480
363 376
363 472
364 367
364 425
364 433
364 448
365 495
365 498
367 420
367 432
369 384
369 401
369 478
369 489
370 409
370 452
371 378
371 450
372 373
373 445
374 404
374 440
375 388
375 443
375 467
376 411
376 417
376 470
377 405
378 389
378 420
378 485
382 423
382 485
383 397
384 403
384 425
384 426
385 455
386 446
387 434
388 454
389 402
389 431
390 463
390 477
391 426
393 422
393 451
394 447
395 401
396 409
396 452
396 477
401 428
401 468
402 462
403 413
403 418
405 448
406 492
407 451
408 458
409 460
409 497
412 467
412 489
414 474
420 462
420 472
422 457
426 475
426 486
428 477
431 453
431 457
433 464
434 482
440 444
444 496
446 459
448 480
450 494
451 472
454 463
454 494
456 464
459 488
461 463
461 481
463 480
465 482
466 488
474 498
475 488
475 490
476 496
477 491
478 490
479 493
484 495
