19
20
18
23
17
22
24
21
0
27
32
26
138
30
36
78
28
182
31
35
12
129
29
87
34
25
130
154
108
9
3
33
11
8
139
7
169
90
16
41
44
110
6
155
156
111
170
5
210
109
113
13
37
42
89
50
2
14
48
221
239
220
58
157
225
79
38
97
54
39
229
91
202
235
134
195
60
145
49
99
161
43
175
116
80
222
240
51
117
211
212
112
191
98
148
228
45
172
233
114
53
203
4
173
144
194
208
40
88
93
158
171
199
163
140
213
46
180
96
159
56
63
216
174
125
142
94
250
207
179
234
62
47
205
105
132
131
204
103
82
10
59
168
201
120
200
236
188
248
192
141
135
181
81
133
186
124
123
121
214
147
224
242
57
247
193
95
244
246
74
64
151
100
71
189
146
1
104
196
184
167
190
118
136
149
83
55
92
52
77
119
238
75
126
185
249
232
223
65
101
115
153
215
243
231
206
227
127
162
218
69
150
164
183
102
241
70
106
176
209
61
143
166
152
107
160
198
122
67
237
217
68
66
197
85
177
76
137
245
230
72
73
84
86
15
187
165
226
178
128
219
