0
18
76
12
17
14
11
13
23
5
22
16
7
1
28
19
3
20
104
32
77
6
80
24
150
26
21
83
29
31
108
107
15
79
33
78
137
81
166
131
114
136
10
176
167
106
34
245
141
41
27
25
158
8
119
42
105
35
46
133
9
139
202
140
116
159
56
142
82
49
223
122
47
51
172
44
152
190
61
239
132
39
30
154
127
183
144
193
48
169
168
191
115
175
89
125
43
250
37
227
36
45
225
2
118
151
156
157
147
160
241
129
66
138
100
222
249
248
109
153
198
84
60
53
113
143
188
86
50
219
236
199
112
197
170
69
95
229
134
185
65
200
85
63
178
228
64
184
192
146
58
123
68
173
4
149
243
121
211
242
179
38
240
233
247
55
163
181
215
93
208
182
171
52
90
212
54
244
205
111
73
209
237
189
207
120
218
232
231
234
71
216
220
128
148
230
203
70
213
224
161
204
165
238
162
74
72
101
40
180
110
221
92
174
97
102
246
94
177
130
217
87
59
226
155
117
214
210
194
206
145
235
135
164
67
99
201
88
103
196
91
186
187
126
75
124
195
96
98
62
57
