22
14
17
15
11
18
9
8
13
4
0
16
7
23
24
2
3
19
99
12
20
138
217
119
21
1
139
33
100
28
200
120
29
121
27
208
25
196
180
140
79
52
162
165
218
179
26
142
163
10
194
166
32
34
122
137
49
244
89
101
77
199
105
195
37
197
38
110
141
123
39
103
82
130
84
230
55
144
148
44
198
238
221
214
136
117
237
76
46
219
167
128
249
227
81
212
45
87
246
78
149
159
213
51
56
133
211
114
106
112
146
184
85
59
225
187
181
152
65
50
91
127
80
54
90
145
242
156
102
83
157
111
229
203
232
43
30
233
206
247
70
172
143
204
205
104
42
63
60
164
231
161
108
177
216
109
115
239
160
173
47
201
88
124
169
170
191
5
189
35
151
62
73
116
113
86
126
202
135
69
226
228
36
132
235
243
176
171
107
193
248
174
40
74
241
94
224
48
131
125
210
175
207
71
134
57
209
182
147
61
129
58
222
223
178
97
68
183
236
190
96
155
92
234
245
168
93
31
188
75
118
192
154
240
53
185
186
220
72
158
150
215
41
64
6
66
95
153
98
67
