13
0
15
21
14
27
20
18
19
22
7
5
3
17
1
99
16
31
101
34
43
102
100
30
28
48
36
215
23
10
25
6
146
45
39
233
26
38
143
104
37
132
127
9
47
24
2
32
222
171
103
175
41
191
106
35
216
40
42
150
8
12
173
145
50
56
53
105
11
217
46
107
159
142
111
51
241
166
49
223
55
69
242
60
4
172
54
115
29
144
64
52
44
210
63
57
186
179
74
200
178
114
70
250
195
211
112
199
117
133
170
128
193
149
113
209
109
235
192
206
248
129
247
207
33
177
230
234
152
123
244
147
249
67
198
201
61
246
136
156
62
59
185
180
158
108
157
219
118
119
131
72
225
148
110
66
165
73
65
140
194
88
243
75
84
202
224
174
245
239
82
220
135
151
160
231
139
122
91
218
138
153
184
181
161
187
240
227
154
116
164
238
58
221
126
232
190
162
212
189
204
205
196
79
168
213
203
229
134
124
77
93
169
98
176
188
208
71
76
97
183
167
236
120
197
68
228
214
226
80
182
96
237
86
130
85
90
83
137
92
163
155
121
81
87
125
89
94
95
78
141
