83
16
11
13
14
15
9
17
8
12
19
127
24
22
10
26
151
136
25
2
1
0
20
128
168
181
86
180
85
18
31
6
23
153
37
148
51
166
239
84
32
27
7
38
107
5
103
167
33
223
34
30
29
129
39
152
111
21
104
208
40
157
35
47
52
200
41
149
165
113
44
184
171
36
118
28
242
108
42
121
216
93
106
230
199
204
122
133
130
88
131
250
87
67
203
215
229
139
4
183
77
248
233
187
219
55
61
48
232
173
119
212
140
192
227
115
193
154
182
134
92
210
246
185
117
156
45
249
132
191
207
190
169
114
186
57
158
196
188
123
176
96
102
241
46
189
214
125
70
236
247
63
53
112
49
89
202
142
59
71
238
141
163
120
91
195
155
146
209
69
98
178
170
145
213
201
79
222
175
73
224
198
50
94
218
54
137
82
100
211
110
244
95
75
220
147
99
162
234
194
240
245
81
205
164
97
217
138
228
3
226
58
144
62
64
116
237
90
235
105
60
161
68
78
56
135
143
174
231
225
243
160
124
65
172
76
197
109
179
221
101
43
126
80
150
66
72
177
159
206
74
