134
258
56
80
176
131
133
7
238
53
6
43
11
8
107
146
178
92
93
215
3
5
4
274
2
1
10
117
17
202
218
61
231
194
177
308
9
254
94
14
47
20
136
145
294
42
98
22
60
118
179
100
54
211
55
312
95
123
279
305
83
108
86
46
49
296
144
187
13
267
287
326
184
203
82
132
338
121
89
12
24
67
269
116
318
315
45
310
340
16
59
40
152
110
71
186
252
275
87
242
21
331
32
334
90
76
337
345
341
119
169
23
41
253
36
29
0
124
217
239
332
347
101
271
99
265
68
216
329
204
44
166
129
261
282
241
270
336
277
48
105
196
185
151
314
295
62
210
339
128
313
235
195
168
343
221
157
191
249
325
208
212
248
162
180
346
50
323
156
207
251
328
272
150
205
255
125
66
57
165
102
103
324
115
35
149
327
263
293
31
63
268
311
111
262
321
114
73
18
281
139
302
228
198
58
246
88
167
25
316
159
39
84
140
298
171
306
189
27
290
344
233
223
303
256
219
77
247
320
278
113
307
72
244
229
122
199
197
147
317
130
52
81
91
319
300
322
291
301
164
174
240
70
161
65
200
257
230
163
289
181
96
342
201
297
106
234
126
170
69
299
183
243
51
259
155
330
38
138
85
192
30
236
304
33
74
220
112
284
64
153
209
37
143
335
142
276
227
224
266
160
288
173
245
193
348
120
206
97
286
232
188
283
226
333
175
104
264
250
137
309
260
158
109
213
222
172
273
148
141
26
79
135
292
127
75
182
15
349
19
28
34
78
154
190
214
225
237
280
285
