0
19
17
18
21
24
22
20
23
26
7
41
28
166
25
11
31
33
4
27
36
32
16
115
137
189
9
37
30
29
136
59
14
44
1
119
50
42
34
2
51
10
116
57
191
234
54
170
8
49
43
15
58
120
46
55
122
156
121
141
67
35
64
60
195
169
13
140
123
236
63
52
190
40
245
3
45
117
39
62
232
138
124
196
38
72
118
48
68
139
198
76
142
167
6
216
206
69
84
131
90
237
94
168
79
231
75
212
205
157
246
176
239
89
233
229
125
210
53
145
65
146
174
47
158
162
143
218
147
12
220
227
73
148
211
247
135
151
70
87
61
180
219
235
215
182
154
103
149
209
56
98
240
108
164
160
159
66
207
96
199
214
192
100
88
80
126
95
175
81
177
242
197
222
101
185
99
221
97
178
133
249
193
188
201
127
86
250
83
204
163
208
226
78
5
112
194
172
153
248
130
102
238
223
91
165
85
161
202
105
225
179
74
187
106
110
107
144
181
241
82
111
213
128
109
173
244
93
155
230
217
243
77
134
129
186
104
92
150
184
152
171
228
114
183
200
203
132
224
71
113
