6
15
10
59
4
8
3
80
66
5
13
95
1
94
65
68
93
85
136
117
14
158
104
20
98
137
12
114
16
25
135
113
96
124
118
132
2
175
19
190
21
9
127
152
138
62
69
57
54
198
43
32
128
177
182
35
146
84
17
130
142
7
195
131
108
189
153
60
123
27
90
151
48
168
23
109
40
47
24
141
34
38
33
36
49
121
140
30
22
46
37
29
42
44
41
45
92
162
199
79
78
116
70
192
144
171
188
89
120
178
61
197
88
115
154
181
82
133
180
187
183
125
169
191
170
56
52
145
174
156
76
101
112
81
196
164
155
179
147
63
119
184
58
150
172
163
157
77
149
122
166
86
165
105
71
83
103
100
193
99
72
173
106
126
139
129
55
67
176
64
107
160
73
167
143
53
87
134
111
102
161
159
186
185
74
28
39
51
148
75
194
110
11
18
0
26
31
50
91
97
