100
87
85
1
348
66
206
9
225
203
67
8
2
139
324
14
6
269
7
65
108
5
370
101
227
13
107
24
68
288
211
104
86
261
250
178
146
116
296
330
12
362
142
20
22
334
331
17
176
202
190
106
189
10
16
216
398
420
266
381
191
15
354
415
36
355
396
215
376
31
179
45
298
326
156
353
34
375
400
121
387
301
69
76
368
81
351
289
32
51
199
21
434
119
164
442
419
28
141
432
38
333
150
438
123
372
147
166
425
392
270
335
118
71
192
277
275
352
11
405
394
19
417
61
393
382
218
437
213
79
153
232
177
404
429
75
305
448
30
194
445
56
157
60
447
262
423
426
344
320
207
310
205
174
366
312
322
43
444
377
421
122
49
120
439
385
316
369
102
162
149
58
129
110
41
304
114
373
299
109
112
175
135
163
140
57
168
272
59
165
154
383
161
219
169
39
152
128
25
33
48
391
46
111
171
339
37
27
117
42
292
18
29
158
40
239
35
138
132
53
131
64
50
151
388
170
44
291
172
145
133
148
113
359
144
143
63
52
136
159
134
103
155
124
127
160
99
441
297
409
357
279
323
255
443
303
342
349
287
91
336
380
290
406
267
332
315
82
436
416
390
317
329
422
193
403
70
412
252
308
313
338
431
364
407
435
265
276
209
440
361
371
188
356
309
384
278
389
97
197
430
337
271
93
204
186
321
264
358
318
427
414
253
80
84
268
347
428
343
74
257
325
274
401
418
180
311
341
282
243
182
251
195
408
98
307
78
229
340
446
258
196
224
346
411
210
201
223
220
319
183
181
350
345
256
281
260
254
285
228
185
286
280
295
379
230
300
226
386
395
187
449
88
184
365
237
247
306
367
402
231
242
424
378
89
263
245
77
73
374
240
222
413
244
363
328
273
221
241
399
198
294
208
83
248
259
167
217
47
95
200
284
105
212
235
137
94
90
92
234
23
72
233
283
410
55
130
360
293
433
314
3
246
249
214
236
238
62
397
125
327
0
4
26
54
96
115
126
173
302
