12
83
82
25
14
34
52
155
46
10
44
125
157
225
154
228
3
32
13
61
190
0
64
60
85
35
249
36
213
172
76
127
79
238
109
231
186
147
19
113
11
150
91
214
96
111
146
181
158
6
9
31
112
2
1
22
21
192
18
148
7
139
227
230
84
29
189
198
4
8
159
161
93
126
105
144
235
101
118
217
15
131
41
27
163
117
218
104
47
149
86
197
30
216
42
137
195
107
108
151
136
24
226
248
17
241
194
168
121
205
73
215
122
23
200
51
143
5
20
124
160
88
106
33
166
26
176
37
50
240
28
239
152
201
58
55
87
38
229
247
40
142
89
48
173
188
129
232
53
171
196
39
242
63
114
193
16
43
164
170
199
237
66
68
134
49
54
221
67
128
245
246
92
95
222
56
65
74
116
191
203
130
233
57
94
100
45
123
140
59
99
115
244
70
90
180
62
69
71
72
75
77
78
80
81
97
98
102
103
110
119
120
132
133
135
138
141
145
153
156
162
165
167
169
174
175
177
178
179
182
183
184
185
187
202
204
206
207
208
209
210
211
212
219
220
223
224
234
236
243
