13
16
14
15
18
0
6
20
19
21
71
22
30
66
96
73
2
32
138
68
17
29
25
23
159
8
116
1
26
134
102
7
39
118
12
35
37
67
9
171
34
36
40
185
72
41
100
89
69
97
119
213
11
31
38
161
3
143
216
117
27
70
107
103
234
101
78
121
42
83
174
165
76
74
194
99
88
144
80
33
120
43
122
77
135
200
104
81
142
214
4
124
164
242
24
160
189
162
129
140
91
220
217
47
28
237
86
175
58
246
198
236
45
46
85
224
84
247
145
221
147
244
141
233
148
5
109
75
196
177
180
132
128
98
218
235
150
130
250
105
219
53
172
139
79
131
125
170
178
57
225
186
167
197
113
238
133
212
90
173
227
82
182
126
112
215
192
166
127
206
149
191
136
62
201
10
44
187
87
199
65
202
169
203
154
48
49
137
93
168
207
241
60
59
56
229
95
248
195
190
156
153
94
52
111
240
222
230
193
232
123
106
239
163
223
181
208
64
179
157
176
211
92
155
226
249
183
184
61
243
209
50
110
54
188
231
146
245
210
108
205
204
115
55
158
63
114
151
152
228
51
