4
18
106
10
61
55
58
56
13
1
9
111
59
89
199
44
45
54
108
20
7
19
195
42
8
112
12
14
146
116
88
16
119
17
43
200
115
223
3
178
201
23
132
48
196
57
113
292
90
73
211
32
173
231
191
184
133
15
210
47
83
84
278
260
172
70
181
242
5
275
285
63
248
229
22
21
159
24
252
234
222
114
297
37
33
109
194
241
271
219
296
95
206
110
104
218
141
62
281
233
120
11
35
29
217
69
253
232
251
228
107
246
64
284
82
293
26
163
205
105
81
101
257
291
165
80
274
168
169
140
188
151
148
46
102
2
36
40
38
185
27
118
34
0
295
224
50
138
279
208
157
255
149
215
230
144
214
175
167
299
204
264
287
236
289
92
156
186
129
85
216
51
192
276
128
225
93
265
237
262
71
76
240
221
100
267
158
282
290
60
183
97
209
126
187
87
247
161
249
86
68
74
72
226
145
266
238
142
160
182
103
270
153
170
269
202
256
272
143
261
174
171
78
150
162
131
166
179
134
154
67
79
94
147
66
155
294
227
283
244
53
96
288
121
135
127
30
77
298
212
49
136
91
164
52
239
139
31
130
41
243
213
207
189
263
152
122
65
190
99
254
250
177
286
28
124
203
193
137
197
6
123
180
198
25
258
268
220
125
273
277
245
176
235
280
117
98
75
39
259
