14
7
17
112
13
31
33
11
18
6
45
0
206
71
207
180
136
143
114
20
98
95
113
4
194
34
122
139
99
15
223
149
204
198
181
164
182
109
237
50
189
29
104
21
211
1
209
30
107
36
16
115
22
141
23
41
130
192
131
52
3
163
127
138
5
124
199
97
193
239
51
215
19
165
47
137
102
43
37
216
240
219
183
246
66
26
116
24
12
32
35
56
59
230
111
222
10
174
229
2
25
148
8
128
249
65
231
39
245
28
241
162
96
161
247
49
157
175
125
213
238
218
27
179
108
38
123
212
221
55
91
135
156
40
101
110
203
226
58
60
67
54
63
120
134
188
202
224
53
9
44
46
48
61
160
169
248
167
145
100
119
172
242
144
236
220
79
142
154
205
42
76
83
84
106
118
171
197
78
81
140
186
217
243
68
89
147
187
232
244
57
62
64
69
72
77
85
86
93
105
70
73
74
75
80
82
87
88
90
92
94
103
117
121
126
129
132
133
146
150
151
152
153
155
158
159
166
168
170
173
176
177
178
184
185
190
191
195
196
200
201
208
210
214
225
227
228
233
234
235
