2
8
62
12
13
82
17
3
10
9
114
63
5
134
86
84
66
83
149
1
137
157
115
0
14
155
136
133
15
16
6
135
130
174
19
117
156
7
64
118
92
206
129
225
199
85
120
18
235
154
148
202
116
200
214
159
107
138
198
215
183
141
224
67
90
24
204
44
119
39
239
65
173
26
176
51
68
35
131
169
76
72
189
179
213
77
217
228
142
205
20
161
143
75
232
223
247
233
104
96
194
40
127
218
248
88
95
93
250
185
245
29
123
158
27
34
49
195
139
236
125
30
190
242
240
222
31
212
249
91
101
220
203
152
226
231
211
112
229
89
70
182
97
167
184
244
241
22
207
177
153
181
100
33
208
209
79
54
69
108
151
180
11
164
43
219
197
165
55
147
109
201
73
25
87
227
28
221
162
145
32
191
166
81
146
106
103
102
160
121
94
210
238
163
60
74
78
58
140
243
38
175
61
47
46
111
188
128
216
50
56
23
192
171
57
80
193
110
237
122
21
168
144
45
4
124
230
170
150
187
99
186
132
105
59
48
246
172
37
98
126
41
196
234
178
71
42
53
52
113
36
