21
23
22
25
27
118
0
26
31
24
28
36
29
13
32
30
35
195
45
40
20
19
41
119
48
49
33
38
42
156
43
53
5
37
144
185
55
184
50
158
39
6
125
17
139
34
56
121
7
145
47
68
52
51
142
67
44
221
10
63
3
57
16
4
107
58
222
106
64
239
236
2
128
65
66
161
197
171
186
162
147
196
61
244
62
46
122
54
224
127
72
123
8
59
189
120
233
74
143
71
18
108
60
79
126
213
9
141
157
80
150
124
15
73
191
208
214
70
174
77
109
218
170
69
173
159
199
215
177
165
212
201
203
146
234
205
160
140
178
248
225
243
188
241
110
200
1
76
166
247
163
232
75
176
92
82
11
204
242
134
154
216
129
209
95
219
149
135
245
148
198
206
164
112
117
172
211
190
202
114
93
226
132
133
217
98
227
152
168
237
100
207
81
137
230
175
194
89
240
138
182
84
220
155
231
223
88
97
87
229
111
151
103
169
250
101
249
105
116
99
131
78
104
86
90
102
183
246
180
12
94
115
210
83
91
187
14
193
179
192
228
96
238
136
153
130
113
181
85
167
235
