32
38
30
136
3
39
6
0
153
9
5
41
2
7
82
181
93
86
144
53
84
8
42
164
193
13
149
128
21
229
246
187
145
51
1
96
197
212
102
240
250
122
46
166
49
52
175
185
14
180
124
173
272
114
148
95
11
298
270
289
19
87
69
225
33
120
56
290
267
294
50
198
111
293
172
182
94
274
40
15
208
184
16
261
161
264
259
286
112
25
110
83
138
273
288
279
12
201
113
266
230
99
100
88
222
90
24
123
108
239
47
10
98
104
54
103
85
89
97
254
255
115
118
116
107
119
28
57
66
105
228
236
291
297
268
73
45
215
276
299
168
159
141
275
189
44
132
23
252
37
296
206
177
34
260
292
71
139
200
176
174
285
234
248
67
190
224
188
244
78
43
231
217
154
72
137
36
169
142
253
281
269
282
171
219
31
20
241
242
76
186
167
81
233
156
143
59
64
284
192
243
58
213
125
170
29
195
155
151
247
135
158
194
249
256
262
216
63
209
65
60
22
295
126
35
61
196
183
210
237
130
162
227
146
221
271
211
62
150
129
257
238
258
75
223
283
157
27
26
131
79
163
152
263
179
232
178
205
280
202
204
251
127
140
207
218
165
77
121
191
74
226
287
134
133
235
68
265
278
17
160
199
214
70
80
220
91
101
92
106
277
4
18
48
55
109
117
147
203
245
