85
5
37
119
169
65
32
125
45
117
2
7
118
161
4
124
36
66
11
186
35
237
40
182
38
69
6
173
172
144
162
72
86
10
77
33
109
138
176
94
19
247
225
87
98
202
42
148
76
248
195
199
43
16
143
15
245
249
3
31
58
215
50
27
8
132
9
20
88
17
30
25
29
56
49
46
239
13
39
53
48
54
24
18
41
21
34
14
28
57
210
0
60
156
230
126
120
227
97
209
114
178
99
211
189
68
220
105
155
223
205
129
194
250
191
71
145
213
75
139
244
131
166
233
243
127
236
91
203
206
107
207
185
101
89
177
110
219
104
226
224
153
115
149
147
170
106
214
67
93
61
160
217
63
238
241
204
240
90
146
150
184
190
200
229
246
181
103
216
175
134
183
193
221
152
122
142
113
130
83
102
81
78
218
96
167
74
108
133
140
137
208
112
121
135
188
159
116
62
232
187
158
95
212
151
231
197
123
73
128
59
82
26
55
234
168
180
174
201
228
235
141
192
52
79
100
22
70
165
111
179
51
1
12
23
44
47
64
80
84
92
136
154
157
163
164
171
196
198
222
242
