221
11
68
8
9
59
144
223
18
104
112
1
120
7
145
113
175
105
385
69
185
108
380
142
14
54
149
140
209
103
178
111
21
152
34
172
207
56
10
312
13
114
143
110
302
33
177
57
433
211
119
58
415
15
70
106
357
256
141
381
60
146
3
76
343
17
148
425
166
176
182
174
334
12
28
401
180
427
309
202
61
124
303
242
298
45
204
294
109
210
101
272
19
116
203
331
285
71
346
430
268
438
311
374
88
390
24
426
74
38
400
332
448
402
147
98
100
336
179
160
388
23
80
190
398
421
447
2
36
215
224
164
78
260
225
126
35
16
333
162
67
133
102
254
395
189
397
358
429
445
40
405
129
418
403
414
348
26
44
338
239
362
115
442
423
373
55
187
386
159
186
339
163
439
150
93
275
39
122
307
72
233
262
125
199
151
428
123
43
326
161
22
132
431
171
136
228
366
347
240
47
128
156
198
155
444
48
138
20
168
50
130
188
181
194
169
25
139
440
131
195
37
46
42
197
280
173
153
134
32
30
165
137
121
135
158
183
41
154
191
167
107
52
117
31
157
118
127
51
29
170
27
184
0
200
241
314
375
352
363
95
416
437
273
64
330
417
412
267
287
435
406
404
424
283
407
245
89
300
321
305
87
90
295
441
92
317
63
351
206
214
65
436
269
86
413
222
62
313
355
422
85
315
246
411
271
227
247
320
324
408
410
379
238
364
217
73
94
446
297
82
299
81
359
391
342
377
341
365
409
349
261
371
337
308
316
434
276
265
353
220
361
99
83
237
372
304
360
278
288
266
325
230
234
281
443
219
323
96
248
91
274
259
201
232
286
208
394
77
75
318
252
399
368
370
310
367
257
284
356
335
251
419
213
369
384
236
383
389
279
432
350
296
420
392
277
250
66
263
216
382
244
84
255
290
79
289
293
344
270
212
327
292
345
264
243
249
97
376
231
306
258
319
301
282
378
253
229
218
226
396
387
393
235
291
340
322
205
329
354
4
5
6
49
53
192
193
196
328
449
