91
75
199
229
128
147
89
100
140
28
150
174
162
181
144
217
29
80
51
61
12
134
81
17
59
155
110
95
21
210
216
171
102
6
90
105
27
203
1
118
88
66
189
135
207
219
136
139
231
213
39
143
137
38
69
44
141
223
74
37
50
97
148
47
78
175
201
233
24
202
161
41
151
32
96
92
165
186
132
31
18
190
101
185
73
3
56
244
197
33
179
145
133
123
30
49
154
71
184
48
11
86
160
120
52
124
115
13
221
68
116
191
130
4
240
62
36
117
60
125
85
72
198
194
57
183
164
142
239
204
19
168
146
138
64
67
87
214
103
108
234
225
235
131
153
206
40
104
76
58
232
170
14
70
166
22
205
20
16
25
26
169
83
211
106
208
200
43
77
158
35
192
53
212
188
173
119
55
7
23
129
178
98
224
156
159
246
222
42
34
122
218
247
172
163
84
243
127
121
126
180
109
111
8
167
176
99
46
10
45
82
114
79
215
113
237
187
177
220
249
238
63
15
0
94
248
209
227
241
5
9
182
2
226
157
242
196
107
152
230
65
54
112
195
149
236
245
228
193
93
