6
166
224
11
191
196
122
162
130
181
168
226
80
136
143
54
163
43
73
70
7
20
112
72
55
46
39
47
133
156
129
98
185
176
79
24
27
97
236
174
12
0
28
1
89
219
101
110
26
109
90
84
37
126
61
147
18
120
82
108
104
158
14
146
186
88
4
121
91
173
154
102
137
113
9
22
215
149
15
49
152
100
200
94
218
53
106
76
59
201
52
161
142
175
63
249
21
193
29
96
117
93
92
237
239
222
35
68
220
81
5
95
50
203
71
148
118
34
172
25
144
151
51
202
132
62
87
217
123
83
179
145
134
65
160
107
223
67
41
169
232
167
180
199
48
42
131
182
36
23
233
56
157
74
178
209
119
10
171
111
30
77
135
245
40
138
125
183
99
58
124
212
3
205
78
139
207
114
195
64
170
211
13
45
189
194
38
184
140
85
57
221
204
210
241
159
242
229
69
231
16
190
44
230
214
208
225
17
188
165
141
187
248
227
8
2
115
127
150
86
153
198
32
164
228
66
213
105
19
60
240
243
75
234
247
155
31
216
197
103
192
33
244
128
177
246
235
206
116
238
