44
162
174
111
120
187
180
103
25
225
37
75
95
104
154
127
123
210
47
67
122
73
4
88
201
49
132
52
102
233
7
41
133
135
33
65
34
18
62
45
134
138
85
23
165
2
80
125
70
131
24
140
64
27
181
42
26
139
110
10
196
90
12
172
83
207
128
66
30
63
28
79
109
98
82
58
158
99
112
216
152
188
3
195
72
39
130
189
200
192
51
143
54
155
48
5
137
169
17
215
121
214
184
1
166
141
92
156
94
161
226
167
230
15
197
182
153
76
236
61
175
243
124
77
183
21
206
213
114
31
36
179
199
38
9
69
194
223
60
78
100
115
218
159
217
163
227
96
105
136
107
8
0
35
97
190
86
53
242
46
55
193
211
119
29
108
116
113
185
222
91
56
240
148
234
20
117
229
164
19
74
126
147
22
146
198
157
57
246
144
145
208
151
160
150
220
43
129
247
186
224
50
93
238
231
237
203
101
68
171
204
212
14
202
11
245
235
59
118
232
81
178
149
168
13
209
221
142
248
40
191
228
87
106
241
176
6
71
219
170
89
177
205
173
84
239
32
244
16
249
