18
121
35
195
47
193
217
99
33
126
118
90
1
185
116
23
64
172
128
20
130
55
43
132
105
220
6
180
111
138
96
183
102
58
140
179
50
52
62
48
46
216
124
189
17
224
137
240
107
150
72
30
28
175
198
86
70
41
94
234
49
211
144
22
122
66
147
101
37
174
7
85
44
204
3
133
83
212
21
12
157
219
91
191
31
190
106
187
178
243
82
200
42
10
84
103
104
69
5
163
158
45
100
153
192
176
127
155
51
131
139
15
108
129
88
109
159
169
203
8
181
32
24
74
197
78
152
168
87
196
221
36
161
76
142
119
73
208
92
170
95
166
151
162
182
97
156
206
63
210
112
177
223
229
34
134
188
89
218
154
79
4
29
248
233
226
242
40
71
80
38
143
98
214
53
222
230
244
56
135
215
205
93
68
26
148
164
225
113
61
13
232
202
228
81
247
186
0
59
57
123
27
236
54
11
120
213
209
141
117
114
165
235
231
207
25
249
146
245
184
160
77
39
60
238
199
201
75
110
9
19
14
167
173
16
246
237
194
65
149
2
239
67
171
136
227
115
145
125
241
