59
20
139
143
29
76
72
113
174
67
62
45
13
75
118
0
145
203
115
82
19
168
53
63
156
141
131
95
11
221
16
52
71
155
236
219
17
55
98
66
37
23
60
227
54
56
150
195
162
169
88
198
122
73
3
99
49
189
193
10
210
190
157
102
30
182
132
46
186
109
64
42
111
158
4
244
96
211
103
94
183
47
79
138
165
9
112
124
136
65
108
170
51
194
5
18
27
110
41
21
164
104
135
128
8
180
22
205
38
149
163
220
188
35
1
116
154
90
250
204
166
43
92
230
142
58
107
179
32
86
243
199
44
36
129
228
173
25
197
160
172
196
237
226
191
206
130
201
50
213
15
80
137
33
14
84
40
39
89
77
70
225
231
69
85
48
61
209
101
184
177
114
28
91
161
74
134
105
208
125
148
144
87
240
152
218
229
212
238
12
119
167
202
181
200
153
117
223
239
192
106
233
146
133
57
68
207
100
93
24
187
121
140
2
6
185
176
224
175
126
248
78
34
249
245
215
241
234
26
216
147
127
242
232
214
97
151
222
123
81
235
7
31
83
120
159
171
178
217
246
247
