18
138
73
15
67
10
41
195
2
81
48
137
199
206
75
120
69
135
142
6
219
52
11
106
24
26
36
104
182
200
188
55
90
153
58
16
3
96
102
38
107
86
0
50
25
222
31
5
191
143
123
76
63
164
79
187
72
159
134
233
43
240
100
229
21
28
180
13
132
163
54
111
97
29
221
124
171
242
144
88
244
204
226
247
66
130
92
17
239
202
125
9
149
37
103
139
136
101
183
39
209
8
155
150
147
216
56
227
158
60
83
45
234
19
220
23
131
178
108
68
74
185
64
4
160
98
190
65
243
71
170
197
49
148
34
166
95
167
208
78
129
114
46
186
93
193
246
177
181
89
30
157
127
223
215
116
145
214
232
230
179
218
151
35
231
237
42
207
154
119
173
168
169
22
236
7
162
152
174
113
192
57
51
241
44
161
165
205
196
117
62
85
32
94
250
128
118
228
203
238
33
224
105
27
189
40
198
225
126
176
53
121
194
61
201
172
109
80
91
217
1
12
87
14
47
82
110
122
84
112
184
140
248
99
156
77
133
146
249
211
59
245
115
70
212
20
175
213
210
141
235
