57
26
97
174
134
169
148
87
189
210
75
137
84
31
3
181
36
30
29
80
162
64
179
121
233
32
225
122
193
223
113
166
217
89
115
132
228
105
129
24
195
55
28
116
138
15
5
83
1
146
125
164
135
215
139
85
213
206
237
25
76
226
40
63
142
66
163
79
242
118
94
92
22
192
52
222
103
78
41
72
7
201
197
19
180
110
62
131
221
9
114
199
227
234
183
82
198
34
119
190
194
168
109
104
111
95
149
204
124
65
33
8
176
74
23
88
61
4
67
212
205
56
98
86
10
101
200
239
136
247
160
20
203
50
248
17
170
231
77
202
107
156
0
58
235
143
42
68
13
93
59
238
167
216
240
218
243
245
38
209
220
100
117
161
214
172
182
130
70
165
123
241
73
6
112
90
224
49
54
16
48
53
11
232
126
196
159
46
44
219
21
187
185
47
102
152
175
141
208
45
81
144
12
120
147
158
18
69
71
151
230
2
246
14
127
37
188
140
153
155
51
150
27
35
39
43
60
91
96
99
106
108
128
133
145
154
157
171
173
177
178
184
186
191
207
211
229
236
244
249
