207
109
164
159
126
194
182
133
50
20
46
223
15
154
131
210
143
124
93
72
156
162
150
195
44
94
68
153
96
0
74
147
22
81
29
158
199
76
3
122
119
102
80
230
25
118
100
7
14
112
184
185
58
53
55
62
187
238
57
107
24
90
165
170
160
105
175
155
16
38
178
152
43
30
186
176
167
40
54
67
8
208
111
84
157
49
188
151
36
136
132
45
98
110
85
13
95
89
64
70
137
103
78
91
245
174
19
11
35
172
121
32
97
216
6
142
18
163
244
237
106
192
9
134
217
28
21
201
200
197
63
219
139
138
86
229
141
75
23
169
83
127
87
52
181
211
180
65
79
144
196
33
145
242
171
123
140
148
213
125
41
130
224
77
234
88
241
61
108
115
135
226
149
168
173
189
214
39
209
243
1
2
4
5
10
12
17
26
27
31
34
37
42
47
48
51
56
59
60
66
69
71
73
82
92
99
101
104
113
114
116
117
120
128
129
146
161
166
177
179
183
190
191
193
198
202
203
204
205
206
212
215
218
220
221
222
225
227
228
231
232
233
235
236
239
240
246
247
248
