84
6
219
197
225
40
212
70
58
181
37
77
38
86
233
78
50
126
229
72
57
154
67
63
62
59
120
106
36
7
137
54
228
146
64
187
17
147
162
173
66
2
75
3
118
163
52
169
79
30
221
44
165
161
132
39
112
213
144
192
189
15
60
45
170
184
47
205
8
99
158
224
85
116
222
201
1
111
149
194
34
129
239
247
133
98
207
71
24
155
76
244
83
102
180
81
150
88
131
217
22
171
97
14
241
195
108
134
91
227
191
109
198
143
100
73
12
69
193
231
29
151
153
115
167
56
157
145
13
185
127
5
9
53
124
82
232
117
46
41
110
152
235
135
178
96
215
55
220
90
20
19
136
175
43
230
202
206
199
11
240
164
107
172
105
103
156
125
68
138
93
174
89
95
114
51
200
196
35
123
92
159
139
177
218
176
21
128
101
243
122
248
4
226
32
188
48
23
148
130
16
238
26
49
74
10
94
203
25
246
140
237
87
214
209
121
166
31
211
42
216
28
113
142
33
61
179
186
204
141
80
223
249
0
182
168
104
183
160
210
190
65
18
245
208
236
119
27
234
242
