34
3
241
1
4
23
14
62
94
215
142
5
144
110
81
154
72
29
190
170
44
131
209
185
138
206
28
47
192
63
136
242
116
121
219
46
212
2
184
17
20
33
213
43
30
173
101
128
141
123
155
83
109
126
132
15
232
100
24
75
161
145
221
6
70
201
67
236
134
65
214
86
8
57
160
194
166
99
12
105
204
60
52
42
199
169
119
186
16
93
245
135
150
122
48
58
11
0
149
152
27
226
13
78
40
113
225
127
174
191
156
202
50
244
53
171
130
32
84
233
198
35
124
73
55
117
102
164
64
183
178
7
133
49
87
230
69
82
26
91
189
114
179
18
31
92
151
146
96
112
37
88
196
111
106
118
36
85
137
248
222
77
125
104
187
107
139
38
89
218
129
208
239
51
10
68
172
235
229
25
147
54
90
195
181
143
188
228
203
176
41
115
167
76
9
168
247
108
159
250
59
19
39
217
97
200
22
237
120
153
227
21
220
71
224
45
177
148
182
243
180
193
80
163
74
231
207
223
162
56
79
197
210
140
211
165
61
95
246
157
66
234
240
158
216
103
98
238
175
205
249
