182
179
111
50
33
175
135
164
95
66
37
92
168
54
46
155
25
98
103
191
80
161
68
19
197
112
4
147
183
79
10
52
11
203
45
76
65
126
187
9
40
49
130
109
8
14
193
153
36
53
22
106
69
169
64
2
74
1
110
90
137
83
15
213
60
13
0
134
212
99
102
48
17
58
185
62
100
42
63
150
85
228
20
160
238
23
93
229
190
196
152
104
108
225
75
86
224
39
7
113
143
67
57
121
223
138
97
163
88
146
173
129
172
47
72
127
170
217
5
151
157
188
133
30
176
71
32
78
41
209
205
31
208
159
136
171
122
180
70
219
59
194
89
192
165
24
198
55
204
240
94
21
34
222
44
162
132
120
145
87
234
81
221
107
214
232
201
233
27
28
166
211
115
43
243
128
38
189
235
116
18
218
101
149
241
154
3
167
124
206
227
177
117
61
141
51
231
96
220
200
35
202
144
139
16
158
210
6
125
29
114
119
148
174
181
131
244
245
73
230
77
140
242
236
156
216
226
56
82
12
84
91
118
142
186
184
239
105
123
195
207
237
199
215
26
178
