393
394
412
54
201
83
63
143
377
349
195
19
39
390
139
198
121
119
14
383
150
145
243
11
167
341
418
21
98
68
182
330
60
127
208
278
5
42
288
294
84
264
192
334
112
238
77
184
373
298
267
256
423
414
129
168
47
10
319
179
101
186
38
251
236
106
374
35
1
33
248
180
176
133
95
314
417
200
274
214
175
350
165
81
221
20
197
242
80
291
94
62
59
337
140
104
147
50
404
196
329
355
44
210
70
56
250
86
189
24
0
300
257
89
240
308
425
25
124
153
146
137
325
222
73
172
216
61
398
391
239
361
351
273
58
244
109
359
386
211
183
340
223
277
323
429
116
207
247
226
215
232
280
96
362
304
289
128
51
135
299
252
275
313
309
181
307
227
358
117
269
395
6
40
205
365
53
321
312
411
348
76
23
91
225
254
434
160
191
72
188
224
372
161
345
435
320
228
193
107
440
218
102
3
174
93
30
332
132
171
270
311
78
108
297
12
389
318
126
301
213
379
268
105
324
286
439
290
279
9
131
111
235
28
57
158
292
431
266
43
375
45
48
427
241
217
219
433
356
163
206
204
65
285
338
159
187
90
100
136
428
385
282
352
110
155
335
413
229
262
445
74
346
357
342
144
2
402
154
46
55
382
416
148
66
4
415
138
364
310
103
249
281
85
343
199
347
336
255
424
371
296
120
284
317
303
436
272
231
253
190
234
37
82
378
122
419
432
407
31
151
441
142
67
306
34
75
113
194
202
134
366
97
123
212
246
79
446
118
259
406
380
399
88
421
260
245
363
92
410
403
327
370
130
333
295
166
397
258
367
316
400
13
99
125
353
173
384
401
237
29
52
339
15
271
447
156
17
368
322
438
7
185
354
203
18
178
293
426
220
32
64
230
16
162
177
302
115
27
261
36
444
169
276
392
328
114
437
305
152
387
170
326
376
287
69
164
141
448
331
369
388
8
209
442
381
422
408
265
344
87
360
71
409
283
41
157
449
405
430
233
420
443
26
22
49
149
396
315
263
