100
1
35
91
12
73
97
169
77
102
5
71
171
164
101
25
87
147
40
56
161
26
72
63
36
0
70
75
148
49
7
192
112
64
51
84
126
80
42
157
11
39
174
109
47
81
85
131
67
129
16
38
23
18
120
92
30
152
21
45
166
78
68
135
132
79
20
113
168
57
143
37
184
189
130
66
141
60
175
46
2
107
17
138
74
154
122
59
179
32
165
121
93
183
128
8
118
52
145
159
55
108
13
54
119
177
140
9
82
15
19
105
22
34
41
88
114
124
160
182
176
83
90
156
10
146
116
163
53
167
172
178
95
103
48
62
86
193
181
117
170
185
186
106
28
133
134
4
65
136
50
43
173
142
33
187
6
69
98
110
115
125
151
44
158
162
191
96
190
31
123
127
139
155
180
144
3
14
61
89
149
153
94
24
27
29
58
76
99
104
111
137
150
188
194
