104
93
100
16
15
31
134
14
106
114
27
184
57
83
144
6
136
130
85
28
141
1
97
5
145
20
34
63
35
23
55
102
73
51
165
53
78
107
170
123
43
75
2
178
127
61
84
38
112
22
151
3
64
39
24
49
67
110
98
88
7
119
68
154
89
157
80
137
161
13
66
156
44
46
48
12
86
101
62
182
152
172
99
166
50
65
131
113
135
164
81
76
9
132
96
32
121
185
150
160
117
79
17
153
37
186
11
70
8
71
91
125
188
163
90
133
59
138
116
146
120
77
140
148
56
129
174
58
45
92
147
169
180
179
105
18
189
122
183
54
60
128
124
159
196
33
173
69
19
95
142
149
158
162
171
198
25
193
87
0
200
36
42
194
155
52
94
108
109
111
167
192
197
143
10
47
115
181
187
190
195
201
177
72
126
4
21
26
29
30
40
41
74
82
103
118
139
168
175
176
191
199
