458
263
158
76
88
165
129
111
304
336
130
85
383
93
444
58
125
343
413
113
275
291
420
188
169
470
399
187
84
140
114
408
210
171
462
425
415
388
178
312
334
238
90
497
215
348
119
402
51
19
380
52
269
252
179
41
96
428
266
254
416
499
135
496
66
451
124
484
209
164
170
148
355
302
6
181
9
72
1
162
159
131
442
233
321
265
424
450
20
21
352
273
46
50
63
439
311
167
214
218
317
208
292
235
368
61
26
67
256
11
92
340
377
379
28
16
488
326
107
136
243
95
82
257
430
285
64
472
361
459
376
212
174
222
36
83
168
363
177
27
351
55
199
5
251
32
109
328
86
268
217
94
354
144
153
412
231
347
385
290
240
414
112
319
471
434
220
200
474
227
360
409
160
152
242
332
277
467
237
276
426
396
161
483
267
207
372
122
248
42
282
138
77
432
22
35
232
476
284
221
186
391
33
337
400
280
455
370
398
40
224
345
322
101
213
493
261
393
384
166
23
419
369
71
47
4
116
418
306
115
236
397
134
198
279
362
364
105
381
141
287
453
106
14
407
480
410
226
293
445
310
31
239
87
219
137
81
373
367
117
102
382
89
37
423
38
45
156
315
196
62
7
300
69
491
146
203
120
272
25
303
34
417
447
325
157
350
259
189
487
204
53
246
435
73
211
24
65
494
316
60
281
229
283
79
0
431
163
375
68
70
180
57
264
2
43
241
250
255
305
225
481
394
485
446
448
39
299
245
271
390
132
297
192
175
422
155
223
433
465
201
320
477
365
288
473
389
308
182
59
464
314
54
289
438
479
294
357
346
358
126
17
127
139
183
342
78
104
339
405
318
307
338
44
202
330
378
295
401
80
323
329
258
349
185
260
228
356
456
205
176
150
230
147
443
366
244
149
172
216
121
395
437
296
301
460
234
29
13
128
392
173
457
3
490
97
463
48
274
404
18
110
403
151
406
286
449
253
191
278
454
353
324
15
475
142
195
313
154
429
56
440
466
452
498
143
30
184
49
194
91
335
478
492
441
133
145
436
206
344
327
75
468
190
118
374
99
331
341
103
10
12
371
74
421
249
469
486
461
98
123
387
427
193
359
8
411
482
197
489
386
270
100
495
298
333
247
262
108
309
