95
114
39
111
87
63
206
68
2
174
9
146
66
141
28
40
222
173
11
85
4
27
3
18
162
7
29
188
154
142
183
19
65
69
73
150
93
191
122
181
169
84
113
132
78
224
81
54
22
234
37
117
26
139
32
135
180
176
123
59
166
30
16
126
130
209
164
116
145
52
80
20
86
58
55
177
100
71
152
88
125
228
179
144
91
107
129
203
94
53
148
41
214
62
205
136
13
8
216
50
138
223
156
159
157
64
120
98
83
178
231
227
149
151
75
127
170
17
104
23
235
105
45
201
187
38
44
96
220
77
10
233
215
109
244
195
196
168
99
208
163
36
167
118
102
229
219
184
128
79
110
193
25
213
137
232
189
112
119
238
21
106
249
67
248
185
242
204
90
247
210
165
76
56
5
42
199
207
47
182
160
171
35
108
124
147
239
49
246
89
194
33
14
72
48
57
133
101
211
221
155
70
60
43
82
175
197
218
161
115
121
190
46
12
143
158
134
61
97
240
24
92
1
172
103
153
140
6
51
212
202
217
131
198
237
245
192
15
200
34
31
236
186
243
0
226
74
225
241
230
