107
35
173
92
30
194
146
195
180
193
142
22
130
19
108
76
134
71
112
6
75
185
68
88
3
220
147
154
171
54
164
64
231
84
11
182
201
36
152
62
229
210
125
192
233
212
247
97
66
113
48
209
44
122
14
188
80
120
208
99
111
0
144
138
137
21
58
31
73
60
32
59
215
24
213
17
109
166
198
240
28
57
47
9
91
2
98
167
184
40
41
7
67
39
131
118
83
114
133
5
45
148
15
246
230
1
49
143
33
140
149
190
50
105
158
200
155
159
177
102
115
181
151
16
202
214
205
121
129
69
127
228
74
13
178
18
141
232
135
244
217
77
101
176
81
224
89
168
227
126
85
150
238
161
237
225
79
222
123
203
37
211
191
204
117
95
169
163
42
216
51
4
94
223
78
234
170
90
179
183
174
186
156
243
12
52
199
132
128
96
110
157
27
196
165
241
70
20
65
72
106
100
136
10
139
87
26
172
29
119
124
242
245
103
221
46
207
145
249
236
239
160
8
162
116
23
43
206
82
218
53
55
235
25
34
56
63
86
93
153
248
38
61
104
175
187
189
197
219
226
