119
109
13
133
130
44
165
35
7
21
112
193
183
1
82
131
48
18
58
31
99
27
118
69
113
158
190
110
97
57
72
9
105
116
152
24
199
153
38
5
132
192
74
107
60
33
4
32
63
59
148
175
54
8
3
121
26
168
23
103
37
100
149
78
49
19
65
123
185
93
177
50
157
96
146
115
147
166
171
154
25
45
174
140
77
47
95
14
179
90
94
134
181
73
136
75
114
129
128
36
92
10
102
41
104
81
53
87
151
76
51
141
142
71
16
124
108
172
0
162
79
39
29
98
11
46
83
195
20
163
42
161
196
34
70
120
88
156
127
64
55
28
66
137
126
182
144
184
80
191
160
61
164
101
180
40
52
22
15
62
6
159
67
167
139
106
138
155
17
198
12
86
56
68
111
178
43
145
2
135
173
125
170
188
169
194
186
85
143
187
122
189
89
117
197
30
84
91
150
176
