35
21
0
120
91
53
34
99
61
68
163
13
5
74
90
96
2
126
59
88
30
116
20
36
37
139
57
8
32
9
84
193
87
31
142
25
132
166
98
23
161
167
97
136
130
47
115
106
48
95
10
160
189
152
77
51
114
178
40
195
174
159
140
55
83
147
86
69
108
125
102
143
128
1
150
76
127
78
52
63
72
24
112
94
141
146
64
124
164
89
73
186
121
173
111
110
62
44
151
71
60
11
39
26
188
85
169
172
15
156
118
67
190
41
93
171
192
28
33
29
50
17
46
45
184
154
79
27
196
3
148
180
75
58
187
170
19
119
131
197
134
129
54
135
4
175
144
16
103
104
12
155
14
183
198
113
191
162
101
177
81
168
133
176
105
18
80
107
138
122
165
149
65
100
179
123
182
22
70
199
194
117
49
153
109
43
181
82
7
42
137
185
92
56
158
6
38
66
145
157
