191
227
161
5
38
46
79
106
93
219
246
90
164
32
110
114
225
80
64
185
228
115
29
152
102
7
187
8
3
31
103
104
190
240
127
242
194
157
211
101
107
132
99
111
201
120
221
183
119
81
20
36
144
169
116
95
68
10
66
42
143
25
19
49
131
35
45
117
67
1
218
231
44
159
85
59
151
15
160
140
129
137
217
153
135
50
145
53
0
88
91
13
118
60
6
30
14
78
77
47
51
69
232
238
147
181
177
92
247
86
48
229
172
200
11
148
235
41
58
89
139
244
156
56
163
97
65
173
204
234
216
202
213
203
40
226
171
248
96
82
146
122
12
133
94
179
138
210
236
73
72
184
158
141
43
124
193
180
125
37
74
27
165
126
84
195
23
142
113
18
150
75
54
33
70
21
178
207
192
149
39
136
186
108
212
215
220
175
230
105
123
209
17
76
162
168
170
22
26
52
2
83
214
196
224
4
237
206
249
198
233
239
9
16
24
28
34
55
57
61
62
63
71
87
98
100
109
112
121
128
130
134
154
155
166
167
174
176
182
188
189
197
199
205
208
222
223
241
243
245
