1
70
52
61
181
153
67
89
80
29
16
71
32
13
48
161
140
200
171
23
185
72
40
9
209
117
21
44
58
132
135
145
114
173
198
73
124
142
90
105
130
81
3
37
45
152
180
125
178
63
150
50
0
42
226
15
93
36
235
204
141
233
172
55
121
82
186
227
223
158
53
127
86
208
94
191
99
197
210
7
148
100
78
246
236
250
38
104
163
159
154
214
112
133
47
85
224
31
59
218
219
28
187
12
4
111
169
27
91
230
77
41
33
170
202
155
138
216
88
22
174
247
68
136
162
74
26
175
116
49
164
54
113
134
222
30
240
190
215
144
166
115
157
213
87
123
183
229
156
119
221
199
2
34
95
176
25
160
101
79
10
107
97
106
245
118
83
76
206
244
165
188
122
98
182
65
128
217
20
193
194
60
149
39
239
64
237
108
5
51
129
225
109
84
196
14
147
131
184
143
192
75
57
212
207
168
92
232
179
234
248
146
242
103
205
167
102
46
6
11
139
19
241
18
211
243
120
62
238
96
43
24
231
203
17
201
228
35
177
220
110
249
69
151
189
8
126
137
66
56
195
