219
106
134
189
128
369
374
16
48
196
171
284
136
140
105
44
212
169
229
39
144
76
216
174
294
116
156
45
152
258
165
208
62
42
184
36
79
209
29
220
55
351
286
384
372
230
179
33
205
120
370
226
311
306
304
227
4
93
381
163
72
259
340
34
102
10
112
27
326
86
150
65
83
54
255
327
32
84
349
291
126
108
66
234
199
241
160
188
210
388
53
77
231
180
364
377
289
236
40
350
222
190
71
139
367
145
125
121
135
167
238
263
300
95
0
100
197
348
3
107
14
175
49
63
17
204
70
302
355
129
191
2
173
111
324
155
91
170
15
38
75
332
12
159
21
50
148
110
141
267
37
22
30
73
279
378
124
266
47
391
386
297
181
328
247
334
183
67
182
85
104
256
201
87
123
153
146
271
283
223
371
333
295
353
192
290
68
242
245
90
211
218
31
321
6
57
317
248
103
243
200
217
293
109
88
298
235
323
346
206
59
195
11
143
28
305
61
318
166
194
244
97
345
23
285
356
376
272
246
117
270
319
274
335
313
69
98
225
228
344
151
303
13
114
137
81
101
138
119
122
310
96
74
214
252
330
339
207
193
383
1
92
363
147
262
168
329
25
142
379
380
398
315
56
5
288
361
18
390
292
94
157
46
264
347
161
198
251
281
8
43
237
186
154
221
239
331
316
287
127
299
352
250
113
177
249
224
149
52
275
261
24
232
213
277
60
176
307
282
99
268
396
312
82
265
358
41
341
296
51
185
322
394
80
392
178
118
276
78
360
64
375
357
130
131
365
325
89
343
240
362
9
368
393
187
172
26
273
387
269
35
338
336
164
309
233
399
19
337
158
253
320
278
314
397
385
257
20
382
359
354
308
342
203
280
7
202
215
132
162
260
301
366
373
133
58
389
115
254
395
