531
2520
21
689
402
1373
970
1881
1912
971
895
1033
395
2442
794
2204
2440
1195
2041
1178
354
1240
2259
967
977
966
969
973
1782
609
2501
2506
830
1962
2502
2503
1025
245
1398
1212
2206
1149
1233
1236
391
262
1172
1173
1177
1027
1812
1024
224
328
1197
2253
1241
1243
1244
890
2247
2361
1237
1242
2205
1974
2095
2126
2422
2591
1213
1806
1807
694
975
942
1028
2406
1503
243
1858
645
2256
704
1988
108
951
143
98
272
2411
105
1155
574
2458
2248
1744
2249
1411
1369
249
707
652
819
2468
834
1348
2333
927
587
238
725
247
695
94
274
1353
2098
2291
1589
1352
1554
955
961
952
957
959
962
1522
1216
1520
126
2569
2579
758
1370
1592
1584
690
1591
1319
1144
302
723
60
493
2431
1526
1665
2580
207
1201
314
500
2016
226
404
639
223
2448
1993
2053
757
647
754
1965
1523
1400
786
1245
2254
1423
1982
2025
2189
2514
2604
2266
933
419
783
1949
1951
1953
1958
1959
1946
1948
1957
868
2121
2450
2498
781
691
496
1250
1403
344
2084
2132
400
624
1840
38
495
1322
853
2611
255
1225
1466
627
2228
2269
2415
2416
2417
2444
379
179
2033
2066
63
1269
99
700
2328
681
2201
26
2024
401
1175
1983
684
1324
1034
701
1226
169
2546
611
1561
818
902
1304
1323
1325
346
2120
651
2321
1043
979
2609
636
1559
1208
692
2589
279
1539
2251
702
727
2124
0
721
2565
615
1919
1920
621
1220
1809
1813
2257
622
2524
2526
2527
805
250
1010
420
1862
1887
2602
24
2
2357
1363
2244
347
1562
2545
10
9
488
1525
2578
397
2023
2368
16
537
23
842
953
25
1518
614
393
398
1824
204
1767
399
394
685
591
311
8
2439
186
242
2543
7
928
1560
936
3
4
2252
2255
512
264
1766
1202
2388
1808
682
1848
693
1765
246
2043
1125
1005
2246
905
784
35
520
192
479
96
1259
1262
1528
1578
683
1599
1602
1360
1126
1768
1221
170
141
2004
2005
923
1391
2042
1
1402
1847
930
2529
288
276
501
637
983
139
891
1558
248
1468
2389
2334
847
934
1975
606
668
687
1577
2472
2474
1190
14
221
43
2239
1966
1992
62
307
2394
612
712
1770
1917
2289
788
20
320
383
2000
349
646
1377
1404
1418
1443
1569
1678
1851
1909
2006
2008
2111
2174
2175
2187
2317
2427
2456
2466
2509
1209
617
319
1017
187
13
295
632
1224
405
1576
922
2338
2377
619
2522
182
300
991
2278
227
1956
2386
270
263
897
1222
222
1215
1339
1760
1761
2210
2211
2213
572
903
2605
791
1187
2434
189
220
1183
1305
1343
1519
2010
2109
2185
2279
2387
168
236
298
312
376
388
735
939
1316
1413
1849
1942
2198
2412
1566
1907
2165
308
1823
2575
2600
155
373
557
657
703
904
926
1379
122
188
406
790
56
317
650
849
898
1001
1016
1420
1905
913
11
46
846
974
1334
1362
1593
2395
2488
27
132
133
156
176
237
592
613
857
858
1147
1306
1425
1547
1588
1621
1681
1945
2072
2135
2449
45
127
505
509
539
744
860
1135
1786
1911
2577
164
291
296
510
1619
1941
1943
2378
61
620
644
1003
1552
1831
2035
2064
2071
2300
2463
377
519
822
921
954
1230
1536
2614
42
135
191
507
511
713
925
943
1307
2582
131
163
166
217
796
856
1217
1473
1581
2225
140
177
190
706
908
940
1227
1442
1540
1596
1739
1994
2129
2322
146
421
482
710
795
1018
1142
1218
1366
1590
1763
1913
2234
2320
2371
2413
2414
2598
2603
47
214
708
709
737
825
1601
1609
2026
2027
2200
2441
12
15
32
33
39
40
41
44
48
49
53
54
64
101
102
103
875
1174
1145
1246
2521
843
793
2293
844
1987
870
1906
787
1586
1587
2336
872
1032
2329
1150
1661
1265
2382
2295
2324
2337
2226
894
1349
1463
553
2369
871
2544
201
1169
1079
2330
1464
2003
718
2325
869
407
1279
1332
573
1331
1284
874
1663
1080
2275
1260
1450
6
506
1199
1931
1756
720
490
1176
1247
408
2551
2590
5
561
1282
1877
654
1198
1318
564
1989
2140
2141
2142
2143
2363
1876
2373
1330
2067
2089
1299
1903
1276
1280
1154
1249
1996
2139
2447
2523
1499
1506
2359
37
293
273
281
516
517
2470
2572
202
203
208
356
544
756
1168
1397
1549
2076
2077
2080
2238
2240
2407
323
556
109
808
878
2212
2214
2218
65
831
1329
1365
1757
1758
2237
2351
2397
2435
2558
2585
144
228
380
386
522
659
873
906
1038
1133
1346
1347
1381
1579
1622
1626
1780
1821
1893
2564
610
1345
1375
1624
1658
1979
1995
2114
2560
268
382
670
881
1007
1031
1270
1277
1290
1465
1625
1632
2576
57
193
233
261
267
269
351
375
378
478
559
672
730
984
1182
1355
1390
1416
1445
1449
1502
1548
1608
1636
1745
1857
1861
1875
2075
2096
2154
2182
2199
2299
2460
2519
2597
83
84
129
130
160
181
185
205
211
212
219
231
275
282
283
303
322
352
353
390
415
532
533
536
551
555
569
577
578
608
661
663
697
719
733
734
742
816
851
854
867
911
950
963
964
980
981
982
1009
1019
1036
1081
1151
1152
1165
1186
1189
1232
1286
1287
1308
1312
1358
1361
1392
1408
1409
1421
1428
1433
1440
1471
1498
1507
1510
1511
1531
1533
1534
1544
1545
1550
1570
1571
1573
1611
1615
1617
1656
1657
1675
1683
1750
1753
1778
1869
1870
1899
1925
1926
1939
1940
1977
1997
2044
2046
2047
2049
2055
2062
2068
2074
2083
2092
2118
2145
2147
2150
2151
2170
2196
2264
2296
2350
2354
2355
2381
2392
2399
2402
2404
2405
2423
2424
2426
2429
2516
2517
2535
2536
2550
2561
2562
2566
2587
2588
58
111
285
325
326
372
492
508
514
662
736
807
845
987
1132
1310
1406
1472
1486
1491
1494
1521
1664
1682
1749
1938
2051
2163
2164
2183
2283
2310
2358
2432
2433
2436
2437
2478
2479
28
97
113
114
184
232
278
289
310
324
374
389
475
477
480
484
494
521
538
540
542
548
565
641
673
705
731
732
792
801
832
833
877
879
1030
1191
1205
1292
1293
1364
1376
1393
1395
1417
1441
1444
1454
1475
1476
1477
1490
1493
1504
1530
1563
1564
1610
1613
1635
1685
1742
1771
1772
1852
1853
1860
1890
1895
1896
1910
1915
1918
2015
2018
2050
2090
2100
2112
2113
2162
2173
2179
2219
2265
2276
2282
2297
2374
2376
2383
2428
2490
2491
2531
2540
2584
2599
17
18
22
55
59
112
121
159
161
210
343
345
355
414
489
570
571
576
590
601
618
638
640
658
660
669
717
755
789
852
859
914
989
1012
1196
1248
1272
1294
1380
1382
1407
1412
1462
1487
1488
1492
1495
1496
1505
1514
1529
1532
1553
1556
1594
1623
1628
1646
1740
1773
1811
1835
1836
1839
1842
1873
1880
1889
1892
1894
1904
1914
1935
1967
1968
1978
1980
1981
1986
2002
2007
2057
2069
2110
2161
2207
2235
2314
2339
2372
2375
2384
2385
2421
2469
2476
2559
2592
2610
2612
2615
36
66
67
68
100
107
110
158
209
216
218
230
260
277
280
284
286
290
309
315
316
342
350
381
385
418
422
476
483
491
503
504
535
543
549
550
552
554
558
560
562
563
568
575
589
607
629
630
649
671
686
711
729
738
739
741
743
802
803
804
811
817
823
827
835
836
848
850
855
892
900
901
909
910
915
916
941
947
949
988
990
1004
1008
1035
1129
1130
1134
1153
1156
1157
1158
1160
1161
1162
1164
1167
1180
1185
1188
1200
1229
1267
1274
1278
1281
1285
1289
1291
1297
1301
1309
1315
1338
1344
1350
1378
1389
1399
1414
1415
1419
1422
1424
1432
1478
1480
1497
1500
1501
1509
1515
1516
1517
1557
1572
1574
1575
1580
1603
1604
1616
1618
1620
1627
1634
1637
1638
1640
1641
1642
1644
1649
1650
1651
1655
1662
1684
1748
1751
1752
1754
1759
1769
1774
1777
1779
1789
1818
1819
1820
1822
1834
1838
1844
1855
1859
1871
1891
1897
1900
1901
1908
1916
1932
1944
1976
1984
1991
2001
2011
2014
2021
2045
2048
2058
2060
2079
2085
2091
2093
2097
2117
2119
2130
2131
2133
2134
2136
2138
2144
2146
2148
2152
2153
2166
2167
2168
2176
2178
2180
2181
2197
2209
2215
2217
2223
2227
2261
2262
2263
2280
2284
2288
2305
2315
2319
2323
2356
2362
2380
2391
2396
2398
2408
2410
2425
2451
2452
2453
2454
2455
2473
2475
2477
2480
2481
2482
2483
2512
2518
2528
2530
2532
2534
2539
2541
2542
2547
2549
2563
2571
2583
2608
2613
2616
301
912
937
1166
1283
1288
1342
1351
1356
1741
1775
1832
2059
2116
2538
2570
2581
19
29
30
31
34
50
51
52
69
70
71
72
73
74
75
76
77
78
79
80
81
82
85
86
87
88
89
90
91
92
93
95
104
106
115
116
117
118
119
120
123
124
125
128
134
136
137
138
142
145
147
148
149
150
151
152
153
154
157
162
165
167
171
172
173
174
175
178
180
183
194
195
196
197
198
199
200
206
213
215
225
229
234
235
239
240
241
244
251
252
253
254
256
257
258
259
265
266
271
287
292
294
297
299
304
305
306
313
318
321
327
329
330
331
332
333
334
335
336
337
338
339
340
341
348
357
358
359
360
361
362
363
364
365
366
367
368
369
370
371
384
387
392
396
403
409
410
411
412
413
416
417
423
424
425
426
427
428
429
430
431
432
433
434
435
436
437
438
439
440
441
442
443
444
445
446
447
448
449
450
451
452
453
454
455
456
457
458
459
460
461
462
463
464
465
466
467
468
469
470
471
472
473
474
481
485
486
487
497
498
499
502
513
515
518
523
524
525
526
527
528
529
530
534
541
545
546
547
566
567
579
580
581
582
583
584
585
586
588
593
594
595
596
597
598
599
600
602
603
604
605
616
623
625
626
628
631
633
634
635
642
643
648
653
655
656
664
665
666
667
674
675
676
677
678
679
680
688
696
698
699
714
715
716
722
724
726
728
740
745
746
747
748
749
750
751
752
753
759
760
761
762
763
764
765
766
767
768
769
770
771
772
773
774
775
776
777
778
779
780
782
785
797
798
799
800
806
809
810
812
813
814
815
820
821
824
826
828
829
837
838
839
840
841
861
862
863
864
865
866
876
880
882
883
884
885
886
887
888
889
893
896
899
907
917
918
919
920
924
929
931
932
935
938
944
945
946
948
956
958
960
965
968
972
976
978
985
986
992
993
994
995
996
997
998
999
1000
1002
1006
1011
1013
1014
1015
1020
1021
1022
1023
1026
1029
1037
1039
1040
1041
1042
1044
1045
1046
1047
1048
1049
1050
1051
1052
1053
1054
1055
1056
1057
1058
1059
1060
1061
1062
1063
1064
1065
1066
1067
1068
1069
1070
1071
1072
1073
1074
1075
1076
1077
1078
1082
1083
1084
1085
1086
1087
1088
1089
1090
1091
1092
1093
1094
1095
1096
1097
1098
1099
1100
1101
1102
1103
1104
1105
1106
1107
1108
1109
1110
1111
1112
1113
1114
1115
1116
1117
1118
1119
1120
1121
1122
1123
1124
1127
1128
1131
1136
1137
1138
1139
1140
1141
1143
1146
1148
1159
1163
1170
1171
1179
1181
1184
1192
1193
1194
1203
1204
1206
1207
1210
1211
1214
1219
1223
1228
1231
1234
1235
1238
1239
1251
1252
1253
1254
1255
1256
1257
1258
1261
1263
1264
1266
1268
1271
1273
1275
1295
1296
1298
1300
1302
1303
1311
1313
1314
1317
1320
1321
1326
1327
1328
1333
1335
1336
1337
1340
1341
1354
1357
1359
1367
1368
1371
1372
1374
1383
1384
1385
1386
1387
1388
1394
1396
1401
1405
1410
1426
1427
1429
1430
1431
1434
1435
1436
1437
1438
1439
1446
1447
1448
1451
1452
1453
1455
1456
1457
1458
1459
1460
1461
1467
1469
1470
1474
1479
1481
1482
1483
1484
1485
1489
1508
1512
1513
1524
1527
1535
1537
1538
1541
1542
1543
1546
1551
1555
1565
1567
1568
1582
1583
1585
1595
1597
1598
1600
1605
1606
1607
1612
1614
1629
1630
1631
1633
1639
1643
1645
1647
1648
1652
1653
1654
1659
1660
1666
1667
1668
1669
1670
1671
1672
1673
1674
1676
1677
1679
1680
1686
1687
1688
1689
1690
1691
1692
1693
1694
1695
1696
1697
1698
1699
1700
1701
1702
1703
1704
1705
1706
1707
1708
1709
1710
1711
1712
1713
1714
1715
1716
1717
1718
1719
1720
1721
1722
1723
1724
1725
1726
1727
1728
1729
1730
1731
1732
1733
1734
1735
1736
1737
1738
1743
1746
1747
1755
1762
1764
1776
1781
1783
1784
1785
1787
1788
1790
1791
1792
1793
1794
1795
1796
1797
1798
1799
1800
1801
1802
1803
1804
1805
1810
1814
1815
1816
1817
1825
1826
1827
1828
1829
1830
1833
1837
1841
1843
1845
1846
1850
1854
1856
1863
1864
1865
1866
1867
1868
1872
1874
1878
1879
1882
1883
1884
1885
1886
1888
1898
1902
1921
1922
1923
1924
1927
1928
1929
1930
1933
1934
1936
1937
1947
1950
1952
1954
1955
1960
1961
1963
1964
1969
1970
1971
1972
1973
1985
1990
1998
1999
2009
2012
2013
2017
2019
2020
2022
2028
2029
2030
2031
2032
2034
2036
2037
2038
2039
2040
2052
2054
2056
2061
2063
2065
2070
2073
2078
2081
2082
2086
2087
2088
2094
2099
2101
2102
2103
2104
2105
2106
2107
2108
2115
2122
2123
2125
2127
2128
2137
2149
2155
2156
2157
2158
2159
2160
2169
2171
2172
2177
2184
2186
2188
2190
2191
2192
2193
2194
2195
2202
2203
2208
2216
2220
2221
2222
2224
2229
2230
2231
2232
2233
2236
2241
2242
2243
2245
2250
2258
2260
2267
2268
2270
2271
2272
2273
2274
2277
2281
2285
2286
2287
2290
2292
2294
2298
2301
2302
2303
2304
2306
2307
2308
2309
2311
2312
2313
2316
2318
2326
2327
2331
2332
2335
2340
2341
2342
2343
2344
2345
2346
2347
2348
2349
2352
2353
2360
2364
2365
2366
2367
2370
2379
2390
2393
2400
2401
2403
2409
2418
2419
2420
2430
2438
2443
2445
2446
2457
2459
2461
2462
2464
2465
2467
2471
2484
2485
2486
2487
2489
2492
2493
2494
2495
2496
2497
2499
2500
2504
2505
2507
2508
2510
2511
2513
2515
2525
2533
2537
2548
2552
2553
2554
2555
2556
2557
2567
2568
2573
2574
2586
2593
2594
2595
2596
2601
2606
2607
2617
