418
1109
2235
417
419
657
743
722
2237
486
751
739
1267
659
735
1938
1012
1010
485
737
456
4573
833
1120
965
579
2
661
1009
569
38
2207
2824
580
573
3199
3480
744
731
966
1744
864
2169
455
3665
1013
655
184
2228
488
576
1936
2245
61
2234
741
575
577
2233
658
721
2227
723
3198
3200
572
86
785
154
740
235
571
2888
124
727
570
457
1108
1741
1932
4938
2029
1163
2403
1740
145
1934
2236
526
165
439
660
2960
539
2411
3027
738
709
1106
915
230
431
119
1706
433
229
1935
742
4894
546
3780
174
2196
49
2226
605
87
1011
787
429
66
3
2285
11
2230
69
2577
3782
129
730
444
137
142
957
838
512
644
2303
1116
2260
1739
892
231
254
4748
865
4487
177
1460
1125
619
135
3366
168
934
646
1355
1937
629
3515
484
424
729
3225
153
2294
834
190
163
1098
2767
1269
461
1456
1774
920
555
2104
1115
513
143
242
16
1268
617
725
945
187
718
515
1708
1107
1074
117
2021
197
2232
620
1457
482
960
77
597
178
2107
4454
2231
1496
67
179
794
262
1068
747
4
83
4230
4049
125
2022
133
2929
78
459
1802
2114
4591
134
720
814
2299
4867
590
728
2409
706
1940
621
2401
1132
196
846
3110
1206
514
736
853
855
3130
234
1505
3781
812
33
180
2465
3131
2197
92
171
138
176
4604
2652
144
3572
4048
749
1359
1751
1044
1252
933
4409
252
745
1351
2582
3047
3784
3924
4059
4404
2284
3592
74
1763
493
969
122
263
783
2015
3822
4250
734
4039
1058
1070
1043
4070
510
932
1196
1087
509
689
1080
975
84
664
1085
2926
1067
1531
1524
2588
2606
4689
4165
858
805
436
136
1155
2955
1469
2407
1171
4450
128
754
261
2502
811
2760
2298
1290
2735
2436
64
1250
2864
123
2764
220
872
2123
1066
126
1929
1415
2863
2653
227
4439
1314
990
3587
896
1399
173
530
936
141
73
169
4412
968
2376
2330
7
724
2195
4630
4081
490
4508
1912
912
2122
908
2736
207
4064
887
603
2293
2257
121
156
1797
4440
2584
1363
4700
1378
2350
541
1498
639
205
758
463
1950
2458
2843
4550
2820
3741
1465
2444
2471
1344
3060
152
1059
759
3756
981
82
3661
1970
47
3778
4032
2364
2211
3208
192
48
99
1207
3901
3755
59
1400
2024
3033
5080
434
1746
3758
3847
1129
1787
158
1140
3129
1279
413
2865
1045
2622
12
175
1681
2225
3508
1358
95
815
1474
4291
2296
5
1349
997
3217
4476
3836
2242
219
778
906
2624
613
4398
1752
755
3672
2131
939
3726
160
757
1119
1886
3187
1472
615
1094
1114
421
2288
1200
756
1380
585
4699
2305
3196
1806
1767
536
451
3986
1473
437
185
671
3777
182
1362
15
1973
817
1173
1820
2120
522
782
1215
528
3302
1389
5006
2012
516
467
3676
921
1071
2679
218
951
1136
1244
1003
1036
1759
2190
4124
3743
2383
989
3849
1551
1734
928
517
1076
161
4934
3415
2121
2099
2848
1165
1161
3752
3303
5013
3278
3186
4947
645
3253
1756
166
2564
4447
1158
1839
470
832
1156
30
1403
1398
606
189
2010
925
919
465
2754
2641
680
407
497
3995
256
2796
2648
2490
3479
442
2639
1356
3707
2130
2725
462
155
1123
104
1251
1810
2435
3156
2879
842
2665
3988
2654
2944
1192
2096
17
3274
3753
2594
3141
57
4498
1536
54
1259
1336
3760
1547
980
3375
943
3839
415
2023
2470
4467
3114
708
511
1424
4089
1065
130
131
3040
103
942
1388
926
1188
4228
3894
3061
428
959
1447
2943
139
427
4816
1425
3117
2419
1527
1057
870
2026
1061
2949
2973
72
866
2078
2051
2028
4369
1055
224
548
426
1782
1157
950
1906
1307
253
211
847
2726
1233
4909
2778
2317
1029
492
1458
991
1348
1945
899
167
3462
2788
1675
89
1230
1410
4388
1411
202
971
1274
4970
2968
42
4186
600
733
851
496
4386
2570
3112
871
1523
2972
2569
226
4367
3261
1686
1346
4509
753
1172
4007
1229
4026
4620
1881
195
1989
1354
4468
789
2620
1118
4618
2925
2065
247
922
4837
799
2803
2091
2003
1905
904
3331
3900
2637
873
4328
3629
2774
3184
4346
2886
1077
101
2379
695
90
2759
2164
26
1166
1248
4202
2135
3492
96
1943
4084
1557
2017
2894
3074
2717
941
2200
4150
37
2052
1366
935
4923
2811
1679
3808
618
1382
761
923
3627
2928
1467
3690
964
2734
3323
983
2042
972
2634
2610
3143
116
1791
1102
1310
876
800
4665
1064
4254
4547
956
544
3325
3326
1237
2911
2082
3513
1405
468
248
843
1298
1170
476
1961
2558
1397
2799
2881
2203
3263
4933
1406
1387
170
771
2314
554
1838
1491
2159
3946
449
2045
19
2507
907
2706
259
3595
3216
558
1903
140
91
2631
1347
2999
2771
937
223
1175
1404
2732
2737
1988
4811
1761
2728
3467
1329
258
1295
1558
1419
2366
2749
4560
1056
2472
3446
3885
495
8
3807
1228
4561
2004
2336
542
1245
2425
1299
1402
147
3412
3324
1
2119
2730
879
3840
412
1534
2630
4469
2724
2426
2008
3998
2595
1117
903
3265
3493
1226
4754
1962
3363
2794
481
3511
4190
938
2191
63
460
1801
852
2133
65
3149
97
2711
3188
236
3404
874
3102
1540
4309
1525
1553
1733
2581
1353
2611
3349
1552
2555
3725
553
1258
1470
2814
1147
4495
538
910
2115
1337
2101
3668
1246
2047
406
1345
2964
4497
114
2544
3007
479
3893
1450
251
2599
930
667
2840
551
2924
1024
2348
1092
976
1081
3093
1965
2072
5098
2523
958
2870
1475
854
4080
3593
608
609
3981
1169
607
1241
1927
3018
1816
1818
2772
4574
2102
3535
2382
2394
1701
2912
766
464
250
798
3269
1901
4470
2025
3327
1996
550
952
1926
1468
2059
1542
3976
2816
2656
2092
545
1981
2095
2058
2428
2966
4082
1888
837
98
4681
1992
774
3580
4381
2393
4975
3645
4140
3953
447
2984
1798
2320
2084
4937
2623
2422
1069
1078
3062
1556
3091
4801
2146
523
4590
3397
835
1800
902
120
4280
3270
2067
2110
1538
1702
2839
4126
2782
1910
1041
1249
1530
118
5086
1185
2621
3525
4178
1146
2324
3290
2153
2132
4507
1046
1448
1220
1007
1019
3019
3874
2756
2913
2783
1291
3293
3400
901
3139
4908
4868
1698
3054
1103
111
112
113
266
267
268
269
270
271
272
273
274
275
276
277
278
279
280
281
282
283
284
285
286
287
288
289
290
291
292
293
294
295
296
297
298
299
300
301
302
303
304
305
306
307
308
309
310
311
312
313
314
4426
3788
3790
4427
3733
3766
4803
4805
2265
4499
4861
2259
2269
4428
4804
4806
4862
748
2013
4279
3791
1370
2244
3249
2262
1416
3227
2484
2282
2279
1459
2280
2255
2261
3789
1494
2281
2466
2240
1211
2492
2016
746
483
3053
2271
1372
3132
2208
4706
3542
4525
1369
2283
2297
1379
562
2766
4127
732
4267
1928
2246
5008
1342
3457
2668
1130
4292
3194
2332
2300
4943
2405
3949
652
3759
2263
2341
2213
1365
2247
1476
2995
3526
1948
2962
863
4053
1933
4945
1327
3534
1930
1931
3223
914
4931
3364
5004
2413
2276
4117
3501
3182
4376
4728
3928
4358
3568
4281
1008
1376
3168
6
1738
2404
2209
5081
3597
4664
4177
2277
2384
416
2367
1747
804
1745
2408
1384
3732
3761
4527
3623
5053
2273
193
4582
2215
79
1263
3666
1124
654
4559
2274
2250
2866
3680
2571
5064
2959
5011
18
4781
859
5012
2221
1377
808
656
875
2616
2625
1318
781
2825
3212
4217
916
1341
4278
2533
1743
2661
2664
62
780
489
2682
2108
1375
2852
1373
3035
1682
71
4581
2139
2683
4413
4855
581
1004
2175
1685
1204
2217
2389
1364
2480
2789
2178
2684
1750
208
27
75
2529
2238
1703
505
4012
2386
1317
3608
2948
52
24
1749
2301
32
1201
1203
824
4395
2662
963
1513
4480
1946
2718
2304
88
2823
823
1941
2615
3569
3673
430
1328
4884
2219
3071
3231
1678
2141
1413
3485
4290
3902
2252
1754
2220
3650
4271
2212
4619
3966
3571
2461
4817
1549
2266
70
2177
2967
1488
1261
4067
2874
35
85
2640
1126
2587
574
2206
909
4414
4944
3328
454
2937
673
4603
1383
39
2243
4069
5104
877
1900
1141
14
3779
4924
2155
4991
2566
3343
2535
194
913
953
1235
201
5079
23
1264
4616
1368
43
4245
3664
2267
2272
4483
3950
1414
3252
1093
2685
2686
1282
2180
1381
3271
2222
614
4895
4993
3098
2248
674
2223
1082
3244
4946
1257
4769
2388
3720
3564
1707
4732
4733
3458
1205
2957
0
1939
2216
2872
4316
2239
822
2034
3683
3512
803
1281
4327
954
836
1367
1075
1322
2179
1333
2568
3016
1167
1127
4229
4885
944
1688
5063
494
149
4967
1079
1718
1477
2359
1262
3658
2832
4471
4756
2758
5056
779
3032
2390
4521
3663
3570
1484
2747
3392
1306
4354
518
22
2268
1032
9
2572
1324
1719
5017
4529
2742
3355
3359
3360
1482
5032
2030
2775
3805
578
2018
1040
4488
4524
4554
1493
3622
3934
232
1952
3210
2740
1072
1712
2893
3308
3022
3024
967
3731
594
1014
1478
2014
3739
2892
3228
3506
653
1284
4716
1563
4847
44
3276
1191
3927
845
1687
1974
4617
31
2163
2896
2644
784
4797
955
4389
5083
3180
4353
3719
1293
2109
100
2645
3801
818
3222
4839
2156
2927
2387
4788
209
2585
2900
3721
2586
2800
2657
4992
5057
3147
2831
3659
2414
1287
1753
1949
1236
2214
1562
1947
5043
1951
2733
998
3092
531
3804
3768
2249
4296
1492
862
3472
4995
2291
2432
508
1357
3566
4352
2128
3094
719
1963
2210
4221
860
2729
543
1325
1674
2932
1271
25
4437
221
850
5055
1953
2489
3025
1273
1091
2137
2687
2440
2945
2111
776
3742
4013
1311
1717
4712
2360
2608
2889
3699
3023
4494
2433
3628
4911
4865
3371
36
1828
1231
1270
2716
2313
4886
1814
3882
2721
946
1186
4401
1490
3821
1153
3145
2890
1062
4876
929
2605
2983
3987
40
1742
3011
3996
20
2144
2727
4312
110
982
3551
3557
2696
4303
4304
2614
1272
2744
2830
4660
2035
2915
4915
94
4164
1409
249
2476
4966
2416
1539
3473
3830
487
2374
1772
4160
675
1374
2738
4605
2942
56
970
4913
204
4364
3406
3402
3685
1073
1711
1644
3013
3257
2380
4838
4932
3491
1812
2438
3197
3757
3856
2841
2567
1086
3277
3496
3624
1275
2537
4227
2270
4030
1533
3087
3260
4044
1238
3264
1815
3010
2745
3827
525
3090
4226
1105
1887
4392
1956
1920
2181
3975
2362
2609
3307
2375
4314
499
2958
3229
3693
1964
2998
3157
3686
3001
3461
3612
3398
2703
4571
4572
1099
4336
793
3667
1714
2361
3034
1101
3356
2869
4192
2321
2813
1208
2254
2406
3195
2720
4340
4987
239
3671
1154
1277
2691
4179
596
1489
5078
1308
1720
132
885
1048
1144
1957
244
3646
2165
3567
3955
4883
4079
1760
640
2171
2914
3082
2378
642
1145
1710
4087
4359
4434
792
2199
643
1135
4371
4629
3204
1316
1559
1813
1959
2473
4350
1481
816
886
3120
4153
4018
4606
4819
1499
4549
4708
4709
5045
1543
1921
2677
51
752
13
260
4505
4506
557
1276
2909
2826
212
670
4687
1916
2396
2777
3771
4723
2580
3678
4567
4971
1897
4052
4761
4897
5065
5084
1319
1452
3153
2167
4751
4235
1016
2402
3237
3717
844
1332
2981
3464
3837
2709
4390
1811
440
2423
4916
504
2600
1729
772
10
1131
4977
21
1510
1824
1979
1768
2103
3958
3068
3978
795
76
3620
3971
4163
4873
4176
1321
1323
3140
4054
3348
3283
2410
4027
4149
601
1991
3109
3413
2295
3381
3990
4198
2358
918
1178
1880
1343
807
2514
665
1138
2496
181
1817
2218
1015
3507
4147
1083
2860
3862
4536
5025
5028
561
565
567
4008
1451
1730
3609
3869
2526
3574
1195
2646
669
924
2773
4131
3097
4394
2752
3453
28
3320
3878
2688
3724
448
2224
4132
1212
2147
3983
4130
2833
3239
3370
1788
3171
2424
217
3318
3361
5030
498
1446
1121
1213
2632
2531
4543
238
450
2743
2184
3851
4698
1680
3722
3967
4029
4400
3248
3256
3600
4731
1150
3544
3754
3076
1832
1987
3489
2553
2805
410
1784
1809
2127
3447
2798
4736
4738
4739
552
2068
2166
3151
2757
93
4223
984
4362
868
2194
4090
4093
4526
4530
2545
3997
4284
2105
3103
2173
3877
4009
2982
4912
1412
3879
4036
4809
1908
2906
2907
2971
3389
3422
432
2974
1148
1350
2723
2755
3284
2170
2331
1422
622
678
1302
3582
3546
3745
2829
2975
1122
1162
2784
4056
4423
1902
3401
1139
826
3193
4006
1879
2094
3713
1198
890
1522
2713
3696
4538
4539
4540
2554
2883
2980
4846
1189
1214
4520
867
1509
1736
2475
4182
4810
532
1464
1550
2546
4443
4162
4853
4854
2871
4562
1100
2198
4037
4755
4760
2847
3979
4189
1435
2675
3281
58
2797
3486
3502
4057
3142
2705
3136
1715
2908
3124
1676
4622
4624
2474
3477
3723
3795
4021
4959
986
1042
1439
1909
3242
4717
425
848
1506
3336
3642
4076
2149
3344
3452
4209
4848
4852
503
2069
2885
3451
4735
4740
1999
2289
3450
3765
4711
41
1006
1564
3391
225
1143
1995
1980
1437
2828
3311
583
1053
1352
2469
2628
2902
4300
762
1052
1444
3687
3853
4355
1895
3503
4193
3621
4299
5002
443
883
2287
1219
2603
50
4718
164
1443
2421
3854
1823
2808
750
1225
1544
1545
1548
1555
1561
1923
2504
2590
2793
2821
3376
3873
4238
4438
4113
4523
4762
710
1735
2559
3250
3437
3482
1441
1442
2921
3539
3702
4431
4491
4492
4544
4907
2527
4264
2011
2322
3009
3205
4432
1426
1546
2176
2431
3488
4920
973
3774
1417
4611
2521
4610
1479
1485
1487
1673
2583
4086
507
3189
893
4001
2090
2704
3192
3855
3943
3945
684
1142
1915
3399
3861
4558
4634
4730
210
2525
3291
4822
840
1421
3111
3206
3991
4403
540
889
1340
1514
2306
2455
2491
4421
521
668
1436
3039
3065
3178
820
1724
3116
3410
3417
3419
3718
4207
4983
2005
2698
2952
4942
796
2647
1160
2312
2457
3255
3292
3939
4702
4791
2543
2979
3095
3235
3527
2917
3455
46
233
1497
2674
1017
2006
2485
4015
4625
245
529
1825
3286
3852
4123
1461
3259
3541
3767
3985
4344
4954
4982
5101
1286
1780
2381
2552
3273
3288
4063
4118
4489
4914
1885
1907
3647
1917
3357
3613
4387
3279
3280
4085
150
472
683
707
1037
1180
1254
1395
1433
1434
1519
1954
1955
2157
2339
2343
2345
2347
2397
2399
2446
2453
2481
2494
2573
2574
2618
2671
2672
2854
2855
2857
2858
2867
2875
2876
2918
2919
2930
2940
3122
3128
3133
3134
3164
3191
3268
3339
3341
3382
3466
3475
3529
3554
3599
3601
3631
3651
3652
3656
3669
3681
3705
3708
3712
3716
3727
3793
3794
3798
3834
3930
3973
4034
4094
4120
4121
4128
4143
4144
4156
4157
4205
4214
4215
4287
4294
4295
4298
4324
4374
4377
4378
4418
4442
4448
4449
4456
4459
4460
4477
4514
4518
4608
4637
4653
4654
4662
4663
4714
4715
4764
4813
4814
4833
4857
4863
4864
4878
4893
5034
5042
5060
5069
420
1303
1330
1407
2310
2373
2459
2769
3514
4598
4612
4850
3036
4101
1199
2152
2434
3350
4548
4566
4621
4623
830
1792
1831
3118
3747
4337
767
1152
1423
2844
4125
2468
3059
3070
662
1726
2802
3058
4557
4872
1643
2363
3026
4482
5014
2556
4821
4948
1218
2292
2536
2576
3857
4234
3123
3694
1234
1971
2748
679
1518
3910
4329
4656
4695
1168
1202
1942
2591
4373
694
2635
3084
3838
3907
4016
4310
4380
438
1566
2633
3144
3942
3982
4000
4003
4180
4311
5102
1025
1516
1837
4210
214
264
1088
1256
1781
1836
2663
2739
3516
3799
3803
3944
4397
4490
4502
4875
5003
5092
241
566
676
765
1031
1176
1182
1462
1983
2002
2148
2417
2790
2835
2836
2934
2989
3379
3424
3556
3695
4024
4083
4129
4183
4275
4416
4461
4889
106
1463
1554
3148
3636
3948
4220
4638
4949
1535
1884
2479
4301
5076
905
4631
107
215
506
677
764
882
888
987
1030
1089
1187
1242
1255
1360
1515
2032
2307
2309
2338
2418
2448
2449
2462
2506
2997
3078
3319
3338
3351
3352
3380
3445
3555
3581
3933
3962
4051
4100
4122
4142
4211
4237
4241
4273
4415
4420
4425
4462
4474
4496
4588
4589
4679
4680
4696
4710
4713
4859
4887
4892
4906
4953
5037
5091
2627
452
453
3701
3749
183
884
1095
1511
1517
1911
2154
2311
2371
2420
2520
2877
3014
3064
3175
3251
3272
3384
3393
3484
3625
3769
3888
3889
3941
4102
4384
4402
4451
4615
4800
4899
641
726
2354
2355
2689
2804
2850
3115
3152
3215
3648
3843
4444
4694
4734
4823
4981
3420
102
257
773
1260
2151
2328
2822
2969
3220
4407
4458
471
821
1480
1486
2337
3405
4649
4844
4956
5068
1335
1532
1914
2172
3020
3221
4203
4531
5040
5058
3096
240
672
696
1243
1394
3079
3080
3388
3586
3750
3772
3841
4537
4667
5090
1151
1216
1338
1508
1835
2785
2851
2868
3038
3296
3333
3770
3859
3940
4002
4270
4307
4891
5077
3067
3522
4824
4023
4479
4745
200
408
1026
1758
1769
1976
2057
2142
2145
2205
2308
2780
3236
3984
4074
4939
4980
108
237
519
940
1565
2578
2695
3056
4752
4829
3463
623
1239
2182
2183
3596
3637
3994
4114
1833
1891
1904
2071
3863
3868
3870
682
819
1051
1217
1567
1568
2356
2486
2678
2781
3050
3077
3155
3163
3203
3373
3476
3634
3775
3776
3828
3829
4158
4206
4208
4345
4385
4391
4552
4568
4770
4929
2673
409
588
1294
2048
2441
2456
2550
2589
2817
3037
3086
3241
3368
3377
3481
3487
3531
3864
3866
3876
3917
4098
4099
4195
4225
4396
4545
4807
4874
5044
5109
687
856
878
995
1304
1361
1728
1967
2086
2126
2368
2369
2478
2483
2493
2598
2722
2770
2787
2933
2938
2951
3017
3202
3298
3738
3740
4010
4103
4285
4305
4339
4486
4504
4553
4576
4669
4670
4763
4782
4785
4786
4880
4964
5024
841
881
911
1104
1313
1646
1975
2038
2412
2515
2873
2884
2978
3029
3030
3069
3378
3504
3518
3524
3537
3619
3660
3737
3796
3858
3865
3977
4104
4111
4173
4246
4351
4569
4592
4655
4778
4780
4836
4976
4996
5016
5075
5089
435
445
564
681
705
861
1005
1060
1184
1227
1278
1899
1913
1919
1922
1958
1969
2020
2290
2315
2395
2516
2592
2659
2741
2807
2849
2853
2878
2950
2965
3181
3238
3275
3314
3329
3403
3456
3578
3603
3711
3714
3730
3735
3764
3809
3895
3897
3954
3989
4025
4045
4055
4107
4119
4200
4213
4232
4239
4243
4276
4302
4343
4500
4542
4546
4551
4570
4577
4666
4693
4737
4767
4790
4799
4802
4818
4845
4849
4882
4941
5015
5036
5072
5074
5105
5106
148
151
473
478
599
827
829
839
857
1022
1028
1033
1038
1049
1133
1177
1181
1223
1247
1265
1501
1520
1521
1526
1677
1704
1705
1725
1755
1771
1821
1834
1882
1890
1986
1997
2100
2158
2185
2186
2201
2229
2241
2286
2319
2323
2326
2340
2342
2344
2346
2398
2443
2445
2452
2482
2495
2517
2522
2524
2541
2542
2560
2561
2579
2597
2604
2619
2650
2667
2669
2670
2697
2699
2786
2792
2809
2837
2910
2931
2935
2941
3003
3004
3012
3046
3075
3081
3099
3100
3121
3127
3158
3160
3169
3170
3176
3190
3213
3214
3246
3254
3262
3267
3300
3306
3309
3317
3342
3358
3367
3369
3383
3387
3394
3395
3411
3428
3432
3434
3441
3465
3468
3469
3470
3474
3538
3545
3549
3553
3575
3576
3590
3598
3602
3616
3630
3632
3633
3639
3644
3670
3674
3675
3682
3706
3709
3710
3728
3748
3763
3783
3785
3787
3792
3797
3810
3814
3823
3833
3835
3850
3903
3925
3951
3961
3972
4004
4031
4035
4058
4075
4078
4095
4097
4133
4166
4184
4185
4204
4252
4260
4277
4286
4297
4330
4348
4349
4361
4383
4435
4478
4511
4513
4516
4533
4555
4556
4583
4584
4596
4609
4628
4636
4651
4676
4704
4749
4750
4758
4765
4796
4798
4826
4828
4858
4860
4879
4903
4905
4917
4921
4925
4930
4952
4990
5010
5029
5035
5038
5039
5041
5059
5061
5070
5087
5088
146
666
802
1396
1438
1822
2097
2352
2450
3230
3335
3386
3520
3543
3848
4587
4703
3041
3045
3245
4820
213
693
2007
2116
3162
4360
3104
3655
4365
4493
4984
1683
2768
2990
3043
4452
4871
5023
1512
2437
2549
3478
3700
4484
4741
1240
1894
2188
2899
2996
3471
1713
2920
3322
4445
4870
589
985
1998
2037
3073
3179
4141
4688
4951
604
869
3211
3449
3899
4020
5000
1428
2113
2327
2391
2676
2693
2753
2812
2977
3063
3234
3297
3585
4446
4565
4691
4768
4957
109
825
828
1896
2731
2842
3285
3408
3884
3980
4436
4607
4771
5052
477
500
775
1039
1097
1440
1737
2430
2751
3135
3330
3561
3831
3871
4988
931
1819
2264
3562
4372
4626
520
663
2031
3174
4366
2451
3444
3500
4419
4642
4979
1183
2357
2454
2791
2834
2936
3119
3161
3165
3374
3385
3547
3751
4148
4244
4289
4457
4613
4705
4877
4901
4940
55
2970
3906
3993
4040
1280
1528
1560
1645
2702
2819
3159
3266
3577
3579
3744
3746
4061
4430
4830
441
547
1766
1770
2862
3528
3573
3606
4315
157
1960
2488
2991
3015
3490
3548
4047
4410
4753
466
3657
265
978
1221
1727
1778
1795
1898
2112
2161
2162
2439
2602
2715
2898
2922
2988
3172
3289
3483
3610
4091
4201
4472
4528
4757
4759
4772
4773
4795
4997
3294
4191
4969
2954
4151
549
1889
1918
2335
2442
3321
3550
3904
4046
4077
4171
4218
4240
4652
4746
4978
4985
5051
2503
2532
3287
3332
3880
4282
4347
4585
4793
1507
4175
255
2062
2563
4199
4532
4599
4601
4994
2547
2719
3000
3021
3594
3662
199
831
1429
2447
2779
2795
3088
3881
4005
4331
4332
4406
4534
4657
4701
5021
2136
2629
949
1090
2334
2700
2701
3243
3643
3786
3960
3992
4322
4363
4840
243
1418
1483
1827
4168
4169
4172
162
474
502
527
559
598
612
647
648
651
697
763
786
806
947
1027
1034
1035
1047
1179
1193
1224
1326
1339
1408
1449
1569
1777
1924
2027
2070
2160
2168
2187
2202
2204
2329
2333
2349
2370
2372
2400
2427
2429
2460
2467
2596
2617
2692
2806
2810
2815
2818
2916
2939
2976
2992
2993
3101
3108
3137
3226
3232
3240
3304
3305
3310
3340
3345
3418
3494
3497
3509
3523
3530
3604
3635
3697
3734
3762
3773
3800
3872
3896
3898
3922
3929
3968
4092
4096
4136
4139
4161
4216
4224
4265
4272
4283
4306
4321
4323
4326
4334
4375
4382
4399
4417
4422
4441
4510
4512
4515
4535
4593
4597
4639
4650
4675
4683
4766
4779
4783
4827
4832
4834
4856
4869
4896
4910
4919
4926
4927
4962
5026
5027
5033
5066
5093
414
1023
2562
2714
2776
480
962
1803
1829
2253
2505
2575
2953
3044
3337
3407
4042
4646
4682
186
411
1401
2125
2385
3173
3334
3559
3560
3892
3957
4318
4320
4466
4684
4685
1504
2746
3677
4922
5071
5103
560
1134
1194
2681
3425
4062
2275
2464
3177
4017
4065
4181
4356
4898
4935
4936
788
2519
3365
3517
3806
3846
3883
3959
4033
4116
4196
4269
4563
4564
4904
4958
5031
5085
533
1096
1331
1709
2463
3618
1972
685
769
1292
2530
2612
3421
3886
3887
4138
891
1018
1020
1021
1500
3614
3615
3654
5019
2859
3002
3649
3936
3937
3938
3952
3974
4019
4268
4831
3439
524
638
2994
3315
3842
4578
4580
4614
4986
5050
582
1529
3167
4251
4794
2666
2985
3409
4594
4677
5018
1977
1978
2053
3811
3813
3815
3926
4060
4255
4257
4661
4918
948
3891
4408
4747
34
191
1445
1993
2528
3185
4370
2513
2626
3042
3436
2075
3107
3519
4341
5047
3427
3638
3640
3875
4167
4170
592
2827
3588
3591
4960
801
1253
1830
4503
4707
4742
4743
4744
790
2712
3006
3558
4288
4317
4319
228
616
2134
3005
3845
401
2557
2655
3008
4888
423
927
1054
1748
2193
2882
3233
3818
4134
4159
4411
4635
5048
5107
5108
216
422
501
760
1990
2174
2565
3510
3653
3964
3965
4109
4110
4194
4357
4686
691
1209
2946
3460
4197
593
2278
2750
3440
3442
3443
4851
610
1315
1454
2036
3055
3565
4231
4248
4249
4262
5067
1502
1503
2106
2318
2325
2534
2601
3563
3824
4678
4999
686
690
692
994
996
2302
2838
3429
4579
4998
1128
2251
2903
3416
4293
4308
768
2258
3426
3431
3433
3435
4485
4950
777
2143
2548
3691
4028
4393
4453
4792
3641
4342
4825
4725
1892
2923
4259
649
974
2658
2694
3346
4108
5020
5100
1385
1684
3066
3085
3498
3605
3698
3905
3956
4633
4697
4789
4974
45
568
2986
3423
3448
4071
4247
1386
2607
3105
4843
4928
5062
188
688
4146
469
4253
4333
977
2009
4722
4724
1883
2019
2063
2651
3201
4066
4338
4866
1723
3414
3430
2140
3299
2129
4815
602
1149
2613
4256
4258
4263
5099
1312
2033
2551
813
992
1893
2150
3126
3736
1232
1301
1309
3521
5005
3860
4719
4787
1453
2765
4088
1722
1765
4261
4776
3089
3935
4145
1764
3533
4475
2000
4233
4774
4775
4777
2046
2904
3438
3715
4068
198
849
1985
2256
4972
2415
4690
1786
2880
3313
3729
4720
1994
2956
4602
4729
2098
4212
5009
53
1805
2189
3316
4784
2351
2638
2660
3106
3224
3495
3820
3247
246
2680
222
1721
1966
3150
3914
4236
4517
2316
2365
2392
2897
2963
895
1466
1984
3912
3920
4600
5082
105
791
1050
1084
1159
2801
3390
4137
4522
4841
4842
203
809
1716
1925
2117
2861
3219
3626
4022
4379
4481
4519
4726
4727
2083
4433
29
1420
2901
4659
1796
2891
3684
4473
4586
475
1288
1289
2089
4968
4973
1320
2987
3589
3689
4154
4424
4692
4835
115
491
1283
1285
1305
1455
1982
2138
2518
2710
2845
3218
3362
3540
3703
3817
3819
3890
4043
4112
4187
4313
4808
4963
770
1537
1732
2040
2085
2192
2377
2487
3051
3113
3125
3166
3295
3704
3916
3969
4011
4038
4135
4174
4274
4325
4812
4965
159
1297
1300
1427
2041
2049
2055
2077
2080
3354
4106
60
68
80
81
127
172
206
315
316
317
318
319
320
321
322
323
324
325
326
327
328
329
330
331
332
333
334
335
336
337
338
339
340
341
342
343
344
345
346
347
348
349
350
351
352
353
354
355
356
357
358
359
360
361
362
363
364
365
366
367
368
369
370
371
372
373
374
375
376
377
378
379
380
381
382
383
384
385
386
387
388
389
390
391
392
393
394
395
396
397
398
399
400
402
403
404
405
446
458
534
535
537
556
563
584
586
587
591
595
611
624
625
626
627
628
630
631
632
633
634
635
636
637
650
698
699
700
701
702
703
704
711
712
713
714
715
716
717
797
810
880
894
897
898
900
917
961
979
988
993
999
1000
1001
1002
1063
1110
1111
1112
1113
1137
1164
1174
1190
1197
1210
1222
1266
1296
1334
1371
1390
1391
1392
1393
1430
1431
1432
1471
1495
1541
1570
1571
1572
1573
1574
1575
1576
1577
1578
1579
1580
1581
1582
1583
1584
1585
1586
1587
1588
1589
1590
1591
1592
1593
1594
1595
1596
1597
1598
1599
1600
1601
1602
1603
1604
1605
1606
1607
1608
1609
1610
1611
1612
1613
1614
1615
1616
1617
1618
1619
1620
1621
1622
1623
1624
1625
1626
1627
1628
1629
1630
1631
1632
1633
1634
1635
1636
1637
1638
1639
1640
1641
1642
1647
1648
1649
1650
1651
1652
1653
1654
1655
1656
1657
1658
1659
1660
1661
1662
1663
1664
1665
1666
1667
1668
1669
1670
1671
1672
1689
1690
1691
1692
1693
1694
1695
1696
1697
1699
1700
1731
1757
1762
1773
1775
1776
1779
1783
1785
1789
1790
1793
1794
1799
1804
1807
1808
1826
1840
1841
1842
1843
1844
1845
1846
1847
1848
1849
1850
1851
1852
1853
1854
1855
1856
1857
1858
1859
1860
1861
1862
1863
1864
1865
1866
1867
1868
1869
1870
1871
1872
1873
1874
1875
1876
1877
1878
1944
1968
2001
2039
2043
2044
2050
2054
2056
2060
2061
2064
2066
2073
2074
2076
2079
2081
2087
2088
2093
2118
2124
2353
2477
2497
2498
2499
2500
2501
2508
2509
2510
2511
2512
2538
2539
2540
2593
2636
2642
2643
2649
2690
2707
2708
2761
2762
2763
2846
2856
2887
2895
2905
2947
2961
3028
3031
3048
3049
3052
3057
3072
3083
3138
3146
3154
3183
3207
3209
3258
3282
3301
3312
3347
3353
3372
3396
3454
3459
3499
3505
3532
3536
3552
3583
3584
3607
3611
3617
3679
3688
3692
3802
3812
3816
3825
3826
3832
3844
3867
3908
3909
3911
3913
3915
3918
3919
3921
3923
3931
3932
3947
3963
3970
3999
4014
4041
4050
4072
4073
4105
4115
4152
4155
4188
4219
4222
4242
4266
4335
4368
4405
4429
4455
4463
4464
4465
4501
4541
4575
4595
4627
4632
4640
4641
4643
4644
4645
4647
4648
4658
4668
4671
4672
4673
4674
4721
4881
4890
4900
4902
4955
4961
4989
5001
5007
5022
5046
5049
5054
5073
5094
5095
5096
5097
