124
154
30
112
118
155
162
218
235
19
29
72
76
96
101
107
122
165
175
191
196
206
209
212
220
1
4
6
7
11
20
22
27
31
36
37
51
57
66
84
93
99
110
113
125
127
129
130
132
152
158
163
166
187
201
210
221
241
247
5
8
18
21
40
41
50
53
61
62
64
67
70
75
78
80
83
85
88
89
100
103
114
115
119
120
128
133
137
143
149
150
156
167
168
177
178
181
182
199
207
222
224
230
232
234
249
0
13
15
16
23
25
35
47
48
58
71
77
79
82
86
91
94
95
98
102
134
138
140
142
144
147
151
157
171
179
185
186
197
198
205
211
213
214
225
2
3
10
14
28
32
33
34
44
46
54
63
65
68
73
90
105
109
117
126
136
141
145
146
159
160
161
170
172
173
184
192
193
194
203
216
217
223
226
227
228
229
231
233
236
237
238
240
244
246
248
9
24
38
39
42
49
52
55
56
60
74
104
108
111
116
121
123
131
169
176
183
189
190
195
200
202
208
215
219
239
242
243
26
43
45
81
87
92
97
106
148
153
164
174
180
188
204
245
12
135
17
59
69
139
