247
66
73
97
118
122
129
157
184
210
217
218
0
3
8
26
29
47
52
54
62
64
68
70
74
89
94
96
108
114
154
159
167
181
191
197
203
216
98
99
103
107
111
115
229
241
246
1
2
7
12
14
15
21
22
24
27
30
38
39
41
42
43
45
48
49
50
51
53
55
57
58
61
67
82
85
120
123
127
128
130
132
133
134
138
140
144
146
149
151
152
155
160
162
163
164
165
170
174
180
188
195
196
200
207
208
211
212
219
221
222
226
227
228
233
234
238
239
242
243
4
5
6
10
11
13
16
17
18
19
20
23
25
32
33
34
35
36
37
40
44
46
59
60
63
65
72
76
78
80
83
84
87
88
90
91
92
93
95
102
106
109
110
112
113
116
117
119
121
124
125
126
131
137
139
141
143
145
147
156
158
161
169
171
172
173
176
177
178
179
183
185
186
187
189
190
198
199
204
205
206
209
213
214
220
223
224
232
235
236
240
244
245
248
9
28
31
56
69
71
75
77
79
81
86
100
101
104
105
135
136
142
148
150
153
166
168
175
182
192
193
194
201
202
215
225
230
231
237
249
