166
16
50
87
164
188
207
234
14
77
108
118
167
177
183
199
225
230
68
86
88
101
104
110
133
153
158
169
176
179
182
187
194
195
206
222
1
12
17
25
34
46
62
67
70
80
103
106
117
132
163
168
196
200
216
236
243
21
22
27
30
37
40
58
63
76
89
90
105
116
119
128
130
131
139
140
141
148
165
173
174
191
197
201
209
223
238
246
249
4
13
31
43
49
54
57
60
66
75
82
83
93
98
102
120
125
126
127
134
143
157
170
172
180
181
184
189
202
221
226
231
233
240
248
0
6
8
10
11
28
35
39
48
53
59
65
69
73
78
81
85
91
97
114
121
124
136
142
147
149
151
155
156
171
198
203
204
212
214
215
218
232
241
2
9
15
18
19
23
24
26
36
45
51
56
61
71
84
94
95
99
100
129
135
137
144
154
175
185
186
190
208
213
220
224
228
235
237
239
244
3
5
7
32
33
42
44
52
55
64
72
96
109
113
138
159
162
178
192
193
205
211
245
247
20
38
41
47
74
92
107
111
112
115
123
146
150
161
210
217
219
242
29
122
145
152
229
79
160
227
