97
194
15
91
101
131
136
142
176
1
22
35
64
70
103
107
114
118
160
162
180
182
190
197
205
210
214
215
230
2
16
23
25
32
39
41
59
65
71
72
85
88
89
99
111
123
124
129
137
139
154
155
156
157
158
175
186
199
203
208
222
223
17
18
19
20
24
26
29
33
34
38
49
50
57
58
66
82
83
86
92
96
98
102
110
112
113
115
132
135
143
147
149
150
153
163
165
166
171
173
178
179
187
188
192
193
198
201
202
209
211
212
217
219
220
221
224
225
226
231
232
234
236
239
242
243
244
246
248
5
6
7
9
11
12
21
30
36
40
42
43
44
48
51
53
54
56
60
61
63
67
76
79
94
95
100
106
116
119
125
126
128
133
134
138
140
146
152
159
164
169
181
183
185
189
191
195
196
200
207
216
227
228
233
235
237
238
240
241
247
249
3
4
8
10
13
27
31
37
45
52
55
68
69
74
75
84
87
90
93
104
105
108
109
117
120
122
127
130
141
144
145
148
151
167
168
170
172
174
184
204
206
213
218
229
0
14
28
46
47
62
73
77
78
80
81
121
161
177
245
