58
14
50
69
237
1
19
49
94
182
211
218
245
8
9
41
45
47
54
56
102
107
112
115
125
129
138
143
158
172
174
175
176
183
196
199
203
204
206
222
244
2
3
12
25
26
32
38
43
55
62
63
71
72
73
85
86
98
99
103
104
105
106
122
126
127
131
132
134
139
147
151
156
161
162
163
165
177
180
181
192
197
198
202
207
212
223
247
0
4
120
128
130
133
135
144
149
150
154
160
164
5
13
15
16
17
28
33
36
39
40
46
48
52
53
59
68
70
74
76
77
87
92
101
166
171
173
178
187
189
191
193
195
200
215
216
220
224
232
234
236
242
243
248
6
21
22
27
29
31
34
37
66
79
83
84
89
95
96
97
100
110
111
113
116
117
118
119
121
123
140
141
146
155
167
168
169
170
179
184
186
194
201
208
209
210
214
219
225
227
228
231
239
240
241
249
7
11
18
20
23
24
30
35
42
44
51
57
64
65
67
75
78
81
82
88
90
93
108
109
114
124
136
137
142
145
148
152
157
185
188
205
213
217
221
226
230
235
238
246
60
61
80
91
153
159
190
229
10
233
