47
131
218
10
21
40
74
93
94
101
111
112
133
135
142
150
163
166
174
179
233
235
246
16
20
25
44
46
52
54
65
66
67
70
80
102
103
104
109
144
158
159
161
169
170
171
201
212
220
221
228
229
239
241
244
0
1
2
4
5
7
9
14
15
17
105
118
119
120
125
129
134
137
138
139
141
143
145
148
149
151
152
153
154
157
167
173
187
188
189
190
18
23
34
36
37
39
43
45
48
49
51
58
60
62
64
71
75
76
79
81
88
90
98
192
194
195
196
197
198
204
207
208
209
211
216
217
227
237
238
240
243
248
6
12
13
22
24
27
30
32
38
41
50
53
55
59
63
68
73
78
82
85
86
92
96
99
106
107
108
110
113
115
116
117
122
128
130
132
140
146
155
168
172
176
178
180
182
184
191
193
199
202
203
205
206
210
213
214
219
222
223
224
225
230
232
234
245
247
249
3
8
11
19
26
28
29
31
33
42
56
57
61
69
72
77
83
84
87
89
91
95
97
100
114
121
123
126
136
147
156
160
162
164
165
175
177
181
183
186
200
215
226
236
242
35
124
127
185
231
