54
17
75
177
166
29
106
122
144
148
179
5
34
37
39
96
109
136
229
246
248
2
31
45
50
59
63
83
86
87
91
94
98
118
130
133
145
172
180
187
199
215
233
234
3
14
15
24
26
36
47
55
77
84
89
90
95
105
107
116
117
128
142
143
150
156
170
184
205
216
219
225
227
239
244
249
0
12
13
18
19
23
32
33
44
51
57
60
67
80
92
149
160
174
178
191
193
207
210
211
213
223
230
231
241
245
4
7
22
28
40
41
68
69
78
93
100
112
121
127
134
137
147
163
164
169
183
186
189
190
195
202
212
220
224
232
236
237
240
1
6
27
38
49
53
56
58
61
62
66
82
85
97
104
110
114
119
120
132
135
138
140
155
165
167
168
173
176
192
194
197
198
201
204
206
208
209
235
238
247
9
10
46
52
64
65
74
99
101
103
108
111
123
126
129
131
139
151
152
153
161
162
171
175
188
196
203
214
226
228
21
30
48
70
71
73
76
102
113
124
159
181
182
200
218
221
222
243
8
25
35
42
79
115
141
154
242
20
43
81
146
157
158
185
16
72
125
217
88
11
