48
70
32
110
6
89
26
165
35
36
18
99
49
123
205
1
27
156
16
61
100
121
180
106
132
92
46
157
131
55
45
44
87
93
5
142
126
76
148
74
203
174
98
4
79
19
39
108
30
114
59
199
200
25
102
207
47
204
82
17
77
155
12
80
197
172
52
58
94
78
95
120
81
90
91
129
83
192
151
28
189
139
140
153
190
104
206
160
130
14
119
202
175
171
113
163
24
187
173
178
198
42
144
0
9
162
63
133
201
50
8
41
62
134
10
13
43
57
66
147
72
15
191
51
97
21
194
149
167
122
141
34
40
2
23
161
183
38
193
88
60
116
188
143
109
176
54
65
85
185
75
86
3
33
84
53
146
170
135
136
118
137
22
182
184
112
117
152
67
101
11
195
103
150
69
145
158
31
179
181
196
177
115
107
186
105
208
64
124
166
168
169
71
56
68
7
111
125
154
159
29
96
164
20
37
73
127
128
138
