28
7
76
23
69
49
22
62
15
72
48
112
51
82
38
26
27
46
90
75
3
77
134
64
105
125
60
113
117
68
33
102
1
86
172
180
167
111
143
130
84
110
61
35
95
126
99
124
45
14
188
109
139
119
36
20
137
145
87
71
123
135
8
81
204
131
37
190
103
39
79
29
114
120
94
106
2
85
42
136
13
121
118
104
108
19
107
127
163
151
0
203
200
211
54
186
17
187
152
174
210
165
88
56
16
63
191
53
128
181
89
96
168
47
52
160
198
147
41
132
195
197
178
129
144
43
169
170
10
166
11
74
159
192
65
92
183
40
140
189
78
6
9
91
101
199
83
57
141
146
164
157
184
66
182
150
206
50
142
21
161
207
44
209
18
24
34
98
201
158
194
156
202
59
208
154
12
175
177
179
173
155
196
193
55
4
100
185
205
148
149
93
176
212
213
133
138
32
25
31
58
171
73
80
97
67
30
70
153
116
122
5
115
162
