64
12
37
119
42
116
5
63
96
170
83
24
147
78
20
182
72
79
29
105
189
15
175
39
136
107
99
155
14
110
117
163
82
17
160
54
47
45
53
92
122
65
108
146
36
139
141
143
43
156
118
101
62
31
113
58
125
131
191
196
35
76
2
87
88
126
129
133
197
198
199
21
192
190
144
0
4
127
130
132
164
121
149
186
112
194
69
9
102
103
115
174
18
11
61
148
51
89
124
185
38
134
46
184
159
56
169
57
98
95
165
166
75
23
27
7
32
93
19
8
50
59
162
128
94
48
123
81
135
177
10
145
183
41
138
150
195
173
181
137
13
172
85
193
176
180
114
140
1
3
25
84
171
49
60
6
187
33
168
34
142
68
178
188
67
97
106
157
151
153
52
90
55
167
100
73
152
120
16
26
111
154
74
77
91
109
86
179
71
70
28
30
104
22
80
161
158
44
66
40
