72
15
7
47
5
244
110
8
49
100
70
71
241
113
103
95
169
203
139
143
146
164
179
194
196
199
211
213
229
239
144
145
147
148
149
151
152
154
157
158
159
161
163
167
168
170
44
25
1
64
66
67
0
21
37
38
55
63
78
80
86
88
97
117
118
119
127
131
137
249
52
14
43
98
102
41
109
29
30
34
57
81
84
85
89
93
104
120
121
124
125
128
129
130
134
136
180
185
187
189
193
197
198
200
201
204
207
214
217
224
235
237
247
11
112
51
99
221
231
176
46
2
4
19
22
23
24
26
27
28
31
35
36
39
40
54
56
58
59
60
61
62
77
79
83
96
115
116
122
123
126
132
135
142
150
155
156
160
162
165
166
171
181
182
183
184
188
190
191
192
202
210
212
215
216
219
227
228
233
234
245
246
248
12
174
9
18
20
32
33
53
82
87
90
91
92
94
105
114
133
153
186
195
205
206
208
209
218
225
226
236
238
16
177
10
108
106
243
69
240
17
68
178
172
107
74
65
48
45
138
220
75
140
222
223
230
232
76
101
141
6
13
175
42
173
3
242
50
111
73
