91
62
118
76
186
112
41
140
127
129
4
122
135
130
104
67
180
68
51
151
83
9
179
165
74
11
102
18
97
20
111
60
26
28
14
109
59
101
13
31
189
32
33
162
134
125
169
183
116
107
87
35
10
17
21
86
141
178
138
53
103
8
148
171
24
85
95
115
77
55
154
113
196
34
45
46
47
133
48
65
22
3
29
23
198
54
19
64
1
100
50
166
36
37
73
88
57
90
164
94
159
161
142
43
144
158
92
146
98
137
197
15
160
153
44
194
172
145
157
121
182
155
6
27
30
39
42
191
52
81
56
84
49
143
58
80
195
175
93
38
132
5
190
40
117
123
119
176
156
108
69
136
177
199
126
78
168
147
185
79
82
120
192
131
63
89
139
105
173
16
2
96
25
193
75
152
66
7
124
163
128
70
188
150
72
106
184
12
149
110
71
174
114
187
181
167
99
0
170
61
