32
47
72
128
18
16
170
57
98
4
131
109
112
46
76
39
6
28
118
95
24
153
33
70
52
84
43
34
41
149
116
143
86
59
88
178
164
89
12
155
23
31
5
15
22
166
107
92
139
44
146
10
7
142
121
54
21
140
66
119
81
122
181
61
167
196
80
82
138
38
29
110
151
35
85
117
101
193
197
194
130
1
68
51
105
79
45
174
75
13
156
199
147
190
103
102
9
71
11
3
91
183
63
144
87
56
64
135
19
17
168
115
104
114
136
8
20
94
42
62
111
175
40
188
123
113
77
78
189
169
150
53
120
65
154
165
36
159
100
74
69
195
162
0
187
141
148
125
126
127
50
132
134
55
37
133
185
198
93
180
2
179
67
25
124
73
14
145
191
137
177
173
30
83
106
171
176
172
97
129
108
99
192
48
27
90
158
163
96
160
60
161
152
26
49
157
186
182
58
184
