46
127
83
1
27
178
102
20
17
54
79
97
84
175
133
117
57
68
136
48
217
7
70
44
123
51
208
148
158
13
26
159
30
196
16
150
179
100
165
18
194
23
85
31
122
93
99
203
21
104
12
86
107
98
124
43
37
62
77
176
87
82
75
53
157
34
105
140
130
110
67
126
145
187
168
201
72
147
29
120
205
101
64
92
167
78
106
95
116
193
56
209
119
49
225
55
33
156
113
65
231
125
191
163
0
151
28
39
22
5
91
185
202
180
160
146
173
182
155
114
198
219
162
143
169
226
241
229
42
35
141
172
248
189
41
190
212
38
234
210
74
170
47
6
45
76
197
236
40
177
2
152
129
153
135
58
96
161
109
115
171
81
222
69
88
89
149
128
63
24
218
118
199
237
50
183
111
213
230
228
11
174
204
164
227
247
142
108
59
207
221
94
215
131
8
139
132
32
80
188
10
4
216
19
14
52
71
90
224
223
112
134
166
137
73
195
214
25
249
60
9
244
61
232
121
36
220
138
3
239
186
144
246
192
181
235
200
103
154
245
233
243
238
66
15
240
242
184
211
206
