138
111
91
125
136
6
74
87
110
171
36
15
96
114
141
244
93
51
19
167
186
124
193
241
49
1
32
81
82
37
195
140
146
147
174
85
183
38
202
205
232
13
56
63
83
84
97
104
132
142
154
212
113
127
16
196
89
109
18
7
8
53
185
190
200
215
21
43
24
25
26
27
55
60
61
62
64
79
98
99
103
105
106
115
116
144
148
149
150
153
158
160
173
176
177
198
207
208
209
210
211
214
219
220
222
224
225
227
229
231
246
243
169
128
172
71
34
41
69
11
12
22
29
30
40
59
66
67
68
78
80
100
101
129
130
131
145
151
152
155
157
175
199
213
221
223
226
228
230
236
237
238
192
240
46
182
163
180
50
77
95
0
2
10
23
28
31
33
57
58
65
102
143
156
159
197
245
39
179
20
88
181
48
164
119
54
121
166
191
161
133
239
178
168
117
107
90
123
9
188
47
165
17
44
187
73
108
52
216
184
4
201
218
247
249
122
3
35
76
189
233
234
235
248
5
204
206
94
120
45
118
14
70
162
42
75
86
194
135
217
203
139
134
112
126
170
72
242
137
92
