179
35
48
57
81
46
173
176
78
69
155
225
34
11
165
64
4
109
21
68
10
95
67
119
200
99
15
38
149
105
238
232
37
1
117
6
100
175
164
18
9
108
146
136
86
227
120
25
42
223
40
83
0
106
113
128
245
82
77
85
180
74
90
92
102
112
131
159
160
210
212
214
215
244
248
17
50
174
236
72
54
240
58
194
53
121
241
39
41
73
91
101
126
127
129
132
133
211
216
217
235
243
246
163
8
97
111
249
114
152
156
190
219
110
201
171
205
44
80
7
183
234
242
61
134
161
30
166
197
158
142
148
104
26
47
222
116
137
59
13
182
150
140
89
130
213
218
247
22
226
124
209
103
60
88
93
14
157
184
203
107
147
87
63
233
31
138
162
167
115
168
33
230
51
143
239
169
192
29
125
153
154
188
208
96
32
28
145
62
172
55
43
75
189
70
196
202
221
79
151
187
207
220
52
206
185
237
76
231
45
193
198
178
191
3
84
118
141
170
49
139
122
94
123
2
16
56
65
135
27
195
5
228
204
66
19
144
71
199
98
186
224
12
23
20
229
36
24
181
177
