28
75
34
89
95
196
145
44
180
138
111
58
171
68
90
160
149
103
18
26
56
19
31
169
148
159
217
13
23
120
131
22
100
128
199
173
57
81
140
101
46
54
208
78
60
92
80
116
50
83
85
53
15
238
37
122
66
181
39
88
105
71
113
65
141
76
156
165
119
130
179
94
127
25
224
137
144
132
228
231
38
62
10
191
0
126
139
2
30
24
129
9
27
1
246
43
40
59
6
178
86
204
157
154
192
223
235
190
184
12
226
195
21
198
187
70
99
211
11
227
215
106
67
47
5
49
133
244
172
42
222
74
121
77
170
233
64
82
97
110
79
7
73
193
229
8
45
136
72
125
202
247
36
153
234
201
118
48
218
33
4
240
146
123
134
166
197
236
249
87
225
241
51
203
216
230
114
200
175
207
52
108
161
104
164
176
96
14
151
115
63
69
41
3
35
135
152
248
29
117
194
147
186
243
219
17
206
209
55
237
155
188
168
232
212
163
214
210
102
185
167
91
162
213
174
112
220
32
183
84
221
189
93
242
16
107
20
109
142
61
98
124
177
239
205
150
143
245
158
182
