143
75
52
34
57
128
220
21
186
115
127
237
15
149
54
49
154
117
97
163
85
48
161
156
32
208
181
103
14
26
178
222
180
40
131
118
166
147
192
216
36
18
240
235
51
113
88
13
189
157
148
142
233
159
151
145
130
2
62
67
70
81
110
132
135
175
195
196
200
201
0
3
4
5
8
66
71
80
90
91
92
100
122
134
137
170
197
198
199
224
226
228
229
83
126
1
10
63
64
65
68
72
89
136
138
182
202
227
245
29
25
109
111
124
139
19
82
184
185
213
76
190
35
6
9
61
69
123
133
171
173
174
225
99
176
194
78
210
212
249
60
77
47
205
45
107
146
24
169
38
7
172
183
121
106
102
33
12
108
95
98
193
44
219
112
11
120
104
239
152
46
31
96
191
234
203
42
17
93
56
141
236
140
87
153
231
105
79
218
23
125
177
187
43
206
86
101
211
230
244
160
119
114
164
39
94
242
20
58
167
243
246
30
207
223
209
84
22
165
59
168
204
116
158
162
27
37
74
241
215
214
247
248
155
188
73
238
232
50
150
179
55
217
53
28
16
144
41
129
221
