9
27
49
85
5
65
39
63
115
53
131
54
13
42
32
59
51
147
15
214
29
143
2
215
117
66
108
134
23
56
236
234
3
10
118
212
22
174
241
105
238
173
19
68
96
244
48
72
107
36
74
141
88
119
151
152
163
202
205
218
219
221
43
69
110
120
123
126
127
135
136
154
160
161
164
198
204
206
207
217
222
223
97
182
183
194
228
44
89
90
98
99
100
101
102
122
125
128
137
138
153
156
157
158
159
165
167
180
185
199
200
203
208
209
216
220
224
227
45
192
210
40
41
146
195
95
247
76
77
170
46
92
82
4
109
121
124
155
162
186
193
150
70
87
37
38
196
191
78
140
93
144
84
113
240
176
166
201
226
179
58
232
172
35
79
47
91
237
114
248
33
26
16
20
71
245
139
103
129
30
8
190
243
61
86
94
133
225
104
130
25
17
168
197
231
62
60
67
148
229
230
142
233
1
21
57
242
246
188
34
149
184
178
80
145
169
211
75
181
111
187
18
213
7
14
31
171
235
177
81
112
50
12
175
189
28
55
11
24
106
116
83
132
0
239
73
249
64
52
6
