67
18
1
33
138
121
96
49
104
55
117
101
2
79
40
36
157
162
75
107
77
132
71
187
64
225
91
130
126
31
28
195
30
63
146
137
90
86
78
23
17
69
46
136
143
237
219
95
50
153
160
53
21
57
105
234
73
148
150
76
54
147
191
58
134
115
39
93
180
154
178
51
183
206
179
246
42
20
169
168
22
192
61
242
94
215
88
211
175
16
141
133
139
0
32
202
59
56
174
110
142
113
198
149
204
83
190
173
232
205
119
13
66
189
24
127
43
81
203
129
156
224
8
171
44
80
74
65
158
167
62
163
230
87
15
218
25
7
97
181
29
52
72
99
9
19
38
165
11
41
128
82
159
222
164
193
233
131
161
243
116
177
152
145
102
120
182
70
229
4
223
48
100
238
144
210
124
3
249
155
172
34
12
109
212
201
68
112
227
235
200
14
213
184
176
106
98
241
47
209
226
240
111
26
151
197
85
208
221
217
166
216
140
186
35
84
207
122
92
37
247
103
194
196
250
248
231
199
220
135
60
5
45
228
10
27
125
6
114
170
185
89
239
245
214
108
123
244
236
118
188
