75
54
56
48
18
160
106
5
76
111
99
157
166
185
197
141
34
70
77
126
123
103
31
104
37
156
204
16
42
112
40
131
97
108
198
118
116
27
161
164
115
152
117
110
127
33
203
113
45
143
179
7
205
219
25
24
1
226
50
83
46
39
12
167
89
100
101
81
44
159
107
96
28
92
20
78
35
177
79
74
201
3
200
189
182
71
173
60
90
43
8
133
87
214
72
211
36
184
144
49
212
17
58
6
47
4
19
137
210
13
169
73
82
207
176
119
237
221
85
146
86
230
238
248
66
228
95
148
105
140
218
186
147
191
59
65
150
88
98
62
242
195
14
30
206
170
229
26
124
128
149
233
208
187
181
172
53
183
122
52
0
69
121
51
239
139
142
80
120
114
129
67
231
180
145
245
125
22
190
171
130
163
224
215
68
132
232
188
158
151
135
61
23
227
241
216
240
222
38
250
199
249
162
246
209
202
153
9
55
213
102
29
192
57
196
91
84
10
247
15
194
21
134
225
94
174
41
223
168
2
243
138
154
178
64
136
220
109
175
165
11
93
63
155
235
244
234
32
236
217
193
