101
136
219
89
115
65
25
116
74
125
26
29
10
147
60
87
7
139
18
24
164
68
34
23
127
173
186
56
51
153
84
140
77
42
145
6
240
72
166
27
33
71
88
58
62
223
171
35
165
59
50
3
150
96
157
76
217
205
154
192
98
141
177
176
197
184
43
167
121
152
73
22
80
47
15
225
123
30
105
194
9
19
229
119
178
63
204
191
16
81
13
83
14
79
174
0
53
212
102
49
21
36
45
133
112
129
118
124
41
226
182
216
70
108
117
155
106
170
196
122
179
181
39
159
31
218
232
107
95
103
75
93
183
203
4
188
61
17
156
91
193
202
209
55
67
66
46
233
64
54
44
160
94
52
243
48
241
237
247
128
135
132
97
130
162
151
172
224
211
198
138
113
28
187
109
92
230
250
190
40
32
249
120
100
90
57
238
69
236
1
38
148
244
37
189
144
5
146
200
12
163
85
201
168
142
169
158
210
221
235
206
185
131
143
195
86
110
8
111
246
239
104
126
214
114
248
11
242
180
20
213
227
234
208
82
199
175
161
215
137
245
207
222
134
78
99
220
149
2
228
231
