123
34
3
19
89
180
210
244
246
6
98
84
35
187
2
164
79
73
1
142
227
163
75
12
77
151
154
197
214
22
37
129
195
212
31
60
119
130
143
144
173
13
15
20
28
40
44
46
56
88
105
117
118
121
127
148
160
161
182
184
192
199
201
205
216
224
231
232
245
74
189
100
159
166
191
229
239
5
57
169
188
186
32
48
53
66
78
4
36
38
39
55
83
236
242
25
26
27
29
61
63
69
70
87
92
93
94
101
102
103
107
108
111
113
114
115
116
126
133
136
137
139
140
146
149
174
176
178
179
181
198
200
206
215
222
230
235
24
43
50
86
204
209
52
59
194
68
8
170
10
42
49
196
72
185
131
14
16
17
18
30
41
45
51
54
62
64
71
90
91
104
106
109
110
112
132
134
135
138
145
147
152
157
162
167
175
177
183
202
207
217
218
219
220
221
223
225
233
234
240
241
248
7
21
47
65
82
96
97
120
122
128
141
156
172
249
81
9
95
124
125
168
171
211
226
247
0
58
11
23
67
76
99
153
158
208
238
33
80
85
150
155
165
190
193
203
213
228
237
243
250
