124
109
60
229
193
39
153
96
32
112
18
29
86
5
216
196
67
77
243
10
102
80
30
11
221
147
135
132
208
188
118
19
205
156
42
148
160
236
131
120
71
34
47
234
74
64
185
159
126
187
3
68
51
70
63
182
144
92
81
157
52
28
36
23
117
219
184
166
129
123
62
26
174
225
220
181
173
79
139
167
169
170
82
232
38
44
245
55
56
59
228
150
85
14
57
35
7
192
247
200
6
20
212
2
54
178
142
202
50
224
40
161
15
130
48
122
175
201
25
168
206
177
66
8
84
107
43
53
171
128
190
13
94
176
127
115
100
172
244
137
121
203
12
237
164
226
58
113
213
223
194
90
9
204
191
73
33
75
93
72
89
217
1
180
165
4
22
231
24
233
65
27
114
116
16
140
110
179
104
248
111
154
83
108
214
105
151
230
21
146
183
215
95
246
210
218
78
211
41
235
241
119
88
227
98
198
163
155
17
76
45
99
242
87
69
141
158
61
238
249
239
195
46
106
125
207
136
240
145
101
49
134
152
138
197
189
143
133
222
91
162
149
31
199
209
37
0
186
103
97
