196
18
69
130
209
42
251
117
146
272
142
157
235
64
63
26
73
83
19
136
3
10
156
151
276
85
174
217
96
186
266
91
49
4
45
179
192
297
2
138
92
180
22
253
86
67
185
35
193
41
211
121
176
32
165
295
172
17
109
88
108
166
56
198
113
191
101
258
48
62
199
293
287
285
282
238
194
126
203
205
223
58
173
57
33
291
279
76
102
150
169
288
54
77
122
123
124
125
206
221
224
226
228
244
30
74
232
242
208
52
55
106
23
127
202
222
227
162
177
28
68
94
129
99
80
233
290
135
245
114
14
200
299
181
29
93
204
225
229
243
170
289
37
218
260
160
201
269
111
36
274
112
82
39
9
98
249
268
168
212
38
95
144
171
12
8
148
0
120
116
141
34
103
147
154
84
182
283
97
145
7
60
13
296
134
292
207
128
230
264
247
215
140
78
294
159
231
270
5
27
75
234
236
241
273
275
298
188
72
6
178
110
71
143
240
277
65
153
152
25
271
31
11
100
164
40
104
265
190
257
254
278
89
256
24
219
239
220
189
50
20
280
137
149
250
133
107
90
15
87
284
187
183
237
255
70
263
214
105
213
281
1
262
66
21
184
79
131
61
259
158
118
119
248
132
81
115
197
163
210
167
286
246
161
139
261
44
155
43
252
46
216
59
47
16
51
267
195
53
175
