128
153
141
117
43
80
87
209
63
55
30
70
1
187
27
61
120
31
34
167
155
73
159
77
138
133
40
221
116
17
42
131
109
127
16
47
106
51
45
33
46
69
94
198
75
201
184
183
218
152
200
161
210
8
9
36
95
174
178
224
249
4
7
11
35
90
92
97
98
99
102
103
135
144
146
177
213
225
226
228
229
231
223
190
113
10
12
91
96
100
101
147
163
164
175
176
180
202
214
215
237
246
247
243
50
111
143
189
134
172
192
67
26
162
125
52
110
145
179
203
212
227
230
236
248
6
239
54
233
195
39
84
186
88
188
93
157
216
66
48
240
149
217
13
89
136
181
211
37
57
151
114
82
60
83
38
166
156
165
29
44
56
139
170
158
49
242
41
126
124
169
85
140
65
79
222
25
86
245
3
108
194
204
150
74
20
58
28
71
78
129
206
244
2
5
171
173
196
68
76
185
72
62
81
59
112
107
119
0
53
104
191
205
137
18
121
122
241
123
142
182
148
238
197
234
22
19
15
232
235
132
130
23
32
160
118
208
115
105
193
207
21
64
14
219
220
24
168
199
154
