0 1
0 2
0 3
0 4
0 5
0 6
0 7
0 8
0 12
0 13
0 14
0 15
0 16
0 20
0 21
0 22
0 24
0 25
0 26
0 31
0 32
0 33
0 34
0 37
0 40
0 41
0 45
0 47
0 53
0 54
0 55
0 58
0 61
0 62
0 63
0 67
0 69
0 71
0 75
0 83
0 85
0 86
0 88
0 92
0 93
0 96
0 103
0 113
0 128
0 137
0 141
0 143
0 144
0 146
0 150
0 151
0 164
0 174
0 180
0 185
0 187
1 5
1 6
1 7
1 9
1 11
1 15
1 19
1 20
1 24
1 27
1 33
1 44
1 52
1 60
1 65
1 69
1 77
1 95
1 99
1 102
1 109
1 114
1 124
1 139
1 140
1 147
1 165
1 170
1 186
1 200
1 237
2 5
2 7
2 12
2 21
2 27
2 34
2 49
2 68
2 69
2 81
2 83
2 99
2 117
2 155
2 161
2 163
3 5
3 9
3 123
3 155
4 6
4 8
4 9
4 10
4 11
4 15
4 17
4 23
4 60
4 87
4 88
4 105
4 131
4 137
4 144
4 145
4 177
4 180
4 216
4 219
4 230
5 6
5 7
5 11
5 14
5 16
5 17
5 18
5 28
5 30
5 38
5 41
5 62
5 66
5 74
5 75
5 76
5 77
5 89
5 90
5 104
5 110
5 111
5 120
5 124
5 134
5 146
5 148
5 169
5 172
5 173
5 192
5 201
5 202
5 219
5 227
5 240
5 241
5 242
5 246
5 248
5 249
6 8
6 10
6 22
6 61
6 63
6 67
6 70
6 74
6 81
6 91
6 104
6 136
6 168
6 177
6 209
6 222
6 246
7 8
7 14
7 18
7 26
7 30
7 48
7 51
7 58
7 72
7 97
7 98
7 103
7 113
7 128
7 130
7 135
7 140
7 191
7 209
7 211
8 9
8 10
8 12
8 13
8 15
8 16
8 17
8 18
8 21
8 22
8 23
8 24
8 25
8 29
8 31
8 35
8 37
8 43
8 46
8 54
8 56
8 62
8 66
8 67
8 71
8 79
8 87
8 90
8 101
8 107
8 108
8 114
8 115
8 120
8 121
8 124
8 135
8 149
8 153
8 157
8 160
8 163
8 166
8 194
8 196
8 200
8 212
8 221
8 228
9 10
9 12
9 13
9 17
9 23
9 27
9 33
9 39
9 49
9 72
9 75
9 92
9 95
9 106
9 109
9 125
9 126
9 129
9 141
9 211
9 225
9 238
9 242
10 11
10 13
10 31
10 43
10 58
10 73
10 84
10 104
10 105
10 107
10 121
10 132
10 163
10 182
10 184
11 28
11 29
11 36
11 48
11 53
11 132
11 139
11 147
12 19
12 20
12 26
12 27
12 29
12 33
12 35
12 41
12 51
12 71
12 75
12 79
12 82
12 94
12 108
12 126
12 138
12 143
12 171
12 183
12 194
12 195
12 197
12 213
12 214
12 215
12 224
12 230
12 233
13 14
13 19
13 45
13 56
13 97
14 16
14 20
14 36
14 42
14 48
14 55
14 59
14 66
14 70
14 78
14 86
14 90
14 96
14 112
14 125
14 160
14 180
14 194
14 205
15 18
15 19
15 21
15 29
15 32
15 40
15 42
15 46
15 50
15 54
15 57
15 65
15 71
15 77
15 93
15 94
15 108
15 110
15 121
15 122
15 124
15 142
15 152
15 157
15 167
15 168
15 183
15 190
15 193
15 195
15 196
15 205
15 218
15 241
16 35
16 62
16 91
16 100
16 106
16 181
16 186
16 210
16 240
17 42
17 43
17 49
17 58
17 68
17 81
17 91
17 115
17 150
17 213
18 22
18 25
18 38
18 64
18 112
18 119
18 127
18 134
18 167
18 170
18 189
18 197
18 199
18 204
18 206
18 211
18 245
19 38
19 39
19 45
19 109
19 142
19 149
19 166
20 26
20 80
20 89
20 165
20 211
20 246
21 34
21 35
21 44
21 117
21 220
22 23
22 25
22 28
22 44
22 52
22 65
22 74
22 109
22 110
22 119
22 149
22 167
22 201
22 203
22 246
23 24
23 28
23 44
23 45
23 46
23 49
23 53
23 54
23 63
23 72
23 79
23 103
23 105
23 114
23 117
23 133
23 135
23 156
23 159
23 173
23 175
23 176
23 202
23 207
23 210
23 212
23 221
23 240
23 243
24 32
24 34
24 69
24 81
24 164
24 178
24 187
24 204
24 231
24 244
25 30
25 31
25 32
25 42
25 59
25 63
25 64
25 68
25 196
26 30
26 37
26 48
26 100
26 118
26 122
26 158
26 169
26 170
26 198
26 210
26 218
26 223
26 226
26 232
26 238
27 47
27 51
27 56
27 95
27 131
27 161
27 165
27 188
27 189
27 200
27 208
28 36
28 47
28 52
28 98
28 127
28 145
28 178
28 206
29 37
29 41
29 55
29 60
29 64
29 70
29 116
29 122
29 171
29 195
29 209
30 155
30 169
31 39
31 47
31 57
31 83
31 151
31 195
31 199
32 38
32 40
32 83
32 107
32 157
32 203
32 222
32 235
33 36
33 76
33 77
33 78
33 94
33 101
33 140
33 156
33 231
34 68
34 78
34 96
34 145
34 162
34 177
34 186
34 196
34 220
34 242
35 39
35 50
35 113
35 136
35 247
36 40
36 82
36 93
36 174
36 203
36 228
36 229
36 241
37 46
37 107
37 116
37 140
37 148
37 174
38 86
38 159
38 194
39 87
39 106
39 147
39 154
39 157
39 181
39 191
39 224
40 51
40 59
40 72
40 84
40 87
40 99
40 132
40 161
40 162
40 207
40 218
40 229
41 52
41 64
41 158
41 178
41 247
42 43
42 56
42 90
42 152
42 207
42 231
42 249
43 70
43 138
43 158
44 50
44 74
44 147
44 149
44 166
44 168
45 187
45 198
45 221
46 66
46 79
46 82
46 123
46 176
46 188
46 206
47 61
47 73
47 78
47 85
47 134
47 160
47 191
47 222
48 50
48 98
48 151
49 53
49 102
49 116
49 143
50 86
50 182
50 198
51 118
51 214
52 91
52 232
53 55
53 60
53 136
53 191
53 214
54 84
54 137
54 247
55 57
55 61
55 65
55 102
55 106
55 113
55 115
55 127
55 170
55 172
55 184
55 209
55 227
56 57
56 59
56 73
56 97
56 132
57 108
57 175
57 202
57 238
58 100
58 111
58 130
58 236
59 101
59 102
59 141
59 174
59 185
59 208
60 85
60 104
60 123
60 146
61 105
62 76
62 130
63 232
64 67
64 80
64 92
64 112
64 118
64 239
65 143
65 164
65 192
65 193
65 217
65 222
65 233
65 234
66 88
66 93
66 97
66 111
66 129
66 162
66 181
66 193
68 82
68 84
68 123
68 125
68 133
68 171
68 182
69 73
69 76
69 137
69 138
69 144
69 198
70 151
71 205
72 130
72 152
73 80
73 116
74 175
74 227
75 80
75 99
75 120
75 166
75 169
75 185
75 201
75 223
76 100
76 190
77 89
77 128
78 98
79 88
79 92
79 139
79 146
79 160
79 248
80 85
80 89
80 95
80 117
80 120
80 199
81 164
82 103
82 214
83 94
83 110
83 158
84 101
84 133
84 192
85 159
85 161
85 249
86 122
86 212
87 121
87 190
88 112
89 136
89 150
90 96
90 139
91 135
91 173
91 190
91 224
91 237
92 118
92 128
92 197
93 131
94 159
94 179
94 189
94 245
94 248
96 126
96 145
96 225
97 162
97 223
98 223
99 111
99 119
99 134
99 183
99 216
100 154
100 197
101 129
101 138
101 168
102 177
102 186
102 217
103 200
104 114
104 126
104 129
104 144
104 153
104 213
104 216
104 228
104 245
105 189
105 213
105 227
106 131
106 193
106 224
106 226
108 182
108 187
109 156
110 179
111 133
111 152
112 173
113 115
113 127
113 226
114 119
114 215
114 244
116 155
117 148
117 202
119 188
120 181
120 241
121 199
121 216
122 231
123 212
123 217
124 125
124 150
124 236
124 244
125 142
125 208
126 154
126 163
126 183
126 205
127 229
127 233
127 234
127 236
127 249
128 156
131 176
131 179
132 240
133 178
133 185
133 228
134 142
134 154
136 141
136 153
139 229
140 220
141 148
141 153
141 171
143 225
143 248
144 203
144 226
144 247
146 180
147 244
149 179
150 165
150 243
151 192
151 207
152 245
155 204
157 201
159 188
159 221
160 233
163 208
164 167
164 219
165 175
166 172
166 225
166 242
167 184
167 234
169 176
169 220
170 172
174 184
174 210
174 238
175 215
178 235
179 217
182 218
183 230
183 235
184 232
187 239
189 204
195 215
197 234
199 219
199 243
201 235
203 206
203 243
205 230
205 237
206 239
215 237
219 236
235 239
