0 1
0 2
0 3
0 4
0 5
0 6
0 7
0 9
0 11
0 13
0 15
0 16
0 17
0 22
0 32
0 34
0 37
0 41
0 46
0 56
0 57
0 60
0 62
0 64
0 65
0 73
0 86
0 89
0 90
0 101
0 103
0 104
0 113
0 123
0 128
0 133
0 148
0 164
0 169
0 174
0 185
0 191
0 192
0 197
0 199
0 200
0 201
0 226
2 4
2 8
2 68
2 71
2 140
3 4
3 5
3 6
3 8
3 14
3 22
3 24
3 33
3 36
3 39
3 48
3 52
3 56
3 87
3 97
3 117
3 137
3 139
3 141
3 155
3 224
4 5
4 7
4 11
4 12
4 14
4 15
4 16
4 24
4 27
4 30
4 35
4 42
4 63
4 66
4 69
4 70
4 72
4 99
4 103
4 106
4 112
4 124
4 125
4 128
4 131
4 144
4 149
4 154
4 157
4 161
4 172
4 179
4 183
4 188
4 192
4 195
4 205
4 216
4 229
4 243
5 6
5 7
5 9
5 10
5 11
5 15
5 19
5 21
5 25
5 26
5 33
5 36
5 39
5 51
5 57
5 82
5 83
5 110
5 111
5 139
5 151
5 158
5 160
5 166
5 219
5 235
6 8
6 9
6 12
6 17
6 21
6 24
6 25
6 27
6 30
6 31
6 49
6 53
6 58
6 62
6 69
6 73
6 91
6 95
6 103
6 120
6 124
6 127
6 162
6 168
6 198
6 209
6 218
6 220
6 235
7 10
7 28
7 41
7 59
7 84
7 87
7 108
7 113
7 161
7 162
7 195
7 229
7 242
8 13
8 16
8 26
8 38
8 49
8 50
8 74
8 80
8 100
8 106
8 109
8 111
8 150
8 158
8 173
8 199
9 10
9 12
9 13
9 18
9 19
9 28
9 35
9 38
9 41
9 46
9 53
9 82
9 109
9 116
9 170
9 236
10 20
10 37
10 70
10 72
10 83
10 85
10 95
10 97
10 102
10 114
10 117
10 134
10 138
10 165
10 175
11 14
11 17
11 20
11 44
11 45
11 55
11 127
11 135
11 136
11 171
11 173
12 50
12 71
12 81
12 138
12 205
12 208
13 20
13 23
13 26
13 27
13 144
13 211
14 18
14 32
14 67
14 100
14 114
14 130
14 143
14 171
14 241
15 38
15 40
15 61
15 77
15 83
15 108
15 126
15 184
16 21
16 22
16 42
16 49
16 79
16 115
16 151
16 152
16 183
16 187
16 203
17 18
17 19
17 23
17 47
17 54
17 59
17 80
17 84
17 108
17 128
17 210
18 40
18 76
18 94
18 102
18 119
18 152
18 214
19 59
19 166
20 28
20 54
20 60
20 63
20 65
20 132
20 135
20 143
20 212
20 234
21 29
21 236
22 23
22 29
22 31
22 58
22 114
22 240
23 33
23 44
23 46
23 98
23 105
23 187
23 192
24 25
24 30
24 32
24 52
24 64
24 72
24 75
24 118
24 121
24 122
24 130
24 143
24 145
24 156
24 157
24 174
24 247
25 57
25 155
25 205
26 70
26 75
26 76
26 91
26 135
27 39
27 58
27 65
27 188
27 200
27 236
28 29
28 31
28 34
28 35
28 40
28 51
28 55
28 86
28 87
28 89
28 105
28 111
28 136
28 142
28 157
28 166
28 175
28 196
28 197
28 216
28 239
28 242
29 61
29 63
29 125
29 245
30 34
30 78
31 56
31 146
31 152
31 193
32 50
32 93
32 100
33 48
33 54
33 55
33 81
33 96
33 106
33 126
33 171
33 176
33 194
34 68
34 71
34 136
34 153
34 179
34 243
34 244
35 36
35 69
35 99
35 137
35 140
35 229
36 37
36 43
36 45
36 47
36 67
36 73
36 110
36 112
36 121
36 147
36 149
36 182
36 214
36 244
37 43
37 52
37 60
37 66
37 79
37 139
37 234
37 246
38 48
38 86
38 98
38 124
38 159
38 181
38 189
38 195
38 239
39 61
40 42
40 43
40 44
40 45
40 77
40 78
40 84
40 96
40 107
40 177
40 178
40 187
40 203
40 206
40 241
41 47
41 53
41 75
41 245
42 150
42 211
43 91
43 140
43 156
43 184
44 64
44 76
44 101
44 132
44 153
44 207
44 219
44 249
46 51
46 67
46 88
46 97
46 104
46 117
46 133
46 160
46 172
46 174
46 176
46 186
46 190
46 193
46 196
46 220
46 238
46 249
48 74
48 89
48 230
49 62
49 79
50 93
50 196
50 233
51 66
51 116
51 120
52 165
52 228
53 77
53 98
53 127
53 175
53 189
53 214
54 225
55 85
55 130
57 134
57 144
57 199
58 88
58 119
58 123
58 228
58 237
59 93
59 95
59 141
59 159
59 185
59 198
59 206
59 249
60 82
60 131
61 74
61 138
61 162
61 185
61 202
61 242
62 96
62 193
62 218
63 68
63 81
63 220
64 92
64 231
66 150
66 209
67 109
68 221
70 92
70 104
70 110
71 148
71 201
71 225
72 90
72 94
72 146
72 149
72 156
72 202
72 239
73 78
73 80
73 129
73 181
73 190
73 200
73 238
74 225
75 85
75 122
75 147
76 219
76 238
77 227
78 115
79 88
79 99
79 147
79 164
79 167
80 90
80 180
81 112
81 119
81 194
82 213
83 113
83 212
83 213
84 105
84 154
84 179
86 120
86 134
86 168
87 94
88 165
89 107
90 92
90 248
91 176
92 125
92 167
92 178
92 186
92 207
93 118
94 217
94 224
95 101
95 121
95 142
95 153
95 170
95 213
96 132
96 180
96 221
97 232
98 107
98 116
98 118
100 102
100 163
100 191
101 115
101 123
102 146
103 122
103 170
103 208
103 232
104 131
104 163
104 178
104 182
104 198
104 210
105 244
106 126
106 173
106 194
106 216
107 145
107 201
107 245
112 180
114 217
115 231
116 133
117 222
118 204
119 177
121 181
123 137
123 212
124 129
124 246
125 129
125 167
125 215
126 163
126 183
126 204
127 160
127 209
127 221
130 189
131 226
131 227
131 246
131 247
132 145
132 151
133 154
133 161
133 182
133 203
133 222
133 224
133 248
134 141
135 215
135 222
136 231
137 164
139 142
139 158
139 232
141 217
141 223
142 148
143 159
145 172
145 191
145 208
147 155
147 169
147 235
147 240
147 243
149 197
151 230
152 240
156 211
157 168
157 169
159 184
159 188
159 230
159 241
162 177
162 228
162 248
171 190
173 234
179 186
179 206
182 207
188 202
189 218
192 237
194 204
204 215
206 210
206 233
206 237
207 223
210 223
212 233
219 226
219 227
244 247
