0 1
0 2
0 3
0 4
0 5
0 7
0 9
0 10
0 13
0 14
0 15
0 16
0 19
0 23
0 27
0 40
0 45
0 46
0 47
0 54
0 55
0 58
0 60
0 61
0 64
0 68
0 78
0 80
0 83
0 92
0 93
0 98
0 103
0 106
0 110
0 112
0 121
0 124
0 128
0 129
0 136
0 150
0 155
0 158
0 161
0 167
0 168
0 180
0 195
0 198
0 203
0 204
0 211
0 213
0 216
0 219
0 221
0 224
0 226
0 229
0 243
0 245
0 248
1 6
1 7
1 8
1 14
1 15
1 16
1 18
1 27
1 32
1 59
1 96
1 116
1 153
2 5
2 6
2 7
2 9
2 11
2 14
2 17
2 18
2 19
2 21
2 31
2 35
2 39
2 41
2 44
2 50
2 73
2 102
2 108
2 121
2 124
2 136
2 175
2 217
2 218
2 228
2 229
3 5
3 12
3 25
3 34
3 36
3 52
3 83
3 85
3 97
3 113
3 154
3 168
3 178
3 196
4 5
4 6
4 8
4 10
4 16
4 17
4 18
4 19
4 22
4 43
4 51
4 73
4 83
4 153
4 158
4 164
4 166
4 173
4 191
5 6
5 7
5 8
5 12
5 13
5 14
5 15
5 17
5 21
5 24
5 25
5 26
5 29
5 31
5 33
5 34
5 36
5 37
5 41
5 44
5 45
5 48
5 58
5 59
5 62
5 64
5 65
5 69
5 78
5 80
5 86
5 87
5 94
5 99
5 104
5 122
5 123
5 126
5 128
5 144
5 146
5 154
5 156
5 158
5 160
5 172
5 180
5 182
5 187
5 188
5 190
5 240
5 243
6 10
6 20
6 22
6 60
6 80
6 89
6 91
6 94
6 110
6 172
6 211
6 215
6 222
6 232
6 236
6 238
7 8
7 9
7 10
7 16
7 18
7 20
7 23
7 24
7 28
7 37
7 38
7 42
7 50
7 61
7 65
7 93
7 118
7 137
7 139
7 145
7 176
7 193
7 238
8 9
8 11
8 19
8 36
8 70
8 71
8 72
8 79
8 111
8 129
8 146
8 155
8 184
8 186
8 213
8 219
8 247
9 11
9 12
9 13
9 30
9 42
9 50
9 52
9 53
9 54
9 58
9 60
9 66
9 67
9 81
9 89
9 103
9 112
9 130
9 131
9 147
9 169
9 182
9 185
9 186
9 191
9 196
9 210
9 233
9 234
10 11
10 12
10 13
10 23
10 28
10 30
10 45
10 46
10 57
10 67
10 74
10 76
10 91
10 93
10 95
10 101
10 127
10 168
10 176
10 201
10 207
10 223
11 21
11 44
11 63
11 88
11 107
11 116
11 118
11 127
11 132
11 149
11 152
11 173
11 184
11 218
11 235
12 21
12 25
12 30
12 44
12 48
12 66
12 73
12 78
12 81
12 89
12 102
12 117
12 129
12 135
12 213
12 228
12 242
13 15
13 20
13 22
13 24
13 29
13 32
13 41
13 48
13 69
13 72
13 76
13 77
13 82
13 100
13 116
13 123
13 134
13 135
13 140
13 144
13 183
13 187
13 213
13 217
13 238
13 244
14 17
14 34
14 49
14 67
14 79
14 103
14 141
14 151
14 165
14 198
14 203
14 215
15 72
15 95
15 97
15 217
16 27
16 28
16 29
16 33
16 39
16 40
16 47
16 49
16 64
16 66
16 67
16 68
16 71
16 74
16 83
16 87
16 88
16 99
16 107
16 117
16 125
16 148
16 157
16 159
16 177
16 241
16 245
16 249
17 22
17 26
17 29
17 31
17 32
17 40
17 52
17 53
17 56
17 61
17 82
17 86
17 90
17 96
17 111
17 115
17 119
17 143
17 172
17 206
17 220
18 37
18 46
18 53
18 75
18 91
18 118
18 152
18 162
18 188
18 195
18 236
19 20
19 25
19 26
19 34
19 46
19 54
19 87
19 88
19 90
19 98
19 111
19 113
19 147
19 162
19 164
19 179
19 210
19 228
20 24
20 39
20 90
20 147
20 153
21 23
21 27
21 33
21 43
21 51
21 60
21 64
21 76
21 77
21 96
21 120
21 125
21 133
21 137
21 175
21 199
21 229
21 244
21 248
22 26
22 32
22 35
22 36
22 109
22 172
22 179
22 188
22 198
22 231
22 245
23 31
23 49
23 51
23 58
23 82
23 103
23 105
23 107
23 160
23 165
23 194
23 231
24 28
24 95
24 145
24 149
24 161
24 167
24 209
25 35
25 193
25 197
26 42
26 72
26 122
26 136
26 152
26 175
27 53
27 61
27 74
27 123
27 133
27 139
27 200
27 208
27 242
27 244
28 38
28 55
28 57
28 63
28 68
28 71
28 104
28 169
28 182
29 30
29 42
29 75
29 80
29 86
29 124
29 131
29 133
29 225
30 97
30 98
30 106
30 113
30 138
30 159
30 166
31 37
31 41
31 43
31 51
31 52
31 62
31 65
31 84
31 108
31 113
31 152
31 235
32 33
32 38
32 47
32 105
32 134
32 141
32 146
32 195
32 205
33 55
33 70
33 91
33 120
33 144
33 170
33 224
33 230
34 35
34 39
34 40
34 100
34 114
34 184
34 196
34 202
34 238
35 38
35 49
35 62
35 105
35 191
35 199
35 227
36 50
36 70
36 95
36 108
36 145
36 192
36 204
36 248
37 84
37 93
38 163
38 174
39 56
39 68
39 71
39 84
39 88
39 106
39 117
39 118
39 138
39 157
39 171
39 191
39 197
39 206
39 220
39 221
39 222
39 247
39 249
40 77
40 101
40 127
40 177
40 180
41 202
42 43
42 110
42 164
43 47
43 136
44 45
44 55
44 57
44 66
44 84
44 110
44 119
44 123
44 161
44 169
44 186
44 204
44 221
44 247
45 57
45 92
45 132
45 217
45 230
45 232
46 54
46 89
46 126
46 153
46 234
46 239
47 48
47 59
47 75
47 87
47 90
47 102
47 115
47 119
47 125
47 171
47 197
47 201
47 223
47 233
48 69
48 76
48 105
48 116
48 167
48 181
48 184
48 194
48 197
48 229
48 236
49 140
49 185
49 214
50 56
50 85
50 243
51 56
51 62
51 65
51 70
51 98
51 101
51 109
51 179
51 192
52 63
52 73
52 127
52 143
52 227
53 69
53 96
53 130
53 174
53 195
54 63
54 85
54 144
54 220
55 150
55 189
55 202
55 211
55 223
56 114
56 121
56 143
56 151
56 157
56 177
56 178
56 187
57 59
57 92
57 133
57 193
57 231
58 102
58 121
58 165
58 208
58 209
60 75
60 100
60 146
60 181
60 207
60 209
60 215
61 78
61 92
61 108
61 218
62 101
62 129
62 171
62 226
62 237
63 114
63 206
64 79
64 82
64 99
64 109
64 120
64 126
64 176
64 204
64 222
66 100
66 199
66 208
66 243
67 138
68 74
68 140
68 248
69 107
69 112
69 181
69 203
69 219
70 77
70 200
70 228
70 247
71 94
71 99
71 130
71 135
71 143
71 178
71 183
71 242
72 170
73 104
73 142
73 166
73 240
74 81
74 86
74 120
74 122
74 150
74 216
74 222
75 81
75 85
75 168
75 174
75 190
75 240
77 119
77 128
77 147
77 171
77 175
77 242
78 79
79 109
80 106
81 137
81 167
82 112
83 94
83 139
83 154
84 151
84 235
85 122
85 155
85 163
85 170
88 104
88 141
88 157
88 158
88 174
88 177
88 212
88 239
89 97
89 115
89 148
89 207
90 140
90 163
90 200
90 220
91 142
92 201
93 126
93 181
94 198
95 132
95 154
95 227
95 241
95 245
96 131
96 166
97 179
98 115
98 156
98 234
99 125
100 114
100 231
101 209
102 137
102 224
103 145
103 148
103 159
103 196
104 111
104 164
104 233
105 230
107 141
107 156
107 160
109 130
110 124
111 117
111 150
112 182
112 210
113 132
113 142
113 148
113 151
113 194
113 232
113 237
116 190
117 134
117 226
118 162
119 185
120 212
120 225
121 249
122 128
122 135
122 138
125 131
125 234
126 227
127 134
127 200
127 226
127 233
127 244
129 139
130 149
130 214
132 142
133 161
136 156
137 207
138 155
139 169
139 246
140 178
141 241
142 189
142 212
144 189
145 163
146 149
146 160
148 190
148 216
149 170
150 165
152 188
152 225
154 173
154 192
157 159
157 176
157 237
158 162
158 218
158 249
161 173
161 186
161 219
161 221
161 225
162 183
162 241
163 193
163 202
163 205
164 187
167 180
167 201
167 205
168 199
168 235
169 216
170 246
171 208
173 214
174 185
176 189
176 206
178 205
179 224
180 183
184 212
185 236
189 203
189 211
190 192
190 194
191 214
194 239
196 223
202 210
204 246
210 239
212 232
212 246
214 215
218 230
224 240
235 237
