0 1
0 2
0 3
0 4
0 5
0 7
0 9
0 11
0 13
0 16
0 19
0 21
0 23
0 27
0 28
0 32
0 34
0 38
0 42
0 43
0 44
0 48
0 58
0 66
0 69
0 71
0 72
0 76
0 79
0 82
0 85
0 88
0 89
0 94
0 95
0 104
0 114
0 124
0 128
0 143
0 149
0 150
0 165
0 172
0 174
0 184
0 185
0 188
0 195
0 198
0 209
0 239
1 6
1 17
1 64
1 209
2 4
2 5
2 8
2 11
2 12
2 17
2 22
2 24
2 57
2 103
2 142
2 156
2 163
2 209
2 241
3 4
3 5
3 6
3 8
3 10
3 13
3 29
3 31
3 32
3 37
3 44
3 47
3 51
3 54
3 55
3 59
3 69
3 72
3 73
3 77
3 93
3 102
3 116
3 135
3 139
3 152
3 159
3 213
3 216
3 217
3 249
4 7
4 9
4 14
4 18
4 19
4 21
4 22
4 32
4 34
4 36
4 39
4 41
4 50
4 58
4 60
4 61
4 69
4 95
4 101
4 107
4 113
4 115
4 131
4 134
4 148
4 158
4 184
4 200
4 201
4 208
4 217
4 246
5 6
5 10
5 11
5 13
5 17
5 20
5 23
5 31
5 49
5 52
5 55
5 64
5 65
5 67
5 73
5 78
5 83
5 93
5 130
5 136
5 162
5 163
5 177
5 194
5 199
5 203
5 221
5 223
5 226
5 232
5 234
5 243
5 246
6 7
6 8
6 12
6 15
6 16
6 19
6 26
6 31
6 45
6 50
6 63
6 71
6 80
6 92
6 100
6 106
6 112
6 129
6 133
6 174
6 191
6 197
6 207
6 214
6 248
7 9
7 14
7 22
7 25
7 27
7 29
7 47
7 52
7 127
7 132
7 151
7 153
7 157
7 187
7 190
7 207
7 218
8 10
8 12
8 14
8 16
8 18
8 33
8 36
8 38
8 43
8 63
8 79
8 81
8 91
8 95
8 125
8 133
8 159
8 173
8 185
8 218
8 234
10 34
10 107
10 171
10 238
11 15
11 20
11 37
11 53
11 58
11 60
11 93
11 126
11 145
11 151
11 161
11 178
11 218
11 228
11 247
12 15
12 24
12 42
12 46
12 70
12 150
12 190
12 206
12 234
13 21
13 27
13 56
13 61
13 67
13 120
13 123
13 127
13 160
13 161
14 24
14 108
14 122
14 142
15 18
15 26
15 29
15 30
15 33
15 35
15 81
15 86
15 97
15 135
15 170
15 176
15 243
16 28
16 35
16 37
16 38
16 41
16 45
16 60
16 74
16 154
16 167
16 168
16 215
16 232
17 88
17 125
17 175
18 20
18 25
18 52
18 80
18 85
18 119
18 126
18 153
18 160
18 173
18 174
18 240
19 74
19 210
20 23
20 25
20 26
20 30
20 33
20 45
20 46
20 49
20 74
20 84
20 105
20 118
20 169
20 186
20 196
20 206
21 59
21 77
21 101
21 113
21 131
21 169
21 206
21 233
22 40
22 65
22 79
22 176
22 220
22 240
22 243
23 47
23 235
24 28
24 35
24 49
24 50
24 55
24 96
24 106
24 141
24 147
24 189
25 30
25 36
25 51
25 53
25 54
25 68
25 86
25 89
25 179
26 43
26 70
26 72
26 76
26 90
26 92
26 100
26 102
26 110
26 129
26 137
26 156
26 186
26 201
26 240
26 244
27 39
27 40
27 164
27 246
28 42
28 46
28 54
28 86
28 91
28 114
28 134
28 154
29 41
29 75
29 81
29 87
29 91
29 152
29 212
30 53
30 64
30 68
30 77
30 88
30 96
30 98
30 115
30 121
30 143
30 182
30 198
30 211
30 228
31 87
31 120
31 149
32 40
32 44
32 62
32 73
32 75
32 120
32 145
32 146
32 147
32 162
32 187
32 216
32 224
34 56
34 100
34 108
34 125
34 129
34 172
34 199
34 211
34 213
35 103
36 78
36 114
36 130
36 170
37 48
37 63
37 68
37 70
37 80
37 84
37 89
37 90
37 107
37 113
37 127
37 142
37 159
37 162
37 166
37 182
37 183
37 184
37 203
37 222
37 229
37 233
37 237
37 245
38 39
38 51
38 78
38 102
38 137
38 168
38 245
39 48
39 109
39 224
39 236
40 56
40 59
40 66
40 83
40 87
40 139
40 152
40 192
40 200
41 62
42 65
42 132
42 164
43 117
44 75
44 121
45 221
46 175
46 219
47 101
47 140
47 146
48 139
50 57
50 151
50 227
51 61
51 84
51 121
51 158
51 189
51 190
51 215
51 226
52 82
52 85
52 197
52 226
52 247
53 57
53 106
53 220
53 229
54 99
54 118
54 217
55 62
55 71
55 241
56 97
56 134
57 67
57 83
57 98
57 104
57 147
57 157
57 248
58 112
58 119
58 168
58 201
58 202
59 108
59 115
59 123
59 140
59 169
59 191
59 203
59 208
59 221
59 223
59 232
60 105
61 76
61 160
61 161
62 90
62 138
62 165
62 205
62 207
62 248
63 82
63 94
63 126
63 213
65 66
66 122
66 130
66 153
67 109
67 225
68 117
68 183
69 98
69 117
69 131
70 187
70 215
70 242
71 158
72 128
74 92
74 165
74 199
76 116
76 230
76 231
77 182
77 204
79 132
79 176
79 245
80 166
81 193
82 211
83 105
83 141
83 155
83 204
83 214
83 230
84 96
84 136
85 110
85 141
86 99
86 124
86 225
87 144
87 155
88 197
88 223
90 109
90 148
91 110
91 146
91 229
92 94
92 97
92 173
92 192
92 196
93 118
93 193
94 186
95 170
96 137
97 150
97 196
97 227
98 99
98 111
98 136
98 144
98 180
98 194
98 219
99 172
100 103
101 104
101 198
101 216
102 111
103 222
103 249
105 144
105 171
105 231
106 111
106 191
106 195
107 122
107 143
107 200
108 208
109 231
110 128
110 222
111 112
111 180
113 116
113 138
113 179
115 179
115 204
115 225
115 239
117 119
117 124
118 123
118 135
118 163
118 181
118 237
119 140
119 145
119 202
119 214
120 177
120 188
120 235
120 244
123 133
123 236
124 157
125 227
126 195
126 249
128 171
128 181
130 194
131 138
131 156
131 233
132 185
135 235
136 149
136 188
137 164
137 167
138 154
142 155
142 175
142 183
143 177
144 148
144 210
144 237
145 244
148 205
148 242
155 178
156 193
156 202
157 167
157 210
163 166
164 189
165 212
168 180
171 178
171 181
172 228
175 230
175 236
177 192
184 220
187 238
189 205
190 239
192 212
193 247
195 241
206 219
212 224
224 242
235 238
