0 1
0 2
0 3
0 4
0 5
0 6
0 7
0 8
0 10
0 11
0 12
0 13
0 14
0 18
0 19
0 21
0 22
0 26
0 27
0 35
0 37
0 53
0 54
0 56
0 57
0 58
0 59
0 69
0 73
0 79
0 83
0 85
0 89
0 99
0 108
0 116
0 117
0 122
0 127
0 136
0 138
0 146
0 153
0 154
0 162
0 163
0 168
0 173
0 174
0 176
0 180
0 190
0 196
0 211
0 216
0 224
0 230
0 240
0 247
1 6
1 9
1 12
1 13
1 15
1 18
1 21
1 25
1 28
1 30
1 31
1 34
1 37
1 40
1 45
1 55
1 62
1 80
1 91
1 96
1 114
1 122
1 131
1 148
1 160
1 175
1 193
1 197
1 203
1 216
1 237
2 7
2 8
2 13
2 17
2 20
2 33
2 44
2 53
2 86
2 93
2 144
2 171
2 183
2 195
2 200
3 6
3 7
3 8
3 9
3 10
3 11
3 12
3 13
3 16
3 18
3 19
3 24
3 25
3 26
3 28
3 29
3 31
3 35
3 37
3 38
3 45
3 51
3 52
3 58
3 61
3 67
3 69
3 75
3 78
3 79
3 84
3 92
3 96
3 112
3 113
3 114
3 123
3 136
3 143
3 155
3 159
3 168
3 176
3 193
3 196
3 200
3 209
3 217
3 232
3 237
3 239
3 241
3 245
3 247
4 6
4 7
4 9
4 12
4 14
4 22
4 23
4 24
4 27
4 28
4 37
4 40
4 47
4 54
4 58
4 62
4 77
4 80
4 95
4 104
4 112
4 120
4 159
4 170
4 171
4 174
4 186
4 194
5 6
5 8
5 10
5 11
5 13
5 15
5 16
5 17
5 25
5 27
5 33
5 43
5 57
5 64
5 97
5 134
5 137
5 149
5 156
5 167
5 182
5 193
5 213
6 7
6 9
6 11
6 17
6 18
6 20
6 21
6 23
6 24
6 36
6 41
6 48
6 50
6 61
6 63
6 64
6 70
6 77
6 86
6 87
6 95
6 100
6 105
6 108
6 113
6 122
6 130
6 134
6 135
6 142
6 143
6 148
6 149
6 156
6 166
6 170
6 176
6 188
6 201
6 210
6 211
6 216
6 224
7 8
7 10
7 14
7 16
7 18
7 21
7 22
7 23
7 24
7 26
7 27
7 30
7 31
7 33
7 34
7 53
7 54
7 56
7 64
7 88
7 99
7 123
7 128
7 135
7 175
7 179
7 196
7 202
7 203
7 224
7 243
8 9
8 10
8 11
8 15
8 16
8 19
8 23
8 24
8 26
8 29
8 32
8 35
8 42
8 52
8 60
8 63
8 68
8 69
8 76
8 77
8 81
8 82
8 90
8 93
8 99
8 127
8 129
8 134
8 147
8 161
8 165
8 178
8 181
8 183
8 198
8 215
8 217
8 232
8 233
8 240
8 247
9 14
9 39
9 48
9 92
9 102
9 154
9 157
9 197
10 12
10 15
10 17
10 27
10 29
10 30
10 32
10 33
10 36
10 38
10 42
10 48
10 57
10 60
10 64
10 66
10 71
10 76
10 90
10 98
10 104
10 112
10 126
10 131
10 139
10 141
10 185
10 206
10 244
11 15
11 29
11 32
11 39
11 43
11 46
11 49
11 55
11 61
11 74
11 97
11 98
11 106
11 119
11 162
11 168
11 188
11 221
11 232
12 14
12 20
12 36
12 41
12 46
12 85
12 87
12 161
12 164
12 165
13 17
13 19
13 21
13 26
13 43
13 55
13 58
13 60
13 62
13 76
13 86
13 93
13 96
13 107
13 109
13 130
13 140
13 184
13 186
13 187
13 200
13 213
14 23
14 35
14 72
14 101
14 117
14 137
14 147
14 175
14 192
14 198
14 222
14 238
14 246
15 16
15 22
15 43
15 46
15 80
15 88
15 102
15 103
15 115
15 119
15 174
15 205
15 207
15 243
15 246
16 19
16 20
16 28
16 44
16 55
16 56
16 66
16 69
16 88
16 101
16 110
16 118
16 119
16 126
16 136
16 140
16 151
16 153
16 157
16 172
16 182
16 184
16 200
16 207
16 211
16 240
16 249
17 20
17 25
17 32
17 34
17 38
17 43
17 48
17 49
17 81
17 84
17 95
17 103
17 104
17 105
17 123
17 130
17 146
17 158
17 173
17 182
17 183
17 204
17 206
17 218
17 226
17 235
18 30
18 41
18 76
18 87
18 91
18 99
18 132
18 139
18 166
19 22
19 31
19 34
19 38
19 44
19 71
19 84
19 86
19 89
19 140
19 158
19 172
19 243
20 44
20 50
20 54
20 75
20 84
20 85
20 98
20 100
20 143
20 162
20 191
20 207
20 213
20 224
20 243
20 248
21 25
21 37
21 40
21 47
21 50
21 83
21 107
21 145
21 160
21 188
21 206
22 36
22 39
22 47
22 51
22 67
22 94
22 120
22 153
22 170
22 195
22 208
22 239
23 28
23 29
23 30
23 34
23 39
23 51
23 59
23 65
23 72
23 74
23 78
23 95
23 109
23 131
23 135
23 140
23 159
23 177
23 193
23 197
23 208
23 226
23 241
24 35
24 36
24 45
24 104
24 128
24 148
24 201
24 228
24 243
25 32
25 33
25 38
25 47
25 49
25 54
25 59
25 68
25 71
25 91
25 103
25 115
25 144
25 146
25 158
26 46
26 82
26 95
26 226
26 231
27 40
27 49
27 103
27 109
27 139
27 156
27 176
27 177
27 187
28 41
28 102
28 127
28 138
28 169
28 189
28 205
29 31
29 61
29 62
29 69
29 70
29 77
29 78
29 80
29 85
29 98
29 134
29 152
29 174
29 239
30 57
30 67
30 70
30 89
30 94
30 121
30 207
31 77
31 142
31 170
31 180
31 242
32 53
32 56
32 65
32 74
32 82
32 125
32 144
32 155
32 180
32 189
32 191
32 192
32 195
32 210
32 212
32 220
33 40
33 41
33 51
33 64
33 70
33 78
33 133
33 134
33 154
33 199
33 240
33 245
34 39
34 57
34 72
34 79
34 87
34 113
34 119
34 136
34 152
34 168
34 232
34 244
35 42
35 44
35 105
35 170
36 42
36 50
36 101
36 111
36 114
36 143
36 178
36 179
36 180
36 214
37 42
37 45
37 47
37 89
37 102
37 128
37 169
37 222
37 234
37 235
38 52
38 65
38 81
38 84
38 100
38 116
38 154
38 167
38 180
38 212
38 218
38 228
39 49
39 56
39 60
39 67
39 73
39 82
39 90
39 92
39 126
39 129
39 152
39 166
39 233
40 46
40 48
40 52
40 53
40 100
40 106
40 139
40 160
40 202
40 231
41 73
41 82
41 88
41 94
41 97
41 118
41 120
41 132
41 189
41 249
42 148
42 166
42 185
42 205
43 45
43 59
43 66
43 72
43 86
43 124
43 168
43 179
44 50
44 51
44 52
44 59
44 68
44 71
44 79
44 83
44 105
44 109
44 124
44 145
44 193
44 217
44 248
45 62
45 63
45 66
45 72
45 73
45 91
45 108
45 125
45 132
45 145
46 65
46 81
46 108
46 186
46 199
46 225
46 230
47 184
47 222
47 228
48 71
48 83
48 124
48 142
48 194
48 210
49 81
49 83
49 104
49 190
49 204
50 66
50 67
50 70
50 75
50 110
50 121
51 112
51 130
51 236
52 90
52 202
52 221
52 230
53 55
53 61
53 92
53 114
53 200
54 92
54 93
54 101
54 116
54 135
55 63
55 99
55 101
55 102
55 110
55 116
55 120
55 127
55 144
55 236
56 58
56 60
56 117
56 129
56 236
56 241
57 97
57 108
57 152
57 201
58 88
58 96
58 152
58 156
58 163
58 171
58 187
58 189
58 201
58 229
59 63
59 68
59 78
59 96
59 119
59 144
59 157
59 163
59 169
59 203
59 229
59 235
59 248
60 204
60 235
61 74
61 75
61 91
61 111
61 171
61 194
61 201
62 73
62 75
62 90
62 105
62 106
62 137
62 160
62 167
63 65
64 79
64 125
64 131
64 137
64 146
64 163
64 212
64 246
65 68
65 74
65 76
65 107
65 125
65 141
65 173
65 220
65 245
66 98
66 138
66 141
66 167
67 80
67 87
67 169
67 177
68 110
68 212
68 239
69 97
69 106
69 128
70 169
70 178
70 181
70 182
70 202
70 206
71 85
71 128
71 150
71 178
71 213
71 234
72 125
72 177
73 103
73 183
73 218
74 151
74 219
75 89
75 100
75 150
75 195
76 94
76 147
76 173
76 190
77 165
80 122
80 126
80 149
80 157
80 212
81 117
81 208
81 221
82 129
82 132
82 133
82 161
82 176
82 244
83 94
83 186
83 191
83 197
84 122
84 222
84 231
84 236
85 130
85 219
86 93
86 129
86 204
87 117
87 145
88 109
88 142
88 147
88 172
88 247
88 248
89 116
89 160
90 107
90 138
91 113
91 121
91 151
91 166
91 191
91 214
92 123
92 133
92 148
92 194
92 221
93 118
94 167
95 111
95 113
95 118
95 156
95 224
96 106
96 126
96 171
96 175
96 211
96 223
97 123
97 190
97 232
97 242
98 147
98 159
99 115
99 118
99 140
99 183
100 124
100 159
100 175
100 211
100 223
101 111
101 115
101 121
101 153
101 225
102 163
102 192
103 110
103 111
103 141
103 188
103 214
105 107
105 121
105 141
105 164
105 197
105 198
105 225
106 120
108 155
108 209
109 112
109 131
109 162
109 235
110 124
110 158
110 162
110 210
110 220
111 244
112 114
113 115
113 184
113 185
113 191
113 192
113 223
114 127
114 133
114 150
114 165
114 179
114 215
114 216
114 217
114 223
115 132
115 151
115 227
117 161
117 182
117 245
118 139
119 133
119 149
120 145
120 150
120 154
121 146
122 138
123 178
123 209
124 184
125 136
125 223
125 245
126 172
128 194
129 244
130 186
132 135
132 218
132 233
132 241
134 137
134 150
135 157
135 234
136 149
136 158
136 179
136 198
136 199
136 226
136 227
137 161
137 185
138 189
138 238
139 142
139 151
139 181
139 207
140 143
140 181
140 215
141 155
142 153
142 219
142 242
143 198
143 205
144 210
144 234
144 238
145 205
145 237
146 222
147 155
147 164
147 172
147 246
150 164
150 165
150 190
150 196
150 199
150 206
151 209
151 227
152 192
152 213
154 220
155 216
155 227
155 228
155 230
157 195
157 203
157 219
157 225
158 219
159 208
159 231
160 164
160 217
162 177
162 225
163 173
163 230
164 187
166 185
166 202
166 214
167 209
167 249
168 227
168 249
169 174
169 239
170 238
170 246
173 231
173 237
174 181
175 229
176 236
176 242
177 187
177 218
178 240
182 188
182 196
183 242
186 215
186 247
187 234
190 221
192 208
195 229
196 199
196 204
197 214
197 220
197 229
201 238
202 203
202 226
202 228
205 233
205 248
211 249
214 215
214 241
221 233
231 237
