0 17
0 36
0 44
0 45
0 59
0 86
0 104
0 116
0 150
0 154
0 156
0 162
0 173
0 180
0 201
0 211
0 215
0 225
0 238
0 240
1 2
1 15
1 16
1 22
1 32
1 41
1 42
1 44
1 52
1 64
1 65
1 67
1 70
1 73
1 86
1 94
1 114
1 115
1 125
1 132
1 140
1 146
1 150
1 167
1 183
1 184
1 185
1 196
1 199
1 217
1 221
1 223
1 235
2 25
2 28
2 34
2 41
2 50
2 57
2 74
2 75
2 83
2 93
2 105
2 140
2 146
2 150
2 159
2 209
2 213
2 225
2 247
3 27
3 44
3 55
3 61
3 68
3 71
3 77
3 80
3 87
3 99
3 102
3 113
3 133
3 139
3 154
3 155
3 167
3 181
3 194
3 216
3 219
3 245
4 7
4 8
4 13
4 17
4 21
4 28
4 33
4 34
4 39
4 44
4 48
4 57
4 68
4 72
4 91
4 93
4 103
4 106
4 107
4 113
4 150
4 166
4 180
4 183
4 193
4 197
4 213
4 221
4 224
4 228
4 231
4 240
5 27
5 34
5 43
5 46
5 55
5 58
5 62
5 65
5 69
5 90
5 93
5 101
5 106
5 107
5 110
5 120
5 128
5 161
5 172
5 177
5 181
5 185
5 199
5 204
5 230
5 239
5 240
5 246
6 13
6 33
6 50
6 51
6 53
6 55
6 62
6 68
6 79
6 91
6 93
6 99
6 100
6 115
6 122
6 126
6 132
6 137
6 140
6 180
6 184
6 194
6 214
6 231
6 240
6 246
7 11
7 19
7 22
7 32
7 40
7 42
7 46
7 78
7 79
7 81
7 97
7 98
7 114
7 126
7 138
7 146
7 152
7 157
7 159
7 163
7 164
7 171
7 173
7 180
7 212
7 227
7 233
7 239
7 246
8 29
8 52
8 61
8 65
8 66
8 71
8 77
8 80
8 85
8 119
8 120
8 140
8 141
8 144
8 156
8 166
8 176
8 186
8 196
8 210
8 214
8 222
8 224
9 20
9 30
9 32
9 40
9 42
9 51
9 56
9 59
9 68
9 76
9 85
9 89
9 104
9 110
9 145
9 146
9 147
9 156
9 163
9 186
9 195
9 208
9 209
9 218
9 219
9 223
9 237
9 246
9 248
10 21
10 28
10 30
10 32
10 53
10 54
10 78
10 81
10 83
10 97
10 115
10 119
10 126
10 140
10 143
10 148
10 153
10 157
10 178
10 180
10 188
10 197
10 231
10 243
10 244
11 19
11 24
11 26
11 30
11 48
11 51
11 57
11 64
11 68
11 70
11 81
11 90
11 99
11 121
11 123
11 134
11 136
11 144
11 158
11 161
11 172
11 175
11 198
11 205
11 209
11 228
11 236
11 237
12 25
12 33
12 34
12 76
12 84
12 85
12 117
12 153
12 156
12 162
12 171
12 181
12 188
12 199
12 202
12 204
12 218
12 232
12 246
12 248
13 22
13 35
13 38
13 54
13 62
13 77
13 110
13 118
13 136
13 158
13 176
13 183
13 188
13 190
13 204
13 205
13 207
13 210
13 212
13 215
13 238
13 246
14 32
14 49
14 57
14 60
14 66
14 68
14 72
14 73
14 74
14 79
14 95
14 111
14 112
14 113
14 117
14 133
14 156
14 157
14 169
14 177
14 185
14 197
14 216
14 235
14 237
14 248
15 39
15 43
15 47
15 68
15 71
15 100
15 112
15 126
15 128
15 139
15 155
15 157
15 175
15 201
15 208
15 231
15 238
15 239
15 244
16 25
16 27
16 54
16 82
16 109
16 110
16 120
16 144
16 158
16 177
16 200
16 201
16 207
16 211
16 223
16 246
16 249
17 26
17 33
17 42
17 53
17 55
17 62
17 69
17 75
17 88
17 100
17 109
17 113
17 117
17 154
17 155
17 162
17 168
17 169
17 184
17 186
17 188
17 194
17 197
17 199
17 214
17 223
17 229
17 230
17 231
17 239
17 245
18 33
18 46
18 60
18 82
18 100
18 103
18 105
18 118
18 122
18 130
18 153
18 178
18 184
18 200
18 211
18 223
18 224
18 242
19 28
19 29
19 39
19 45
19 62
19 64
19 65
19 66
19 70
19 81
19 97
19 142
19 146
19 147
19 156
19 157
19 161
19 162
19 164
19 168
19 170
19 174
19 199
19 214
19 216
19 225
19 230
19 231
19 237
20 28
20 29
20 64
20 77
20 119
20 148
20 151
20 162
20 169
20 171
20 184
20 189
20 219
21 33
21 43
21 50
21 57
21 65
21 73
21 82
21 85
21 96
21 119
21 126
21 129
21 130
21 136
21 152
21 175
21 202
21 214
21 218
22 32
22 38
22 51
22 69
22 131
22 136
22 137
22 140
22 147
22 161
22 173
22 190
22 191
22 193
22 200
22 203
22 204
22 225
23 30
23 33
23 34
23 50
23 52
23 64
23 65
23 67
23 77
23 83
23 95
23 98
23 111
23 132
23 146
23 150
23 160
23 188
23 191
23 203
23 211
23 212
23 215
23 237
24 25
24 52
24 53
24 58
24 59
24 62
24 63
24 67
24 71
24 76
24 87
24 93
24 101
24 121
24 128
24 138
24 154
24 171
24 190
24 192
24 226
24 235
24 248
25 31
25 35
25 43
25 47
25 70
25 73
25 92
25 96
25 109
25 140
25 149
25 172
25 174
25 182
25 196
25 197
25 210
25 222
25 227
25 246
26 39
26 65
26 67
26 72
26 76
26 82
26 93
26 101
26 102
26 121
26 142
26 143
26 147
26 153
26 167
26 195
26 198
26 202
26 210
26 241
26 246
27 28
27 32
27 37
27 43
27 51
27 60
27 111
27 124
27 139
27 140
27 168
27 185
27 192
27 198
27 202
27 206
27 217
27 226
27 227
27 240
28 35
28 47
28 54
28 67
28 74
28 78
28 83
28 84
28 86
28 88
28 92
28 93
28 101
28 114
28 118
28 125
28 131
28 134
28 136
28 139
28 144
28 160
28 164
28 171
28 178
28 181
28 190
28 209
28 219
28 223
28 239
29 47
29 56
29 73
29 77
29 78
29 80
29 93
29 122
29 125
29 126
29 153
29 158
29 170
29 176
29 186
29 187
29 190
29 205
29 206
29 209
29 213
29 214
29 219
29 224
29 229
29 235
29 237
30 32
30 36
30 41
30 48
30 52
30 55
30 61
30 73
30 78
30 105
30 111
30 126
30 139
30 143
30 150
30 211
30 214
30 217
30 218
30 240
30 246
31 41
31 46
31 67
31 68
31 80
31 84
31 94
31 103
31 127
31 136
31 141
31 160
31 163
31 173
31 178
31 179
31 184
31 186
31 195
31 208
31 213
31 220
32 55
32 56
32 69
32 71
32 86
32 91
32 95
32 100
32 118
32 144
32 158
32 161
32 188
32 190
32 198
32 204
32 208
32 209
32 218
32 223
32 237
32 244
33 41
33 60
33 91
33 98
33 116
33 126
33 137
33 157
33 167
33 180
33 191
33 192
33 193
33 202
33 219
33 230
33 244
33 245
34 40
34 42
34 44
34 55
34 71
34 93
34 103
34 110
34 120
34 131
34 140
34 143
34 146
34 171
34 173
34 186
34 200
34 221
35 54
35 81
35 118
35 119
35 121
35 125
35 135
35 146
35 153
35 160
35 161
35 169
35 171
35 180
35 197
35 203
35 207
35 216
35 223
35 227
35 229
35 232
35 238
35 247
36 39
36 49
36 92
36 101
36 106
36 108
36 131
36 134
36 137
36 145
36 162
36 174
36 175
36 188
36 189
36 205
36 216
36 233
36 245
37 40
37 68
37 69
37 73
37 103
37 105
37 106
37 109
37 120
37 151
37 155
37 183
37 185
37 191
37 209
37 227
37 230
37 235
37 239
37 241
37 244
38 40
38 45
38 50
38 55
38 63
38 75
38 91
38 92
38 105
38 106
38 118
38 164
38 170
38 179
38 181
38 188
38 208
38 212
38 233
38 238
39 49
39 70
39 73
39 78
39 83
39 92
39 127
39 134
39 135
39 141
39 147
39 153
39 155
39 159
39 172
39 173
39 174
39 178
39 188
39 196
39 198
39 212
39 217
39 218
39 222
39 238
39 242
40 51
40 56
40 68
40 77
40 84
40 86
40 87
40 104
40 110
40 111
40 119
40 126
40 131
40 135
40 162
40 163
40 164
40 177
40 186
40 209
40 220
40 236
41 52
41 59
41 61
41 81
41 86
41 123
41 135
41 140
41 167
41 190
41 191
41 200
41 210
41 214
41 220
41 223
41 231
41 237
42 53
42 59
42 62
42 64
42 69
42 81
42 88
42 94
42 107
42 115
42 119
42 143
42 153
42 169
42 174
42 179
42 180
42 188
42 191
42 209
42 211
42 215
42 224
42 227
42 231
42 241
42 245
43 50
43 58
43 59
43 61
43 85
43 122
43 129
43 131
43 140
43 150
43 152
43 166
43 171
43 187
43 198
43 205
43 214
43 216
43 217
43 230
43 233
43 241
44 47
44 48
44 57
44 70
44 99
44 101
44 102
44 113
44 119
44 135
44 174
44 177
44 180
44 194
44 196
44 199
44 202
44 205
44 206
44 211
44 219
44 225
44 229
44 234
44 241
45 51
45 58
45 59
45 74
45 87
45 95
45 105
45 115
45 126
45 131
45 176
45 181
45 188
45 197
45 204
45 236
45 241
45 242
46 48
46 67
46 71
46 76
46 91
46 97
46 113
46 117
46 120
46 126
46 129
46 145
46 201
46 223
46 225
46 230
46 233
47 54
47 64
47 81
47 94
47 104
47 115
47 125
47 130
47 136
47 141
47 151
47 152
47 154
47 157
47 161
47 193
47 200
47 206
47 207
47 208
47 221
47 235
47 243
47 247
48 52
48 65
48 66
48 78
48 81
48 83
48 84
48 97
48 100
48 115
48 117
48 143
48 152
48 166
48 167
48 169
48 185
48 187
48 203
48 212
48 213
48 228
48 247
49 64
49 76
49 82
49 86
49 93
49 99
49 103
49 115
49 118
49 124
49 127
49 129
49 146
49 165
49 168
49 172
49 174
49 187
49 205
49 227
49 237
49 240
50 65
50 75
50 81
50 89
50 96
50 126
50 145
50 148
50 169
50 186
50 187
50 188
50 197
50 211
50 218
50 226
50 231
50 238
50 245
50 248
50 249
51 52
51 59
51 82
51 100
51 103
51 106
51 107
51 108
51 118
51 136
51 147
51 148
51 179
51 183
51 185
51 191
51 193
51 196
51 197
51 203
51 206
51 216
51 222
51 227
51 246
51 247
52 77
52 81
52 90
52 93
52 102
52 111
52 140
52 141
52 143
52 147
52 161
52 167
52 173
52 182
52 210
52 216
52 219
52 221
52 222
52 227
52 235
52 244
52 245
53 57
53 61
53 69
53 89
53 95
53 105
53 112
53 116
53 117
53 119
53 126
53 139
53 142
53 149
53 151
53 168
53 172
53 203
53 216
53 234
53 236
54 72
54 82
54 87
54 93
54 105
54 113
54 118
54 120
54 122
54 123
54 127
54 132
54 234
54 238
54 244
54 249
55 66
55 81
55 83
55 106
55 110
55 116
55 125
55 132
55 143
55 150
55 154
55 168
55 172
55 180
55 191
55 207
55 242
56 57
56 58
56 67
56 70
56 75
56 114
56 136
56 150
56 171
56 172
56 178
56 188
56 195
56 201
56 204
56 222
56 247
57 66
57 69
57 103
57 116
57 118
57 139
57 155
57 158
57 172
57 173
57 190
57 209
57 210
57 213
57 214
57 215
57 219
58 61
58 65
58 66
58 82
58 90
58 105
58 110
58 126
58 145
58 147
58 159
58 165
58 184
58 185
58 205
58 207
58 213
59 64
59 76
59 80
59 88
59 98
59 101
59 108
59 121
59 131
59 133
59 181
59 183
59 186
59 189
59 203
59 211
59 233
59 234
59 235
59 237
59 245
60 61
60 80
60 86
60 90
60 100
60 104
60 106
60 116
60 117
60 147
60 158
60 160
60 162
60 164
60 172
60 174
60 182
60 190
60 198
60 199
60 206
60 210
60 216
60 225
60 239
60 247
61 71
61 87
61 90
61 92
61 96
61 115
61 130
61 134
61 139
61 149
61 224
61 229
61 242
62 76
62 92
62 106
62 112
62 124
62 127
62 137
62 148
62 179
62 181
62 182
62 198
62 246
63 67
63 70
63 76
63 85
63 90
63 107
63 113
63 114
63 121
63 131
63 157
63 173
63 202
63 205
63 225
63 227
63 241
63 244
63 249
64 67
64 81
64 113
64 116
64 130
64 137
64 139
64 148
64 154
64 156
64 159
64 175
64 179
64 202
64 208
64 211
64 216
64 218
64 221
64 226
64 247
64 248
65 71
65 73
65 83
65 89
65 93
65 104
65 114
65 124
65 125
65 127
65 134
65 138
65 152
65 158
65 241
65 246
66 78
66 81
66 82
66 88
66 97
66 109
66 125
66 134
66 139
66 168
66 169
66 174
66 188
66 192
66 199
66 217
66 227
66 235
66 248
67 71
67 76
67 77
67 80
67 101
67 110
67 130
67 131
67 136
67 142
67 147
67 157
67 158
67 166
67 173
67 176
67 189
67 193
67 202
67 210
67 217
67 231
67 242
67 244
67 246
67 247
68 83
68 110
68 117
68 128
68 134
68 135
68 160
68 161
68 163
68 167
68 174
68 188
68 194
68 195
68 212
68 215
68 218
68 223
68 226
68 234
68 236
68 238
69 71
69 80
69 84
69 87
69 88
69 116
69 143
69 158
69 164
69 166
69 198
69 201
69 212
69 214
69 231
69 242
70 72
70 74
70 78
70 87
70 95
70 109
70 119
70 142
70 159
70 161
70 166
70 168
70 170
70 179
70 197
70 217
70 231
70 233
70 240
71 72
71 77
71 81
71 91
71 92
71 110
71 122
71 150
71 159
71 198
71 208
71 213
71 214
71 237
72 94
72 106
72 107
72 108
72 132
72 163
72 173
72 196
72 200
72 204
72 207
72 213
72 233
73 89
73 119
73 125
73 132
73 140
73 146
73 174
73 186
73 191
73 201
73 226
73 247
74 77
74 80
74 87
74 106
74 107
74 125
74 132
74 133
74 136
74 143
74 148
74 158
74 180
74 188
74 200
74 211
74 248
75 92
75 96
75 99
75 111
75 119
75 130
75 149
75 158
75 171
75 177
75 186
75 202
75 203
75 204
75 208
75 214
75 224
75 247
75 249
76 89
76 100
76 104
76 128
76 134
76 136
76 170
76 171
76 180
76 185
76 191
76 199
76 201
76 217
76 224
76 237
76 239
76 242
76 243
77 78
77 91
77 114
77 123
77 144
77 157
77 175
77 177
77 185
77 189
77 192
77 218
77 222
77 226
77 236
77 238
77 242
77 246
78 82
78 86
78 98
78 101
78 118
78 135
78 151
78 168
78 170
78 174
78 183
78 194
78 209
78 212
78 214
78 221
78 228
79 89
79 95
79 111
79 117
79 121
79 131
79 158
79 181
79 188
79 199
79 206
79 211
79 232
79 244
80 88
80 98
80 100
80 106
80 107
80 120
80 122
80 142
80 147
80 156
80 171
80 172
80 173
80 196
80 205
80 217
80 218
80 224
80 229
80 230
80 231
81 93
81 100
81 104
81 137
81 149
81 172
81 214
81 219
81 234
82 83
82 84
82 96
82 97
82 102
82 108
82 112
82 146
82 149
82 163
82 166
82 167
82 173
82 175
82 176
82 180
82 185
82 195
82 217
82 218
82 237
83 88
83 99
83 114
83 122
83 128
83 133
83 144
83 150
83 152
83 160
83 163
83 173
83 179
83 195
83 217
83 220
83 226
83 229
83 236
84 90
84 99
84 104
84 106
84 107
84 113
84 131
84 152
84 170
84 171
84 179
84 207
84 216
84 228
84 238
84 245
85 101
85 104
85 108
85 113
85 126
85 138
85 139
85 166
85 213
85 214
85 215
85 242
86 87
86 91
86 93
86 110
86 140
86 143
86 153
86 154
86 159
86 188
86 190
86 195
86 230
87 103
87 109
87 111
87 126
87 127
87 131
87 137
87 154
87 157
87 161
87 190
87 197
87 213
87 225
87 244
88 89
88 91
88 92
88 95
88 106
88 107
88 111
88 114
88 120
88 129
88 156
88 160
88 167
88 170
88 194
88 198
88 201
88 226
88 227
88 229
88 230
88 242
89 98
89 112
89 117
89 122
89 124
89 127
89 132
89 148
89 177
89 181
89 182
89 187
89 194
89 207
89 220
89 234
89 235
90 106
90 109
90 112
90 122
90 125
90 129
90 161
90 180
90 185
90 187
90 199
90 207
90 208
90 212
90 217
90 220
90 241
90 246
91 95
91 109
91 119
91 120
91 124
91 126
91 129
91 140
91 142
91 143
91 162
91 174
91 185
91 191
91 196
91 231
91 244
92 93
92 106
92 109
92 129
92 137
92 153
92 154
92 165
92 166
92 179
92 207
92 218
92 219
92 220
92 232
92 244
93 96
93 106
93 114
93 135
93 139
93 141
93 148
93 163
93 179
93 183
93 194
93 217
93 222
93 228
93 239
93 240
93 246
93 247
94 114
94 139
94 150
94 194
94 196
94 215
94 219
94 241
95 129
95 136
95 173
95 183
95 192
95 194
95 203
95 206
95 233
95 235
96 97
96 106
96 129
96 132
96 147
96 185
96 187
96 196
96 206
96 208
96 209
96 223
97 101
97 102
97 133
97 142
97 170
97 175
97 188
97 203
97 205
97 208
97 226
97 239
97 248
98 126
98 142
98 148
98 155
98 160
98 166
98 175
98 179
98 189
98 195
98 216
98 217
98 218
98 221
98 237
98 246
99 121
99 125
99 128
99 130
99 132
99 142
99 154
99 175
99 179
99 189
99 194
99 210
99 216
99 230
99 249
100 115
100 116
100 127
100 146
100 151
100 161
100 165
100 166
100 167
100 168
100 176
100 181
100 182
100 192
100 194
100 200
100 229
101 105
101 123
101 124
101 133
101 138
101 150
101 151
101 156
101 182
101 198
101 203
101 205
101 217
101 224
101 225
101 233
101 243
102 107
102 120
102 121
102 127
102 139
102 145
102 146
102 151
102 159
102 169
102 178
102 198
102 200
102 207
102 209
102 225
102 227
102 233
102 244
103 112
103 146
103 163
103 168
103 188
103 198
103 203
103 230
103 236
104 108
104 113
104 118
104 142
104 166
104 169
104 179
104 186
104 193
104 202
104 209
104 225
104 227
104 229
104 232
104 233
104 241
104 243
105 110
105 143
105 163
105 194
105 208
105 214
105 219
105 232
105 248
106 117
106 121
106 126
106 143
106 151
106 154
106 164
106 170
106 172
106 196
106 202
106 206
106 210
106 216
106 236
106 246
106 248
107 115
107 123
107 144
107 150
107 163
107 164
107 167
107 203
107 207
107 230
107 231
107 234
108 132
108 140
108 171
108 177
108 184
108 203
108 232
108 236
108 243
109 111
109 123
109 134
109 137
109 209
109 215
109 216
109 220
109 225
109 226
110 119
110 120
110 124
110 128
110 129
110 138
110 144
110 146
110 150
110 153
110 157
110 159
110 161
110 163
110 170
110 173
110 187
110 188
110 195
110 196
110 204
110 216
110 231
110 237
110 245
111 113
111 134
111 139
111 145
111 166
111 173
111 179
111 180
111 193
111 211
111 212
111 221
111 225
111 228
111 233
111 240
111 249
112 119
112 133
112 145
112 170
112 174
112 183
112 189
112 204
112 214
112 217
112 238
112 241
112 243
112 244
112 245
113 118
113 126
113 132
113 136
113 147
113 156
113 158
113 180
113 182
113 191
113 197
113 204
113 221
113 227
113 241
113 243
114 182
114 225
114 227
114 235
114 244
115 121
115 129
115 133
115 136
115 152
115 161
115 172
115 207
115 210
115 217
115 219
115 231
115 237
116 132
116 137
116 141
116 143
116 153
116 156
116 158
116 164
116 168
116 171
116 180
116 185
116 199
116 205
116 214
116 224
116 228
116 230
116 238
116 240
116 246
117 118
117 146
117 163
117 170
117 173
117 183
117 191
117 220
117 237
117 247
118 128
118 129
118 137
118 138
118 155
118 162
118 169
118 178
118 184
118 192
118 198
118 225
118 226
119 129
119 132
119 145
119 147
119 150
119 151
119 159
119 164
119 170
119 176
119 182
119 184
119 190
119 204
119 215
119 218
119 234
119 235
119 237
119 249
120 148
120 150
120 162
120 175
120 185
120 206
120 207
120 225
120 239
120 243
120 244
120 247
121 123
121 135
121 151
121 153
121 161
121 179
121 200
121 204
121 222
121 240
121 242
122 155
122 159
122 166
122 174
122 191
122 199
122 217
122 240
122 245
123 124
123 134
123 136
123 137
123 148
123 178
123 179
123 180
123 192
123 207
123 213
123 219
123 223
123 224
123 230
123 233
123 240
123 247
124 132
124 134
124 136
124 137
124 165
124 179
124 185
124 190
124 197
124 200
124 204
124 228
124 230
124 242
124 245
125 133
125 135
125 141
125 147
125 156
125 161
125 163
125 165
125 174
125 177
125 205
125 218
125 237
125 239
126 153
126 157
126 164
126 165
126 179
126 192
126 195
126 201
126 205
126 244
127 128
127 132
127 148
127 155
127 179
127 180
127 182
127 194
127 212
127 220
128 151
128 171
128 184
128 185
128 220
128 241
128 243
128 247
129 156
129 175
129 206
129 230
129 234
130 143
130 161
130 170
130 176
130 181
130 209
130 224
130 236
131 150
131 166
131 167
131 174
131 177
131 183
131 186
131 189
131 192
131 202
131 207
131 219
131 247
132 137
132 152
132 154
132 164
132 167
132 168
132 169
132 174
132 181
132 183
132 192
132 193
132 199
132 209
132 210
132 220
132 233
133 140
133 141
133 142
133 155
133 170
133 179
133 215
133 216
133 242
133 248
134 137
134 144
134 152
134 157
134 164
134 167
134 187
134 202
134 206
134 225
134 234
134 237
134 245
134 247
134 248
135 173
135 182
135 195
135 212
135 214
135 222
135 224
135 234
135 244
136 137
136 152
136 188
136 197
136 210
136 213
136 225
136 229
136 239
136 240
137 138
137 152
137 154
137 178
137 191
137 200
137 210
137 211
137 219
137 224
137 242
137 248
137 249
138 141
138 142
138 144
138 149
138 156
138 163
138 166
138 168
138 178
138 185
138 187
138 199
138 200
138 202
138 209
138 215
138 218
138 226
138 233
138 245
139 145
139 146
139 156
139 160
139 166
139 169
139 170
139 185
139 191
139 194
139 196
139 204
139 224
139 235
139 249
140 145
140 153
140 163
140 174
140 188
140 204
140 214
140 226
140 229
141 161
141 162
141 163
141 168
141 172
141 173
141 193
141 197
141 199
141 211
141 217
141 224
141 243
142 156
142 157
142 185
142 186
142 193
142 196
142 197
142 198
142 200
142 205
142 229
142 248
143 162
143 172
143 177
143 186
143 190
143 198
143 212
143 217
143 222
143 231
143 244
143 249
144 145
144 150
144 155
144 172
144 180
144 200
144 220
144 221
144 239
144 243
145 147
145 157
145 163
145 199
145 209
145 220
145 222
145 237
146 172
146 177
146 183
146 187
146 188
146 204
146 208
146 211
146 238
146 240
147 152
147 156
147 196
147 202
147 206
147 222
147 223
148 150
148 158
148 180
148 195
148 199
148 201
148 223
148 241
149 164
149 171
149 189
149 206
149 222
149 228
149 232
149 239
149 246
149 249
150 151
150 154
150 161
150 207
150 208
150 220
150 230
150 243
150 249
151 155
151 161
151 166
151 169
151 172
151 221
151 222
151 235
151 236
151 241
151 244
151 248
152 158
152 177
152 184
152 186
152 200
152 204
152 214
152 228
153 161
153 171
153 180
153 196
154 156
154 167
154 199
154 203
154 206
154 207
154 218
154 249
155 171
155 176
155 183
155 196
155 202
155 204
155 216
155 224
155 226
155 235
155 246
156 159
156 172
156 191
156 217
156 223
156 230
156 232
157 177
157 187
157 188
157 189
157 202
157 207
157 242
157 245
158 165
158 170
158 178
158 185
158 195
158 198
158 202
158 221
158 222
158 234
158 239
158 241
159 172
159 177
159 178
159 189
159 214
159 218
159 224
159 232
159 246
160 168
160 189
160 224
160 227
160 236
160 240
161 163
161 170
161 184
161 193
161 200
161 202
161 206
161 212
161 213
161 216
161 232
161 245
162 169
162 192
162 208
162 216
162 218
162 224
162 226
162 240
162 245
162 247
163 194
163 204
163 216
163 233
164 165
164 168
164 187
164 230
165 172
165 181
165 182
165 198
165 207
165 210
165 214
165 234
165 248
165 249
166 173
166 186
166 204
166 210
166 211
166 213
166 228
166 230
166 233
166 239
166 244
166 246
167 168
167 170
167 175
167 183
167 201
167 203
167 205
167 215
167 218
168 170
168 173
168 197
168 198
168 204
168 210
168 214
168 215
168 236
169 175
169 188
169 199
169 200
169 201
169 218
169 222
169 226
169 229
169 239
170 171
170 176
170 178
170 198
170 212
170 226
170 230
170 232
170 234
170 237
171 187
171 189
171 192
171 198
171 213
171 229
171 235
171 238
171 243
172 180
172 190
172 196
172 202
172 215
172 219
172 220
172 221
172 238
172 244
173 184
173 189
173 193
173 207
173 208
173 215
173 236
173 240
173 248
174 180
174 206
174 241
174 244
174 248
175 181
175 198
175 210
175 212
175 226
175 232
175 234
175 241
176 177
176 178
176 185
176 200
176 203
176 209
176 219
176 236
177 189
177 192
177 198
177 205
178 185
178 197
178 209
178 211
178 214
179 198
179 199
179 200
179 233
179 237
179 241
180 197
180 203
180 210
180 213
180 218
180 219
180 220
180 240
181 187
181 197
181 211
181 218
181 244
181 247
182 184
182 199
182 234
183 185
183 207
183 229
183 238
184 194
184 201
184 207
184 220
185 196
185 229
185 233
185 234
185 241
186 188
186 201
186 219
186 227
186 241
186 242
186 248
187 188
187 198
187 209
187 223
187 230
187 242
187 249
188 194
188 211
188 224
188 237
188 239
189 201
189 213
189 217
189 223
189 225
189 243
189 244
190 199
190 204
190 221
190 224
190 237
190 246
191 237
191 241
191 242
191 248
192 194
192 203
192 213
192 235
192 240
192 245
193 196
193 213
193 232
194 198
194 216
194 217
194 221
194 222
194 224
194 233
194 235
194 247
195 199
195 210
195 214
195 230
195 232
195 233
195 245
196 203
196 210
196 213
196 231
196 239
197 215
197 220
197 226
197 237
197 240
197 246
198 201
198 211
198 228
198 237
198 244
199 200
199 201
199 208
199 244
200 242
200 245
200 246
201 207
201 219
201 231
201 242
201 248
202 213
202 224
202 230
203 208
203 214
203 224
203 231
203 234
203 243
203 245
203 248
204 214
204 220
204 225
204 235
204 245
204 247
205 206
205 212
205 217
205 220
205 224
205 226
206 218
206 220
206 224
206 227
206 228
206 236
206 242
207 213
207 214
207 218
207 231
208 209
208 222
209 237
209 239
210 230
210 240
210 241
210 248
211 233
212 217
213 217
213 244
214 229
214 232
214 233
214 236
214 239
214 249
215 228
215 230
215 233
215 235
215 239
216 222
216 226
216 235
217 219
217 228
217 237
217 249
218 244
218 245
219 243
220 231
220 234
221 224
221 245
222 225
222 241
223 229
223 230
223 238
223 244
224 232
224 237
225 238
225 244
226 228
226 232
226 238
226 239
226 245
227 240
228 230
228 236
228 240
228 242
229 239
229 246
230 236
230 248
231 237
231 243
233 234
233 236
233 238
233 241
233 242
233 243
234 236
235 239
236 244
237 240
237 248
238 244
238 248
240 246
240 247
241 244
241 247
