0 18
0 95
0 107
0 110
0 152
0 196
0 201
0 218
1 159
2 4
2 79
2 181
2 182
2 197
3 5
3 13
3 86
3 152
3 153
3 161
3 168
3 179
3 227
4 7
4 137
4 143
4 221
4 222
4 235
5 43
5 94
5 123
5 185
6 55
6 63
6 155
6 164
6 217
7 19
7 24
7 40
7 51
7 112
7 149
7 158
7 227
7 229
7 231
7 246
8 119
8 137
8 248
9 20
9 40
9 114
9 141
10 61
10 63
10 66
10 78
10 129
10 136
10 157
10 178
10 246
11 18
11 85
11 123
11 177
11 191
11 238
12 23
12 71
12 102
12 129
12 194
12 240
13 18
13 55
13 61
13 80
13 220
14 95
14 99
14 122
14 154
14 156
14 171
14 201
14 208
15 171
15 187
16 30
16 46
16 90
16 134
16 139
16 200
17 77
17 82
17 92
17 118
17 215
17 247
18 19
18 66
18 92
18 101
18 117
18 218
19 41
19 67
19 68
19 81
19 124
19 143
19 192
19 218
19 221
19 241
20 67
20 82
20 92
20 186
21 28
21 103
21 140
21 142
21 220
21 224
22 69
22 84
22 86
22 98
23 53
23 85
23 94
23 121
23 158
23 170
23 206
23 219
23 243
24 34
24 150
24 158
24 232
24 239
25 188
25 196
25 219
25 229
25 249
26 32
26 109
26 128
26 161
27 49
27 139
27 154
27 168
27 191
27 212
27 226
28 29
28 80
28 184
28 194
28 198
28 235
29 83
29 204
29 213
29 247
31 52
31 84
31 137
31 248
32 137
32 232
33 46
33 50
33 113
33 143
33 152
33 201
33 220
33 224
34 41
34 117
34 132
34 138
34 229
34 230
35 78
35 109
35 115
35 140
35 145
35 155
35 191
35 201
35 242
36 37
36 58
36 91
36 113
36 160
36 192
36 209
36 213
37 53
37 135
37 137
37 191
37 201
38 90
38 109
38 130
38 152
38 236
39 139
39 207
40 50
40 61
40 144
40 181
40 187
40 190
40 201
40 244
41 97
41 124
41 161
41 216
41 224
42 88
42 151
42 166
42 232
43 52
43 80
43 167
43 181
43 187
43 224
43 230
43 231
44 90
44 140
44 194
44 208
44 237
45 71
45 88
45 107
45 176
46 128
46 177
46 208
47 87
47 127
47 137
47 159
47 168
47 209
47 249
48 77
48 94
48 104
49 73
49 91
49 122
49 125
49 233
50 138
50 156
50 232
50 235
51 54
51 72
51 92
51 236
52 126
52 146
52 157
53 55
53 140
53 155
53 227
54 55
54 82
54 95
54 134
54 165
54 181
55 128
55 172
55 184
55 196
55 227
56 70
56 85
56 142
56 188
56 201
57 107
57 210
58 62
58 80
58 92
58 116
58 119
58 127
58 139
58 149
58 235
59 112
59 128
59 183
59 236
60 76
60 95
60 110
60 123
60 201
60 202
61 150
62 70
62 149
62 181
63 64
63 130
63 162
64 86
64 113
64 158
64 160
64 193
64 224
65 79
65 115
65 121
65 151
65 158
65 162
65 187
65 193
66 153
66 201
67 80
67 118
67 157
67 201
68 73
68 116
68 140
68 158
68 169
68 172
68 190
68 223
68 243
69 101
69 105
70 75
70 76
70 82
70 83
70 91
70 122
70 137
70 149
71 136
71 193
72 96
72 108
72 130
72 172
72 184
74 76
75 170
75 182
75 213
76 117
76 158
76 227
77 109
77 145
77 167
77 168
78 127
78 154
78 162
78 181
79 135
80 82
80 84
80 118
80 190
80 204
80 207
80 224
81 92
81 214
81 223
82 132
82 160
82 242
83 85
83 139
83 141
83 170
83 202
83 204
83 218
83 225
84 90
84 191
84 202
85 100
85 122
85 155
85 182
85 225
86 94
86 108
86 133
86 157
86 196
86 232
87 102
87 126
87 134
87 212
88 107
88 118
88 155
88 205
88 228
89 133
89 243
89 247
90 131
90 150
90 157
90 174
90 230
91 100
91 229
92 94
92 206
93 114
93 149
93 197
94 133
94 162
94 217
95 155
95 184
95 248
96 135
96 145
96 175
96 224
96 244
97 138
97 150
97 198
97 203
98 100
98 115
98 118
98 176
99 215
100 102
100 166
100 202
100 234
100 238
101 107
101 164
101 169
101 176
101 209
101 228
101 233
102 202
103 147
104 182
104 224
104 231
105 158
105 176
105 197
105 218
105 229
105 247
106 123
106 139
106 204
106 209
106 229
107 166
107 183
107 218
108 166
108 236
109 139
109 141
109 151
109 188
109 198
109 201
109 238
110 112
110 125
110 149
110 186
111 134
111 147
112 146
112 149
112 165
113 137
113 203
113 247
114 126
114 162
115 147
115 186
115 244
116 120
116 134
116 159
117 225
118 123
118 176
118 177
118 241
119 127
119 142
119 178
119 180
119 181
119 232
119 234
119 238
119 247
121 163
121 189
121 197
121 224
122 135
122 176
122 181
122 182
122 211
122 245
123 160
123 208
123 234
124 160
124 190
124 198
124 213
124 214
125 171
125 192
125 194
126 160
126 194
126 246
127 162
127 169
127 222
128 243
129 137
129 147
130 165
130 224
130 237
130 238
131 145
131 163
131 180
131 223
131 239
132 162
132 165
132 211
132 219
132 229
133 181
134 220
135 182
135 235
136 185
137 147
137 201
138 162
139 225
139 226
139 232
140 170
140 233
141 157
141 214
142 156
142 194
142 210
142 225
143 153
143 171
143 178
143 206
144 161
144 165
144 187
144 198
144 206
144 226
144 245
144 246
146 191
146 192
146 200
146 238
147 168
147 196
147 202
147 228
148 168
148 220
149 164
149 180
149 189
150 182
150 184
151 246
151 249
152 172
152 188
152 233
152 243
153 201
153 246
154 156
154 180
155 173
155 217
156 171
156 214
156 222
156 234
156 239
157 161
157 186
157 190
157 193
157 211
158 207
158 219
159 160
159 193
159 205
159 224
159 235
160 195
162 167
162 182
162 186
162 202
162 228
162 235
162 240
163 167
163 197
163 200
164 208
165 187
166 246
167 168
167 169
167 172
167 214
168 204
169 177
169 192
169 231
171 194
172 173
172 203
172 221
173 216
173 243
174 210
174 211
174 224
174 237
175 186
175 215
175 220
175 246
176 194
176 227
176 236
177 182
177 202
177 223
178 222
178 237
180 234
180 243
180 244
181 203
181 222
181 235
182 200
182 224
182 238
182 243
182 246
184 192
184 203
185 200
185 212
185 221
185 226
185 229
186 196
186 231
187 206
187 208
187 216
187 232
188 221
188 245
189 209
189 228
190 215
191 236
191 240
194 241
195 219
196 220
196 239
196 244
198 238
198 239
199 206
200 219
200 227
201 225
202 226
202 232
203 210
204 236
205 240
207 241
208 230
208 245
210 249
211 216
211 228
211 240
212 223
213 243
214 215
214 231
214 233
215 225
223 236
223 237
225 239
229 234
229 247
234 239
237 238
237 249
239 246
241 248
