0 12
0 94
0 185
0 187
0 192
0 196
1 20
1 22
1 169
1 228
2 6
2 19
2 190
2 247
3 16
3 28
3 43
3 46
3 69
3 81
3 101
3 109
3 118
3 163
3 176
3 183
3 196
3 214
4 8
4 120
4 133
4 186
4 197
5 19
5 78
5 152
5 157
5 181
5 208
6 97
6 102
6 200
7 45
7 58
7 68
7 105
7 127
7 215
7 242
8 50
8 77
8 142
8 177
8 194
8 216
9 56
9 95
9 109
9 114
9 174
10 39
10 73
10 134
10 204
11 29
11 43
11 45
11 126
11 152
12 126
12 127
12 164
12 177
12 215
12 245
12 247
12 249
13 58
13 81
13 124
13 141
14 86
15 65
15 142
15 202
15 208
15 236
16 43
16 77
17 51
17 109
17 123
17 142
17 157
17 170
17 227
17 230
18 38
18 64
18 84
18 102
18 143
18 183
18 239
19 56
19 62
19 96
19 102
19 211
19 225
20 93
20 122
20 130
20 144
20 198
20 210
21 94
21 145
22 96
22 97
22 205
23 93
23 126
23 230
24 44
24 91
24 167
25 49
25 84
25 101
25 210
25 211
26 40
26 199
27 60
27 95
27 150
28 39
28 53
28 137
28 203
29 84
29 105
29 162
29 179
29 226
29 228
30 34
30 35
30 122
30 140
30 170
30 184
30 199
30 224
31 35
31 58
31 122
31 152
32 85
32 105
32 111
32 188
33 34
33 165
33 197
33 235
34 83
34 106
34 108
34 215
35 115
36 85
36 94
36 165
36 196
36 217
37 174
37 191
37 194
37 225
37 227
38 103
38 144
38 150
38 163
38 196
38 234
38 239
39 69
39 90
39 142
39 248
40 135
40 141
40 146
40 148
41 75
41 97
41 103
41 111
41 187
41 223
41 243
42 97
42 101
42 122
42 139
42 163
42 187
43 87
43 98
43 103
43 126
43 149
43 191
43 203
43 235
44 53
44 84
44 108
44 121
44 147
44 158
44 159
44 248
45 112
45 144
45 195
45 212
45 237
45 245
46 56
46 138
46 221
46 236
47 93
47 124
48 170
48 179
49 67
49 69
49 80
49 91
49 207
50 66
50 70
50 97
50 104
50 172
50 178
50 222
50 238
51 64
51 79
51 84
51 118
52 86
52 182
52 202
53 60
53 99
53 102
53 105
53 142
53 188
53 208
53 227
53 232
54 90
54 152
54 197
54 203
54 207
55 79
55 94
55 158
55 176
55 192
55 226
56 64
56 69
56 72
56 78
56 82
56 120
56 130
56 140
56 241
57 88
57 169
57 214
57 230
58 64
58 144
58 153
58 186
58 187
58 210
58 229
59 73
59 79
59 97
59 120
59 121
59 142
59 149
59 194
60 92
60 96
60 197
61 107
61 117
61 157
61 213
61 242
61 246
62 139
63 77
63 114
63 135
63 156
63 166
64 141
64 236
65 130
66 68
66 78
66 161
66 163
66 193
66 237
67 198
67 215
67 231
67 236
68 72
68 105
68 120
68 149
68 210
69 154
69 187
70 91
70 116
70 155
70 183
70 201
70 213
71 107
71 138
71 148
71 153
71 176
71 229
71 232
72 80
72 81
72 96
72 97
72 218
72 236
73 93
73 153
73 155
74 88
74 128
74 149
74 240
75 90
75 116
75 159
75 173
76 81
76 91
76 145
76 197
77 82
77 131
77 165
77 232
77 239
78 176
79 132
79 157
79 198
79 202
79 216
80 229
81 101
81 102
81 110
81 118
81 128
81 135
81 175
81 192
82 103
82 181
82 235
83 232
83 239
84 116
84 184
84 245
85 106
85 115
85 133
85 181
85 193
85 196
85 207
85 210
85 222
86 93
86 136
86 161
86 181
86 210
87 97
87 114
87 176
87 195
87 220
87 242
88 90
88 101
88 134
88 135
88 144
88 159
88 183
88 196
88 224
89 228
89 234
89 248
90 181
90 217
90 237
90 245
91 181
91 247
92 97
92 124
92 142
92 148
92 223
93 161
93 182
93 194
93 249
94 152
94 158
94 191
94 232
95 110
95 131
95 226
96 103
96 142
96 147
96 172
96 190
96 222
97 103
97 115
97 118
97 247
98 100
98 189
98 216
98 218
99 119
99 204
99 217
99 246
100 120
100 218
101 104
101 135
101 214
101 235
102 124
102 132
102 167
102 208
102 212
103 104
103 112
103 135
103 176
103 247
104 174
104 189
105 115
105 134
105 162
105 180
105 213
105 220
105 229
105 241
106 135
106 152
106 184
106 196
106 232
107 138
107 158
107 175
108 109
108 111
108 136
108 164
108 189
109 153
109 214
110 117
111 190
111 191
111 235
112 120
112 160
112 176
112 203
112 235
113 187
113 198
114 166
114 185
115 119
115 157
115 161
115 206
115 214
115 239
116 134
116 158
117 212
117 231
118 142
118 145
118 152
118 162
118 169
118 211
118 212
118 233
119 147
119 205
119 249
120 140
120 142
120 168
120 192
120 203
120 213
120 230
121 218
121 223
121 225
122 136
122 146
122 161
123 178
123 179
123 181
123 204
123 231
124 223
125 147
125 176
126 198
126 216
126 223
126 248
127 190
127 208
127 217
129 176
129 177
129 194
129 225
130 135
130 204
130 210
130 215
130 228
130 243
131 184
132 136
132 165
132 175
132 197
132 239
133 135
133 160
133 174
133 176
133 197
133 224
134 170
134 218
134 248
135 146
135 148
135 179
135 192
136 141
136 159
137 148
137 245
138 196
139 198
139 225
139 240
140 143
140 200
141 181
141 183
141 236
142 169
142 237
143 168
143 198
143 208
143 216
143 244
144 204
144 234
145 157
145 179
145 187
145 194
145 216
146 173
146 180
146 194
146 233
147 151
147 230
148 174
148 189
148 241
149 166
149 205
149 216
149 229
150 231
150 243
151 170
151 182
151 205
151 248
152 211
154 166
154 177
155 181
155 187
155 223
155 248
156 235
157 179
157 187
157 219
158 194
158 200
159 166
159 240
160 214
161 170
161 228
162 192
162 201
162 210
162 238
163 181
163 182
163 189
163 218
164 213
164 223
165 178
165 191
166 173
166 174
166 213
166 214
166 218
166 244
167 183
167 218
168 182
169 172
169 190
170 195
171 208
172 180
172 206
172 209
174 177
174 179
174 190
174 199
174 208
175 207
175 231
176 201
176 212
176 231
176 234
177 244
178 191
179 193
179 208
179 237
180 181
180 209
180 211
180 246
181 226
181 233
181 245
182 200
183 218
185 220
185 229
187 233
187 235
189 246
190 201
192 205
192 210
192 216
194 213
194 215
196 208
196 227
198 222
198 241
199 232
201 211
201 226
202 219
202 240
204 221
205 220
205 227
206 207
206 230
207 231
207 233
208 230
210 242
210 248
213 232
214 232
215 226
216 245
218 219
223 234
223 243
226 236
233 246
234 242
234 243
236 244
238 249
239 240
239 244
