0 21
0 178
1 90
1 168
1 208
1 238
2 35
2 108
2 143
2 157
2 175
3 9
3 30
3 54
3 77
3 85
3 118
3 152
3 212
4 99
4 123
4 140
4 149
4 243
5 86
5 170
5 207
5 242
6 54
6 124
6 145
6 159
6 177
6 180
7 13
7 20
7 71
7 172
8 12
8 24
8 36
8 50
8 101
8 112
8 114
8 152
8 218
8 224
8 227
8 239
9 176
9 182
10 28
10 47
10 59
10 95
10 124
10 148
10 154
10 166
10 190
10 224
10 233
11 55
11 58
11 96
11 106
11 145
11 173
11 180
11 202
12 64
12 86
12 114
12 141
12 171
13 47
13 52
13 66
13 102
13 154
13 162
13 215
13 227
13 240
13 248
14 59
14 84
14 184
14 185
14 211
14 216
15 37
15 71
15 126
15 175
15 200
16 31
16 50
16 76
16 174
16 180
16 238
17 55
17 71
17 234
18 111
18 182
18 195
18 244
19 56
19 60
19 72
19 79
19 171
19 210
20 57
20 68
20 81
20 100
20 137
20 172
20 181
20 190
20 193
20 232
21 41
21 77
21 100
21 105
21 137
21 141
21 149
21 194
21 239
22 69
22 122
22 137
22 142
22 143
22 183
22 230
23 27
23 54
23 96
23 105
23 107
23 121
24 61
24 90
24 123
24 124
24 166
24 189
25 34
25 38
25 49
26 31
26 33
26 209
26 219
26 237
27 43
27 69
27 124
27 203
28 39
28 119
28 140
28 175
28 180
28 200
29 99
29 182
29 215
30 39
30 101
30 108
30 116
30 119
31 79
31 157
31 173
31 235
32 110
32 138
32 139
32 179
32 199
32 204
32 238
33 120
33 155
33 197
33 221
34 78
34 91
34 106
34 107
34 108
34 192
34 197
34 241
35 82
35 83
35 222
35 227
36 47
36 61
36 117
36 175
36 204
36 214
37 88
37 90
37 144
37 179
37 218
37 221
38 81
38 114
38 118
38 135
38 147
38 239
39 62
39 76
39 92
39 111
39 138
39 221
40 41
40 69
40 98
40 107
40 127
40 199
41 60
41 115
41 121
41 179
41 216
42 47
42 49
42 66
42 127
42 139
43 49
44 50
44 51
44 69
44 128
44 175
44 185
44 237
45 98
45 113
45 145
45 164
45 194
45 216
45 247
46 96
46 120
46 136
46 198
46 204
47 67
47 147
47 154
47 159
48 61
48 79
48 152
48 169
48 213
48 237
49 78
49 158
49 181
49 238
50 60
50 110
50 116
50 179
50 207
50 212
51 64
51 116
51 161
51 186
51 210
51 211
52 77
52 85
52 93
52 110
52 123
52 208
53 95
53 129
53 163
53 212
54 56
54 125
54 138
55 77
55 83
55 107
55 124
55 163
55 183
55 236
56 163
56 166
56 224
57 79
57 95
57 124
57 138
57 208
57 217
57 219
57 225
58 87
58 106
58 172
58 175
58 195
58 201
59 78
59 157
60 99
60 101
61 69
61 100
61 107
61 118
61 165
62 99
62 116
62 123
62 173
62 249
63 133
63 137
63 144
63 164
63 176
64 119
64 125
64 173
64 188
64 210
64 220
64 226
65 116
65 204
65 217
65 235
66 71
66 94
66 127
66 140
66 153
66 168
66 210
67 81
67 84
68 88
68 140
68 194
68 218
69 87
69 180
70 174
70 178
70 245
70 247
71 86
71 104
71 117
71 123
71 173
72 78
72 210
73 86
73 156
73 172
73 241
74 81
74 88
74 112
74 163
74 203
74 210
74 220
75 173
75 205
76 92
76 109
76 140
76 141
76 145
76 198
76 199
76 216
76 240
77 78
77 96
77 132
77 193
77 197
77 203
78 118
78 227
79 94
79 114
79 123
79 141
79 147
79 170
79 191
80 103
80 109
80 186
80 189
80 209
80 232
81 85
81 94
81 131
81 137
81 186
81 187
81 208
81 245
83 89
83 190
84 130
84 187
84 232
84 244
85 134
85 160
85 230
85 246
86 117
86 122
86 246
87 110
87 139
87 177
87 194
87 219
88 89
88 134
88 190
88 247
89 116
89 122
89 127
89 136
89 138
89 155
89 249
90 93
90 124
90 160
90 204
91 127
91 214
91 249
92 145
92 170
92 179
92 192
92 234
93 129
93 205
94 119
94 132
94 149
94 164
95 132
95 162
95 249
96 100
96 227
97 108
97 126
97 185
97 234
98 104
98 120
98 178
98 234
99 136
99 185
99 210
101 167
102 128
102 166
102 176
102 197
103 236
103 248
104 134
104 164
104 243
105 149
105 170
105 232
106 108
106 117
106 168
107 154
107 191
107 207
107 229
107 234
108 116
108 188
108 222
109 133
109 181
109 193
109 222
109 224
110 114
110 126
110 224
111 171
111 180
112 120
112 131
112 142
112 166
112 188
112 226
112 228
112 242
113 122
113 173
113 180
113 201
113 230
113 234
114 135
114 138
114 183
114 214
114 215
114 228
114 233
114 244
115 129
115 202
115 219
115 228
116 218
116 232
117 140
117 163
117 209
117 212
118 139
118 219
118 232
118 234
119 140
119 244
120 191
121 152
121 184
121 241
122 137
122 165
122 169
122 231
123 139
123 141
123 161
123 193
124 158
124 228
125 163
126 148
126 154
126 219
127 145
127 178
127 205
128 133
128 223
128 230
129 134
129 183
129 210
129 233
130 164
130 190
130 191
131 138
131 140
131 141
131 165
131 194
132 140
132 158
132 176
132 197
132 246
133 185
134 145
134 220
135 168
135 178
135 188
135 205
135 235
136 173
136 182
137 144
137 163
137 209
137 219
137 222
138 146
138 149
138 177
138 188
139 222
140 141
140 148
140 178
140 217
141 150
141 189
141 211
141 218
141 231
142 143
142 151
142 181
142 185
143 155
143 158
143 186
143 187
143 189
143 200
143 205
143 216
143 219
143 237
144 183
144 192
144 211
144 233
144 242
145 162
145 215
146 183
146 208
146 227
147 230
147 245
148 234
150 152
150 165
150 231
150 238
150 248
151 188
151 194
152 243
152 245
153 210
154 173
154 210
154 217
154 219
154 230
155 156
156 180
156 234
157 219
159 165
160 179
160 197
160 205
161 181
161 241
162 179
163 195
163 196
163 222
164 177
164 242
165 209
165 214
165 249
166 181
166 219
167 172
167 213
167 239
168 186
168 217
169 212
169 218
170 176
170 207
171 199
171 221
171 234
172 177
172 203
172 243
172 248
173 190
174 223
176 201
176 243
176 248
177 188
177 222
178 185
178 187
178 202
178 209
178 248
180 185
180 219
180 233
180 237
181 204
186 189
186 211
186 249
187 205
187 246
188 238
190 219
190 228
190 233
190 245
191 234
192 227
192 249
193 204
194 198
194 238
195 198
196 199
196 245
197 216
199 206
199 211
199 229
203 206
204 236
205 231
206 208
207 229
208 242
210 230
211 239
212 227
215 245
218 229
218 239
218 247
219 230
219 234
220 239
224 229
224 245
225 231
227 246
235 246
239 249
241 246
