0 6
0 12
0 18
0 19
0 85
0 103
0 106
0 112
0 132
0 141
0 153
0 173
0 183
0 190
0 199
1 12
1 17
1 25
1 27
1 61
1 62
1 115
1 134
1 146
1 160
1 161
1 173
1 178
1 181
1 204
1 233
2 7
2 146
2 166
3 11
3 27
3 50
3 113
3 114
3 123
3 125
3 157
3 171
3 173
3 180
3 182
3 199
3 205
3 220
4 16
4 65
4 77
4 82
4 86
4 104
4 115
4 117
4 133
4 134
4 142
4 158
4 194
4 235
5 43
5 68
5 75
5 93
5 104
5 121
5 125
5 133
5 160
5 178
5 190
5 204
5 218
5 223
5 224
6 34
6 80
6 100
6 106
6 122
6 144
6 147
6 154
6 191
6 195
6 236
7 10
7 57
7 61
7 71
7 106
7 186
7 205
7 209
7 228
8 45
8 51
8 66
8 70
8 74
8 98
8 142
8 164
8 166
8 179
8 184
8 190
8 199
8 212
8 224
9 22
9 41
9 68
9 108
9 114
9 129
9 141
9 148
9 150
9 210
10 31
10 73
10 90
10 115
10 121
10 126
10 129
10 154
11 23
11 32
11 55
11 81
11 173
11 220
11 227
12 22
12 24
12 35
12 45
12 66
12 130
12 148
12 164
12 182
12 195
12 199
12 234
13 16
13 72
13 79
13 90
13 95
13 117
13 120
13 141
13 174
13 176
13 199
13 237
14 67
14 89
14 93
14 108
14 162
14 166
14 177
14 188
14 220
14 241
15 48
15 62
15 72
15 135
15 159
15 169
15 175
15 193
15 225
15 238
16 40
16 69
16 83
16 86
16 147
16 153
16 202
16 217
16 248
17 34
17 47
17 65
17 95
17 114
17 182
17 198
17 204
17 210
17 212
17 217
17 226
17 241
18 34
18 71
18 78
18 85
18 117
18 119
18 120
18 121
18 136
18 154
18 166
18 186
18 197
18 208
18 216
18 219
19 37
19 39
19 90
19 101
19 127
19 141
19 143
19 177
19 182
20 28
20 43
20 57
20 68
20 106
20 114
20 122
20 126
20 173
20 191
20 198
20 204
20 231
20 233
21 26
21 54
21 64
21 80
21 81
21 111
21 134
21 141
21 150
21 185
21 188
21 190
21 197
21 233
21 240
21 247
22 46
22 55
22 58
22 73
22 93
22 105
22 176
22 177
22 195
22 201
23 26
23 31
23 47
23 54
23 58
23 63
23 70
23 93
23 100
23 104
23 112
23 124
23 127
23 139
23 142
23 168
23 172
23 187
23 188
23 217
23 233
23 241
24 49
24 62
24 69
24 90
24 143
24 146
24 171
24 176
24 182
24 188
24 190
24 194
24 210
24 223
25 27
25 87
25 89
25 99
25 128
25 154
25 201
25 246
26 31
26 38
26 43
26 72
26 95
26 147
26 148
26 150
26 160
26 205
26 215
26 245
27 36
27 47
27 52
27 63
27 75
27 92
27 112
27 129
27 141
27 147
27 158
27 183
27 197
27 205
27 242
28 57
28 63
28 74
28 75
28 93
28 158
28 162
28 166
28 168
28 180
28 216
28 249
29 56
29 72
29 77
29 119
29 120
29 181
29 213
29 220
29 223
29 225
29 226
29 244
30 49
30 50
30 77
30 98
30 105
30 107
30 152
30 154
30 180
30 181
30 200
30 222
31 41
31 90
31 98
31 160
31 168
31 190
31 213
32 83
32 94
32 98
32 114
32 155
32 161
32 179
32 203
32 208
33 82
33 90
33 94
33 97
33 99
33 150
33 171
33 204
34 39
34 41
34 64
34 84
34 106
34 107
34 112
34 131
34 196
34 204
34 213
34 223
34 232
34 239
34 242
34 244
35 38
35 56
35 64
35 92
35 132
35 174
35 177
35 187
36 62
36 96
36 117
36 140
36 158
36 194
36 204
36 230
37 81
37 104
37 110
37 115
37 133
37 152
37 176
37 186
37 224
38 48
38 50
38 67
38 128
38 164
38 218
38 231
39 43
39 46
39 50
39 58
39 91
39 107
39 110
39 147
39 168
39 172
39 205
39 221
39 248
40 97
40 150
40 153
40 157
40 167
40 172
40 179
40 180
40 181
40 191
41 101
41 111
41 117
41 143
41 144
41 163
41 170
41 176
41 177
41 208
41 247
42 43
42 78
42 79
42 131
42 180
42 248
42 249
43 86
43 97
43 134
43 196
43 204
43 236
44 59
44 70
44 73
44 126
44 160
44 177
44 192
44 198
44 202
44 212
44 220
44 228
44 245
45 56
45 120
45 154
45 168
45 223
46 74
46 97
46 134
46 138
46 180
46 192
46 232
46 233
46 249
47 58
47 61
47 84
47 132
47 139
47 157
47 169
47 182
47 188
47 191
47 198
47 208
48 59
48 75
48 167
48 168
48 194
48 210
48 214
48 217
49 84
49 111
49 126
49 201
49 230
49 243
49 247
50 86
50 113
50 124
50 126
50 181
50 185
50 207
51 57
51 95
51 97
51 112
51 137
51 150
51 195
51 197
51 200
51 229
52 56
52 59
52 79
52 91
52 96
52 119
52 182
52 241
52 248
53 62
53 68
53 119
53 159
53 173
53 243
54 56
54 57
54 63
54 77
54 87
54 89
54 126
54 145
54 146
54 166
54 173
54 211
54 220
55 68
55 99
55 105
55 128
55 149
55 153
55 154
55 213
55 218
55 220
56 70
56 79
56 92
56 97
56 98
56 131
56 133
56 154
56 158
56 193
56 194
56 203
56 235
56 237
57 100
57 144
57 158
58 60
58 137
58 159
58 182
58 183
58 191
58 212
58 215
59 62
59 77
59 78
59 87
59 111
59 128
59 162
59 171
59 172
59 178
59 225
59 227
59 230
59 235
60 90
60 97
60 102
60 138
60 149
60 173
60 175
60 198
60 202
60 211
60 234
61 73
61 78
61 115
61 142
61 148
61 163
61 171
61 187
61 208
61 228
61 230
61 239
61 242
62 109
62 128
62 131
62 206
62 226
62 227
62 240
62 243
63 131
63 197
63 210
63 229
64 71
64 73
64 114
64 126
64 185
64 224
64 235
65 68
65 96
65 125
65 135
65 144
65 184
65 199
65 227
65 247
66 79
66 85
66 100
66 142
66 152
66 165
66 167
66 182
66 184
66 202
66 210
66 223
66 231
66 236
66 241
67 98
67 124
67 139
67 147
67 157
67 189
67 224
67 231
67 233
67 245
68 71
68 74
68 94
68 98
68 103
68 107
68 108
68 120
68 169
68 190
68 232
69 93
69 108
69 125
69 144
69 148
69 155
69 159
69 237
69 239
70 81
70 83
70 114
70 126
70 128
70 151
70 153
70 158
70 179
70 191
70 233
71 90
71 91
71 99
71 138
71 155
71 162
71 179
71 195
71 205
71 226
71 237
71 238
72 79
72 85
72 92
72 122
72 137
72 168
72 172
72 174
72 193
72 231
73 99
73 106
73 111
73 120
73 146
73 160
73 220
73 226
74 76
74 114
74 120
74 122
74 124
74 134
74 148
74 163
74 167
74 177
74 204
75 88
75 91
75 118
75 124
75 142
75 174
75 178
75 194
75 197
75 230
75 238
76 124
76 132
76 134
76 141
76 146
76 195
76 203
76 232
77 158
77 159
77 167
77 181
77 185
77 188
78 87
78 88
78 100
78 116
78 160
78 165
78 178
78 189
78 213
78 218
78 220
78 223
78 245
78 249
79 98
79 103
79 116
79 123
79 142
79 173
79 193
79 217
79 226
79 228
79 243
80 84
80 97
80 101
80 110
80 128
80 130
80 149
80 156
80 187
80 194
80 221
80 225
80 227
80 231
80 238
80 244
81 102
81 125
81 166
81 186
81 203
81 215
82 93
82 97
82 111
82 123
82 146
82 150
82 151
82 158
82 183
82 226
82 240
83 116
83 133
83 139
83 147
83 152
83 171
83 221
84 91
84 119
84 120
84 123
84 127
84 150
84 233
84 246
85 161
85 194
85 197
85 244
86 92
86 110
86 112
86 151
86 154
86 194
86 200
86 245
87 91
87 127
87 129
87 148
87 157
87 159
87 198
87 201
87 248
88 106
88 114
88 126
88 134
88 137
88 149
88 159
88 170
88 239
88 247
89 96
89 153
89 158
89 192
89 206
89 213
89 231
89 234
90 108
90 113
90 176
90 179
90 180
90 191
90 214
90 242
90 245
91 244
92 95
92 96
92 110
92 172
92 185
92 212
92 247
92 248
93 94
93 97
93 139
93 148
93 159
93 162
93 196
93 235
93 249
94 107
94 115
94 120
94 177
94 206
94 218
94 231
94 241
95 139
95 144
95 186
95 216
95 226
96 130
96 159
96 194
96 246
97 111
97 114
97 131
97 179
97 191
97 196
97 198
97 247
98 135
98 141
98 186
98 192
98 193
98 242
99 102
99 108
99 112
99 120
99 123
99 124
99 137
99 158
99 166
99 169
99 182
99 186
99 208
99 213
99 229
100 125
100 145
100 146
100 159
100 162
100 164
100 179
100 196
100 224
101 107
101 108
101 115
101 125
101 157
101 170
101 181
101 188
101 194
101 234
101 243
101 247
102 187
102 197
103 117
103 123
103 172
103 207
103 231
103 234
103 238
104 117
104 154
104 184
104 189
104 190
104 195
104 209
104 245
104 249
105 121
105 130
105 182
105 248
106 115
106 119
106 148
106 157
106 190
106 194
106 212
106 214
106 239
106 241
107 122
107 131
107 133
107 152
107 204
107 211
107 244
107 246
108 116
108 142
108 143
108 146
108 155
108 196
108 223
108 225
108 246
109 122
109 145
109 164
109 165
109 184
109 222
109 229
109 236
110 156
110 179
110 191
110 204
110 224
110 243
110 249
111 128
111 129
111 166
111 185
111 204
111 225
111 227
112 132
112 138
112 140
112 141
112 198
112 210
112 235
113 124
113 180
113 187
113 205
113 217
114 115
114 124
114 154
114 157
114 170
115 131
115 132
115 139
115 162
115 172
115 206
115 215
115 229
116 142
116 145
116 162
116 173
117 120
117 130
117 188
117 207
117 241
117 249
118 184
118 227
118 242
119 162
119 163
119 190
119 191
119 205
119 208
119 244
120 215
120 232
120 241
121 122
121 133
121 143
121 146
121 225
121 227
121 237
121 244
121 249
122 150
122 156
122 224
123 128
123 136
123 153
123 157
123 173
123 184
123 199
123 223
124 159
124 177
124 203
124 205
124 219
124 234
124 240
125 155
125 173
125 208
125 210
125 218
125 243
125 248
126 127
126 165
126 181
126 184
126 215
126 224
126 244
126 249
127 154
127 161
127 169
127 178
127 179
127 180
127 194
127 195
127 221
127 227
128 130
128 136
128 139
128 182
128 210
128 229
128 232
129 173
129 175
129 206
129 212
129 223
129 230
130 166
130 170
130 184
130 186
130 200
130 207
130 228
131 139
131 170
131 182
131 225
132 135
132 142
132 159
132 173
132 178
132 182
132 193
132 222
133 202
134 145
134 152
134 174
134 199
134 227
135 177
135 184
135 192
135 193
135 195
135 221
135 225
135 232
136 177
136 199
136 200
136 223
137 145
137 155
138 175
138 184
138 201
138 213
139 142
139 151
139 190
139 203
139 204
139 212
139 229
139 237
139 244
139 247
140 156
140 164
140 174
140 178
140 204
141 147
141 156
141 164
141 187
141 192
141 241
142 143
142 159
142 239
142 244
143 144
143 151
143 158
143 195
143 227
143 233
143 234
144 189
144 198
144 205
144 210
144 248
145 208
145 225
145 244
146 202
146 216
146 222
146 234
146 239
147 198
147 222
147 224
148 150
148 151
148 164
148 180
148 199
148 218
148 223
148 245
149 152
149 158
149 195
149 215
149 241
149 246
150 167
150 193
150 206
150 242
150 248
150 249
151 226
152 179
152 207
152 214
152 224
152 240
153 155
153 218
153 225
154 182
154 220
154 224
155 156
155 202
155 231
155 247
156 179
156 192
156 226
156 236
156 244
157 161
157 163
157 184
157 187
157 191
157 211
157 226
157 237
157 244
157 248
158 163
158 204
158 213
158 226
158 248
159 246
160 162
160 184
160 215
161 182
161 193
161 212
161 246
162 229
163 175
163 193
163 201
163 205
163 208
163 224
163 246
164 168
164 176
164 198
164 219
165 196
165 206
165 217
165 236
166 199
167 173
167 215
167 241
168 223
168 238
169 172
169 191
169 201
169 242
170 200
170 238
171 185
171 205
171 225
172 185
172 188
172 200
172 201
172 221
172 249
173 174
173 176
173 201
173 217
173 233
173 245
174 181
174 218
174 234
175 182
175 189
175 190
175 220
175 231
175 235
176 191
176 200
176 201
176 235
176 240
178 199
178 205
178 212
178 217
178 226
178 227
178 240
178 243
178 248
179 181
179 190
179 235
180 184
180 186
180 194
180 209
180 212
180 215
180 216
180 218
180 232
181 182
181 231
181 241
182 200
182 223
182 225
183 187
183 201
183 234
183 247
184 185
184 201
184 202
184 235
184 237
185 213
186 193
186 219
186 232
186 235
186 238
187 202
187 208
187 216
187 231
187 237
188 217
188 247
189 193
189 203
189 218
189 220
189 227
189 229
190 192
190 207
191 228
191 247
192 194
192 213
192 219
193 208
193 212
194 202
194 204
194 214
194 238
194 249
195 209
195 214
195 219
196 198
196 203
196 244
197 199
197 205
197 230
197 240
198 203
198 235
199 218
200 230
200 240
201 229
201 235
202 237
202 247
202 249
203 237
203 241
204 233
204 234
204 240
205 218
206 241
206 247
207 238
208 225
209 212
209 221
209 226
209 246
210 216
210 225
211 214
211 217
211 234
213 239
214 236
215 237
216 232
216 239
216 242
217 242
218 230
218 238
218 245
220 237
221 248
222 224
222 235
223 229
224 229
225 233
227 242
227 248
227 249
228 241
228 244
229 245
230 249
231 245
232 246
233 238
233 240
233 246
235 242
235 245
236 243
237 242
240 249
