0 7
0 19
0 26
0 41
0 44
0 51
0 57
0 84
0 91
0 96
0 100
0 171
0 194
0 198
0 206
0 210
0 229
0 236
1 3
1 42
1 43
1 44
1 45
1 51
1 81
1 116
1 129
1 139
1 164
1 180
1 181
1 202
1 226
1 229
2 43
2 108
2 124
2 170
2 189
2 198
2 248
3 13
3 33
3 34
3 35
3 38
3 40
3 71
3 94
3 115
3 116
3 128
3 130
3 136
3 137
3 157
3 177
3 220
4 20
4 54
4 98
4 114
4 156
4 182
4 193
4 216
5 27
5 37
5 39
5 44
5 51
5 87
5 126
5 127
5 130
5 161
5 193
5 212
5 220
6 9
6 22
6 23
6 45
6 70
6 77
6 126
6 170
6 201
6 236
7 8
7 45
7 58
7 74
7 96
7 99
7 102
7 108
7 120
7 122
7 126
7 128
7 136
7 150
7 159
7 185
7 203
7 227
7 238
8 47
8 53
8 73
8 76
8 79
8 84
8 121
8 164
8 207
8 237
9 39
9 65
9 75
9 78
9 117
9 123
9 168
9 189
9 190
9 197
9 221
9 223
10 14
10 34
10 37
10 39
10 49
10 51
10 85
10 94
10 95
10 106
10 157
10 181
10 192
10 221
10 244
10 246
11 18
11 22
11 24
11 48
11 65
11 148
11 159
11 169
11 182
11 191
11 198
11 200
11 208
11 214
11 220
11 248
12 43
12 44
12 54
12 62
12 63
12 79
12 108
12 113
12 114
12 125
12 133
12 154
12 168
12 177
12 180
12 187
12 190
12 194
12 212
12 224
12 227
12 247
13 30
13 66
13 95
13 100
13 105
13 116
13 122
13 136
13 140
13 162
13 172
13 176
13 178
13 225
13 237
14 41
14 72
14 75
14 92
14 126
14 200
15 72
15 85
15 95
15 117
15 133
15 184
15 189
15 213
15 221
15 244
16 34
16 57
16 70
16 72
16 79
16 95
16 101
16 120
16 121
16 125
16 132
16 137
16 139
16 157
16 162
16 177
16 192
16 194
16 248
17 23
17 39
17 55
17 87
17 89
17 94
17 99
17 108
17 120
17 121
17 132
17 142
17 149
17 180
17 245
17 247
17 248
18 23
18 27
18 35
18 47
18 74
18 76
18 81
18 95
18 118
18 143
18 144
18 153
18 155
18 163
18 164
18 168
18 199
18 209
18 218
19 22
19 35
19 95
19 151
19 203
19 211
19 220
20 48
20 65
20 93
20 97
20 146
20 147
20 165
21 47
21 63
21 72
21 82
21 101
21 133
21 135
21 161
21 204
21 205
21 209
22 66
22 67
22 73
22 80
22 86
22 100
22 129
22 161
22 220
22 224
22 235
23 42
23 50
23 51
23 61
23 62
23 85
23 90
23 95
23 138
23 175
23 198
23 214
23 242
23 247
24 26
24 56
24 59
24 73
24 121
24 137
24 156
24 168
24 174
24 189
25 30
25 35
25 50
25 65
25 75
25 95
25 152
25 170
25 213
25 226
25 228
25 236
25 239
26 88
26 94
26 108
26 118
26 131
26 158
26 198
26 209
26 228
27 32
27 57
27 74
27 79
27 132
27 187
27 239
27 242
28 41
28 71
28 91
28 141
28 151
28 154
28 157
28 159
28 171
28 178
28 183
28 230
28 241
28 249
29 53
29 55
29 68
29 98
29 105
29 129
29 156
29 159
29 217
29 230
29 243
30 51
30 65
30 132
30 139
30 166
30 218
30 243
31 80
31 100
31 125
31 154
31 167
31 200
31 225
32 112
32 114
32 115
32 129
32 164
32 168
32 172
32 176
32 180
32 210
32 239
33 88
33 98
33 162
33 169
33 179
33 187
33 218
33 236
33 239
34 99
34 106
34 126
34 183
34 199
34 203
34 209
34 216
34 224
34 228
34 229
35 89
35 95
35 147
35 195
35 199
35 215
35 221
36 60
36 69
36 130
36 140
36 146
36 148
36 192
36 199
36 208
36 224
36 245
37 45
37 82
37 107
37 145
37 159
37 192
37 211
37 233
38 47
38 67
38 71
38 89
38 91
38 112
38 149
38 170
38 175
38 234
38 239
39 62
39 106
39 116
39 157
39 158
39 176
39 248
40 84
40 93
40 105
40 157
40 181
40 205
40 219
40 231
41 43
41 73
41 126
41 135
41 138
41 147
41 171
41 180
41 217
41 228
41 244
42 110
42 113
42 124
42 133
42 175
42 234
43 57
43 64
43 84
43 102
43 121
43 138
43 189
43 237
43 241
43 242
44 68
44 76
44 98
44 132
44 140
44 166
44 199
44 212
44 236
44 247
45 54
45 60
45 64
45 77
45 135
45 137
45 143
45 155
45 159
45 209
45 212
45 221
45 239
46 55
46 60
46 96
46 123
46 166
46 185
46 226
46 237
46 239
47 72
47 79
47 89
47 97
47 98
47 119
47 123
47 159
47 162
47 175
47 193
48 69
48 119
48 136
48 160
48 186
48 194
48 200
48 212
48 231
49 99
49 104
49 106
49 136
49 163
49 171
49 194
49 200
49 241
50 56
50 73
50 237
51 61
51 64
51 78
51 92
51 109
51 136
51 138
51 158
51 170
51 175
51 243
52 71
52 91
52 190
52 222
53 63
53 110
53 119
53 149
53 153
53 193
53 212
53 214
53 233
53 246
54 59
54 71
54 86
54 118
54 136
54 147
54 152
54 166
54 193
54 206
54 225
54 239
55 72
55 86
55 104
55 117
55 145
55 146
55 163
55 166
55 212
55 239
55 246
56 109
56 128
56 132
56 137
56 145
56 196
56 199
56 208
56 214
56 216
56 220
56 237
56 239
57 58
57 80
57 106
57 145
57 155
57 174
57 196
57 209
57 215
57 218
57 224
57 241
58 69
58 91
58 121
58 138
58 140
58 147
58 156
58 188
58 203
58 238
58 241
58 248
59 64
59 131
59 165
59 172
59 174
59 185
59 190
59 196
59 198
59 234
60 63
60 73
60 86
60 99
60 102
60 113
60 115
60 204
60 206
60 234
60 238
61 66
61 76
61 81
61 90
61 96
61 102
61 111
61 154
61 209
61 216
62 67
62 76
62 108
62 137
62 179
62 180
62 186
62 217
62 235
63 90
63 95
63 100
63 120
63 123
63 128
63 166
63 191
63 208
63 210
63 218
63 230
64 65
64 92
64 106
64 107
64 116
64 133
64 247
65 95
65 145
65 169
65 186
66 72
66 81
66 83
66 119
66 138
66 171
66 177
66 207
66 213
66 247
67 110
67 120
67 143
67 148
67 224
67 240
68 85
68 104
68 106
68 136
68 152
68 160
68 189
68 247
69 81
69 92
69 109
69 113
69 176
69 180
69 202
69 229
69 240
70 87
70 98
70 112
70 149
70 171
70 182
70 185
70 199
70 228
70 237
70 238
71 120
71 135
71 137
71 181
71 208
72 111
72 129
72 136
72 138
72 152
72 163
72 220
72 224
72 246
73 97
73 142
73 151
73 160
73 192
73 196
73 214
73 223
73 235
74 84
74 93
74 188
74 190
74 201
74 202
74 237
75 99
75 112
75 133
75 168
75 181
75 199
75 219
75 230
75 239
75 249
76 82
76 99
76 130
76 138
76 144
76 166
76 204
76 239
76 246
77 119
77 132
77 140
77 208
77 212
77 224
77 233
78 93
78 102
78 118
78 136
78 157
78 175
78 187
78 201
78 208
78 234
78 244
79 111
79 115
79 129
79 138
79 153
79 157
79 183
79 214
80 116
80 145
80 164
80 169
80 207
80 215
80 225
80 234
80 245
81 84
81 85
81 93
81 114
81 133
81 150
81 171
81 188
81 191
82 112
82 148
82 152
82 160
82 191
82 213
82 215
83 132
83 142
83 157
83 186
83 188
83 200
83 232
84 122
84 145
84 149
84 162
84 170
84 181
84 188
84 204
84 235
84 240
85 100
85 155
85 165
85 211
85 229
85 246
86 104
86 112
86 125
86 134
86 137
86 149
86 176
86 180
86 186
86 191
86 206
86 214
86 236
86 243
87 89
87 97
87 107
87 122
87 151
87 165
87 173
87 194
87 208
87 226
87 227
87 246
87 247
88 98
88 104
88 110
88 130
88 139
88 140
88 161
88 204
88 222
89 92
89 101
89 104
89 111
89 159
89 160
89 204
89 214
89 220
89 221
89 230
89 243
90 126
90 136
90 166
90 172
90 182
90 189
90 223
91 124
91 152
92 100
92 112
92 127
92 154
92 163
92 184
92 192
92 224
93 138
93 144
93 163
93 169
93 176
93 242
94 95
94 134
94 144
94 184
94 194
94 221
94 224
95 100
95 127
95 129
95 147
95 180
95 204
95 209
95 213
96 128
96 165
96 174
96 188
96 198
96 227
97 139
97 174
97 175
97 182
97 196
97 199
97 202
97 213
97 244
98 116
98 131
98 143
98 158
98 168
98 171
98 174
98 193
98 222
98 244
98 247
99 101
99 104
99 140
99 145
99 174
99 206
99 223
99 241
100 107
100 113
100 142
100 150
100 154
100 220
100 228
100 246
101 102
101 104
101 106
101 123
101 144
101 156
101 157
101 185
101 192
101 211
102 150
102 187
102 209
102 231
103 124
103 150
103 152
103 154
103 174
103 224
104 198
104 211
104 221
104 226
104 232
104 242
105 128
105 171
105 181
105 216
105 233
105 240
106 107
106 123
106 134
106 138
106 188
106 189
106 223
106 234
106 237
106 241
106 249
107 120
107 160
107 232
107 242
108 119
108 123
108 131
108 161
108 182
108 218
108 226
109 113
109 115
109 118
109 126
109 172
109 175
109 177
109 184
109 196
109 200
109 209
109 243
110 112
110 137
110 181
110 191
110 192
110 208
110 227
110 228
111 143
111 152
111 168
111 173
111 200
111 217
111 228
111 243
112 118
112 136
112 146
112 208
113 119
113 122
113 161
113 166
113 169
113 180
113 194
113 206
113 212
113 231
113 232
114 123
114 156
114 165
114 208
114 211
114 225
115 141
115 154
115 165
115 189
115 200
115 215
116 128
116 193
116 234
116 248
117 175
117 181
118 121
118 151
118 190
118 204
118 235
118 242
119 125
119 151
119 219
119 223
120 134
120 163
120 247
121 131
121 133
121 175
121 184
121 217
121 219
122 132
122 135
122 143
122 173
122 181
123 151
123 154
123 174
123 197
123 222
123 241
124 198
124 202
124 212
125 127
125 169
125 185
125 187
125 203
126 158
126 188
126 213
127 132
127 170
127 233
127 248
128 180
128 197
128 229
128 238
129 131
129 149
129 152
129 158
129 175
129 184
129 191
129 197
129 219
130 137
130 180
130 184
130 207
130 220
130 231
130 236
130 249
131 149
131 153
131 184
131 225
131 229
132 154
132 203
132 223
132 236
132 237
133 168
133 170
133 178
133 184
133 196
133 203
133 204
133 222
133 232
134 149
134 172
134 181
134 203
134 248
134 249
135 195
135 215
135 231
135 249
136 148
136 156
136 157
136 223
136 249
137 150
137 152
137 214
137 231
137 232
137 233
138 151
138 154
138 205
138 231
139 230
140 146
140 151
140 170
140 218
140 225
140 226
141 147
141 163
141 201
141 203
141 229
142 147
142 158
142 166
142 174
142 216
142 225
142 229
142 247
143 170
143 189
144 171
144 228
145 148
145 164
145 178
145 180
145 192
145 194
145 241
145 249
146 153
146 165
146 194
146 202
146 231
146 237
147 161
147 179
147 186
147 211
147 231
148 224
148 227
148 249
149 207
149 212
149 214
149 216
149 218
149 241
149 245
150 153
150 164
150 210
151 154
151 192
151 218
152 154
152 157
152 181
152 194
152 231
152 233
152 242
153 169
153 192
153 201
153 205
153 212
153 213
153 221
153 248
154 156
154 161
154 165
154 199
154 204
154 239
155 209
155 211
155 220
155 221
156 162
156 190
156 206
156 213
156 222
156 225
157 167
157 183
157 215
158 183
158 235
159 167
159 185
159 228
159 234
159 244
159 245
160 190
160 192
160 215
160 222
160 224
161 163
161 191
161 215
161 227
162 175
162 190
162 216
162 242
163 167
163 177
164 193
164 204
165 167
165 183
165 213
166 183
166 204
166 206
166 209
167 197
167 212
167 213
167 217
167 231
167 233
167 237
167 240
168 178
168 185
169 174
169 207
169 226
169 232
169 235
170 177
170 195
170 239
171 173
171 241
172 175
172 224
173 186
173 189
173 222
173 225
173 231
174 181
174 189
174 237
175 186
175 235
175 240
175 247
176 215
177 185
177 211
177 213
177 247
178 180
178 188
178 233
178 240
179 188
179 234
180 196
180 207
180 223
181 187
181 200
181 207
181 212
181 218
182 186
182 189
182 205
182 249
183 186
183 203
183 232
183 245
184 187
184 196
184 199
184 207
184 210
184 211
184 243
185 215
185 218
185 233
185 245
186 223
186 241
187 220
187 231
187 237
188 196
189 227
189 238
189 239
189 240
190 195
190 214
190 220
192 199
192 242
193 228
194 211
194 232
194 237
194 239
195 200
195 218
195 224
195 240
196 229
196 240
197 210
197 232
197 244
198 202
198 235
199 227
199 243
199 245
200 210
200 217
200 235
201 206
201 222
201 239
202 220
202 232
203 213
204 211
204 227
205 218
205 232
206 207
206 223
206 226
207 218
207 220
207 232
208 222
208 249
209 228
210 215
210 217
210 222
210 224
210 235
210 237
211 214
211 228
212 214
212 216
212 225
212 232
212 248
213 230
214 215
214 237
215 218
215 229
215 241
218 221
219 231
220 228
222 249
223 229
223 249
225 238
225 242
225 249
226 244
227 237
228 240
229 231
229 232
230 240
230 246
232 248
235 243
237 241
237 245
