0 27
0 57
0 69
0 158
0 189
0 223
0 235
1 3
1 72
1 115
1 241
2 13
2 240
3 14
3 93
3 153
3 160
3 210
3 221
4 89
4 112
4 139
4 181
4 226
5 56
5 65
5 73
5 74
5 116
5 129
5 205
5 214
5 221
5 245
6 31
6 35
6 55
6 84
6 164
6 193
6 205
6 219
7 8
7 40
7 48
7 77
7 87
7 158
7 166
7 172
7 217
8 210
8 235
9 29
9 42
9 185
9 206
9 227
9 241
10 30
10 43
10 144
10 153
10 208
10 243
11 50
11 63
11 75
11 79
11 80
11 104
11 129
11 135
11 152
11 159
11 167
11 168
11 249
12 83
12 142
12 147
12 165
13 17
13 32
13 46
13 63
13 74
13 154
13 157
13 166
13 206
14 25
14 62
14 77
14 119
14 143
14 216
14 232
15 26
15 48
15 51
15 89
15 160
15 173
15 248
15 249
16 70
16 125
16 163
16 199
17 30
17 62
17 64
17 132
17 138
17 146
17 152
17 164
17 176
17 182
18 174
18 180
18 218
18 247
19 35
19 97
19 125
19 174
19 186
19 215
19 225
20 38
20 71
20 212
20 230
21 30
21 75
21 113
21 156
21 178
22 57
22 123
22 192
22 225
23 35
23 86
23 94
23 109
24 89
24 104
24 113
24 142
24 149
24 153
24 195
24 208
25 77
25 93
25 96
25 128
25 130
25 169
25 181
25 242
25 247
26 84
26 114
26 178
26 214
27 42
27 138
27 143
27 167
27 234
27 240
28 34
28 68
28 94
28 116
28 185
29 59
29 68
29 78
29 119
29 135
29 194
29 198
30 72
30 122
30 198
31 35
31 42
31 55
31 56
31 116
31 141
31 146
31 155
31 204
31 206
31 242
32 46
32 72
32 190
32 207
33 39
33 43
33 79
33 87
33 137
33 172
33 198
33 205
33 223
33 239
34 132
34 176
34 187
35 57
35 187
35 197
35 246
36 73
36 90
36 92
36 98
36 102
36 109
36 122
36 134
36 136
36 148
36 230
37 96
37 139
37 149
37 238
38 80
38 82
38 137
38 144
38 161
38 173
38 184
38 211
38 225
38 241
39 94
39 185
39 222
39 244
40 151
41 76
41 102
41 201
41 212
42 65
42 75
42 86
42 103
42 128
42 143
42 169
42 235
43 63
43 71
44 46
44 54
44 60
44 88
44 153
44 165
44 188
44 210
45 52
45 124
45 169
45 224
46 62
46 73
46 153
46 157
46 162
46 182
47 73
47 90
47 129
47 174
47 206
47 216
48 51
48 102
48 131
48 185
48 188
48 233
49 80
49 86
49 94
49 161
49 196
49 217
50 61
50 63
50 113
50 178
50 221
51 59
51 127
51 167
51 192
51 210
51 238
52 59
52 91
52 156
52 171
52 206
52 222
53 75
53 179
53 227
54 56
54 126
54 127
54 178
54 224
54 242
55 63
55 108
55 109
55 127
55 192
55 235
55 236
56 86
56 100
56 110
56 144
56 176
57 93
57 147
58 76
58 84
58 87
58 98
58 117
58 149
58 173
59 67
59 81
59 104
59 116
59 123
59 140
59 145
59 178
59 193
59 197
60 234
61 133
61 225
61 246
62 63
62 86
62 87
62 180
63 67
63 74
63 87
63 107
63 123
63 178
63 205
64 83
64 216
64 234
65 78
65 210
65 224
66 183
66 186
67 86
67 104
67 127
67 132
67 162
67 245
68 79
68 86
68 228
69 87
69 90
69 123
69 192
69 206
70 91
70 152
70 194
70 246
71 125
71 214
72 91
72 93
72 100
73 123
73 131
73 165
73 180
73 187
73 190
73 220
74 113
74 115
74 116
74 146
74 220
75 232
76 78
76 92
76 125
76 145
76 150
76 229
76 238
76 241
77 87
77 156
77 179
77 193
78 109
78 117
78 138
78 167
78 206
78 229
78 249
79 86
79 116
79 120
79 208
80 152
81 144
81 174
82 83
82 107
82 108
82 146
82 168
82 180
83 106
83 122
83 168
83 237
83 246
84 161
84 167
84 179
84 246
85 87
85 108
86 142
86 154
86 170
86 178
86 190
86 219
87 99
87 163
87 164
87 176
88 92
88 101
88 146
88 198
88 226
88 230
89 196
89 198
89 204
89 208
89 224
89 232
90 113
90 191
90 239
90 240
91 97
91 110
91 174
91 175
91 186
91 201
91 209
92 97
92 150
92 220
93 108
93 133
93 160
94 174
94 220
95 106
95 207
96 121
96 193
96 194
97 107
97 112
97 138
97 143
97 161
97 185
97 210
97 213
98 158
98 162
99 113
99 208
100 104
100 149
100 197
100 241
100 248
101 116
101 117
101 159
101 190
101 225
102 112
102 121
103 126
103 146
104 116
104 124
104 182
104 239
105 133
105 152
105 215
106 131
106 163
106 177
106 196
106 215
106 230
106 238
106 243
107 156
107 161
107 223
108 233
109 110
109 149
109 157
109 184
110 191
110 235
111 113
111 139
111 189
111 196
111 198
113 121
113 126
113 138
113 207
113 212
113 241
114 123
114 203
114 204
114 245
115 227
116 119
116 122
116 146
117 158
117 242
118 159
118 176
118 221
118 230
119 238
120 121
120 131
120 163
120 167
120 202
120 204
120 241
120 247
121 153
121 193
122 125
122 128
122 166
122 196
122 201
122 206
122 221
122 238
122 246
123 127
123 197
124 174
124 232
124 244
125 212
125 232
125 246
126 150
126 155
126 188
127 158
127 167
127 229
128 193
128 215
128 226
128 244
129 160
129 174
130 132
130 166
130 181
130 202
131 146
131 220
132 176
132 191
132 193
132 228
133 139
134 150
134 169
134 175
134 240
135 183
135 226
136 182
136 209
136 217
136 220
136 235
137 138
137 160
137 171
137 241
138 174
138 247
139 148
140 238
142 162
142 244
144 238
144 243
145 147
145 205
145 219
145 226
145 231
145 237
146 235
147 194
148 173
149 155
149 189
149 204
149 208
149 249
151 212
152 205
153 176
153 212
153 213
154 186
154 206
154 211
154 213
155 183
156 193
156 246
157 161
157 204
157 230
158 182
158 200
159 171
159 180
160 189
161 218
161 238
162 207
163 215
163 226
163 238
164 191
164 195
164 217
164 227
165 175
166 167
166 193
166 209
166 239
167 171
167 184
167 185
167 193
167 200
167 203
167 212
167 231
168 183
168 190
168 201
168 209
168 214
169 177
169 198
169 206
170 231
171 245
172 178
172 224
172 232
173 228
175 212
175 238
176 246
178 194
179 213
179 217
179 230
181 209
181 213
181 248
184 188
185 206
185 247
186 190
186 208
187 191
188 216
188 247
189 236
190 211
190 228
192 206
194 215
195 203
195 204
195 245
199 236
200 223
200 240
202 227
202 234
202 239
204 232
205 235
205 243
208 232
210 218
210 227
211 240
211 246
213 241
213 243
215 229
215 232
215 237
215 245
216 242
219 228
221 243
222 236
228 232
228 243
228 246
230 238
232 246
233 235
233 242
242 249
244 246
244 249
