1 107
1 154
1 234
2 218
3 130
3 184
4 64
4 230
5 30
5 58
5 93
5 243
7 121
7 249
8 147
8 220
8 244
8 249
9 79
9 99
10 37
11 90
12 73
12 93
15 29
15 114
19 97
19 191
19 244
20 203
21 130
21 204
22 48
22 87
22 181
27 219
27 238
28 204
29 42
29 99
30 237
31 118
37 184
38 67
38 120
38 237
39 66
39 213
39 238
41 121
42 140
45 106
45 192
48 205
51 123
51 142
51 220
54 90
54 126
54 171
58 95
59 114
59 136
59 205
61 133
61 225
64 92
64 126
64 133
66 67
67 82
67 86
67 217
71 124
71 218
72 78
72 154
72 237
73 203
73 228
77 243
82 149
82 186
82 240
83 161
83 246
87 102
89 225
93 111
93 155
93 242
101 172
102 121
103 191
104 181
104 208
105 120
106 174
111 222
114 189
115 181
115 217
118 168
119 238
120 181
121 128
121 214
123 172
124 221
124 225
126 142
133 235
138 166
138 205
139 209
140 160
142 208
143 172
157 186
158 225
160 239
161 195
166 168
168 189
170 219
174 201
180 214
180 218
181 201
184 217
185 243
192 209
198 222
205 247
222 239
230 240
239 246
241 246
