0 18
0 50
0 55
0 59
0 74
0 91
0 93
0 95
0 113
0 119
0 229
1 23
1 44
1 53
1 109
1 116
1 121
1 128
1 146
1 149
1 155
1 164
1 226
2 29
2 116
2 129
2 130
2 142
2 196
2 197
2 200
2 206
2 212
2 235
3 16
3 89
3 97
3 123
3 216
3 239
4 27
4 65
4 84
4 105
4 107
4 151
4 202
4 233
4 247
5 16
5 18
5 25
5 30
5 37
5 79
5 82
5 92
5 97
5 124
6 47
6 50
6 54
6 69
6 75
6 100
6 105
6 116
6 189
6 203
6 207
6 208
6 223
6 225
7 9
7 38
7 43
7 55
7 60
7 72
7 90
7 156
7 166
7 169
7 189
7 199
7 203
7 210
7 214
7 235
8 38
8 39
8 84
8 86
8 92
8 147
8 210
8 221
8 228
8 229
8 242
8 248
9 12
9 20
9 67
9 78
9 94
9 114
9 155
9 185
9 189
9 220
9 226
10 22
10 62
10 90
10 108
10 137
10 146
10 193
10 231
10 233
11 24
11 34
11 48
11 68
11 147
11 166
11 167
11 171
11 198
11 204
12 35
12 39
12 43
12 78
12 87
12 105
12 116
12 130
12 138
12 175
12 192
12 204
13 48
13 51
13 57
13 93
13 109
13 136
13 149
13 165
13 175
13 183
13 198
13 230
14 16
14 39
14 41
14 47
14 54
14 63
14 82
14 89
14 103
14 107
14 143
14 155
14 156
14 157
14 160
14 170
14 171
14 222
14 227
14 228
14 236
14 237
15 42
15 48
15 98
15 115
15 140
15 158
15 159
15 192
15 249
16 32
16 48
16 56
16 87
16 116
16 117
16 149
16 154
16 172
16 191
16 206
17 20
17 29
17 51
17 116
17 124
17 140
17 157
17 169
17 176
17 179
17 186
17 191
17 205
17 212
17 213
17 249
18 32
18 44
18 63
18 130
18 157
18 189
18 198
18 200
18 204
18 212
18 214
18 220
18 231
19 28
19 49
19 64
19 67
19 72
19 97
19 123
19 153
19 156
19 221
20 42
20 145
20 153
20 158
20 159
20 164
20 179
20 194
20 204
20 226
21 45
21 51
21 77
21 170
21 194
21 225
21 227
22 37
22 50
22 103
22 105
22 114
22 116
22 117
22 118
22 119
22 123
22 195
22 197
22 200
22 201
22 211
23 37
23 43
23 48
23 67
23 75
23 79
23 84
23 88
23 112
23 134
23 153
23 168
23 237
23 248
23 249
24 38
24 58
24 76
24 82
24 94
24 97
24 114
24 124
24 198
24 228
24 231
25 27
25 29
25 55
25 60
25 70
25 76
25 109
25 152
25 154
25 204
25 212
26 48
26 49
26 98
26 106
26 121
26 123
26 138
26 140
26 141
26 197
26 209
26 210
26 224
27 82
27 91
27 108
27 154
27 172
27 205
27 213
27 222
28 31
28 45
28 51
28 112
28 138
28 146
28 160
28 166
28 217
28 222
29 34
29 93
29 116
29 136
29 159
29 165
29 176
29 181
29 188
29 194
29 202
29 215
29 223
30 35
30 51
30 52
30 66
30 76
30 91
30 105
30 110
30 119
30 125
30 139
30 143
30 147
30 157
30 196
30 200
30 205
30 225
30 229
31 42
31 57
31 58
31 65
31 71
31 82
31 107
31 164
31 201
31 206
31 224
31 242
32 60
32 69
32 78
32 79
32 95
32 155
32 156
32 161
32 163
32 243
33 38
33 74
33 77
33 128
33 141
33 149
33 151
33 205
33 236
33 237
33 241
34 72
34 75
34 82
34 89
34 92
34 133
34 136
34 177
34 178
34 196
34 229
34 230
35 46
35 105
35 130
35 147
35 169
35 196
35 212
35 217
35 246
36 38
36 60
36 66
36 76
36 87
36 111
36 116
36 139
36 143
36 182
36 192
36 194
36 222
36 228
36 247
37 60
37 82
37 116
37 144
37 193
37 217
37 218
37 228
37 233
37 240
38 69
38 77
38 147
38 181
38 182
38 192
38 217
38 227
38 232
39 44
39 57
39 80
39 82
39 121
39 127
39 129
39 226
40 54
40 58
40 67
40 79
40 89
40 92
40 99
40 126
40 129
40 149
40 182
40 196
40 201
40 204
40 207
40 222
40 234
41 45
41 68
41 101
41 139
41 160
41 168
41 181
41 182
41 241
41 242
41 244
42 78
42 84
42 145
42 151
42 159
42 161
43 49
43 50
43 56
43 58
43 72
43 105
43 113
43 162
43 188
43 212
44 48
44 51
44 96
44 105
44 121
44 131
44 143
44 155
44 161
44 167
44 182
44 223
44 237
44 242
45 74
45 82
45 139
45 140
45 148
45 187
45 242
45 247
46 53
46 73
46 75
46 127
46 154
46 165
46 168
46 176
46 206
46 230
46 233
47 76
47 88
47 108
47 119
47 139
47 144
47 157
47 198
47 213
47 231
48 70
48 76
48 97
48 188
48 196
48 201
48 212
48 232
49 88
49 106
49 109
49 111
49 114
49 129
49 142
49 182
49 195
49 198
49 204
49 223
49 226
50 96
50 104
50 116
50 130
50 142
50 161
50 182
50 184
50 186
50 200
50 227
50 228
50 236
50 240
50 249
51 55
51 135
51 166
51 209
51 233
52 75
52 121
52 149
52 154
52 159
52 161
52 182
52 183
53 94
53 149
53 197
53 201
53 211
53 213
53 222
54 66
54 72
54 119
54 130
54 150
54 156
54 169
54 179
54 214
54 219
54 237
54 246
55 66
55 114
55 135
55 188
56 74
56 119
56 131
56 142
56 205
57 60
57 93
57 126
57 128
57 195
57 233
58 97
58 144
58 152
58 173
58 179
58 203
58 209
58 217
58 234
59 63
59 81
59 121
59 132
59 138
59 147
59 149
59 154
59 165
59 205
59 215
59 227
59 235
60 63
60 70
60 134
60 156
60 166
60 171
60 189
60 213
61 63
61 102
61 107
61 130
61 155
61 158
61 221
61 249
62 79
62 88
62 138
62 146
62 148
62 186
62 190
62 197
62 202
62 211
62 219
62 230
62 235
63 66
63 96
63 101
63 128
63 144
63 156
63 172
63 176
63 184
63 230
63 231
64 102
64 111
64 124
64 185
64 186
64 203
64 208
64 239
65 77
65 79
65 92
65 94
65 97
65 129
65 158
65 169
65 173
65 184
65 215
65 217
66 104
66 137
66 141
66 149
66 156
66 178
66 193
66 196
66 248
67 99
67 140
67 152
67 187
67 206
67 246
68 76
68 93
68 99
68 140
68 200
68 207
68 209
69 86
69 95
69 129
69 182
69 183
69 188
69 194
69 202
69 206
69 239
70 79
70 87
70 97
70 101
70 110
70 134
70 203
71 91
71 107
71 108
71 126
71 134
71 162
71 177
71 197
72 119
72 120
72 182
72 186
72 193
72 230
72 239
73 86
73 98
73 100
73 113
73 121
73 125
73 129
73 132
73 224
73 226
73 227
73 230
74 86
74 87
74 90
74 91
74 115
74 141
74 154
74 161
74 162
74 210
74 237
75 86
75 116
75 185
75 190
75 191
75 207
75 217
75 230
75 244
76 89
76 95
76 118
76 124
76 129
76 136
76 137
76 141
76 177
76 184
76 190
76 230
77 91
77 100
77 102
77 104
77 120
77 136
77 138
77 150
77 169
77 180
77 183
77 190
77 212
77 229
77 235
77 238
77 244
78 99
78 105
78 114
78 118
78 156
78 178
78 189
78 207
78 209
78 219
78 239
78 244
79 82
79 88
79 95
79 136
79 171
79 192
79 197
79 225
79 235
80 111
80 120
80 124
80 155
80 161
80 174
80 193
80 218
81 82
81 144
81 148
81 176
81 177
81 190
81 225
81 231
82 103
82 104
82 128
82 155
82 169
82 206
82 224
82 227
82 237
83 103
83 110
83 125
83 147
83 231
84 119
84 133
84 191
84 195
85 93
85 98
85 109
85 114
85 140
85 148
85 227
85 236
85 239
86 96
86 103
86 126
86 127
86 131
86 172
87 116
87 125
87 168
87 183
87 190
87 222
88 132
88 172
88 174
88 220
88 244
89 109
89 133
89 166
89 167
89 177
89 184
89 201
89 207
90 98
90 112
90 160
90 162
90 165
90 221
91 108
91 114
91 125
91 136
91 142
91 169
91 181
91 201
91 207
92 103
92 171
92 218
92 228
93 100
93 103
93 143
94 145
94 160
94 171
94 225
95 100
95 169
95 216
95 221
95 239
95 240
96 98
96 105
96 123
96 135
96 153
96 187
96 189
96 201
97 111
97 121
97 150
97 151
97 155
97 182
97 187
97 215
97 231
97 233
98 107
98 130
98 137
98 158
98 210
98 229
99 191
99 202
99 208
99 246
100 108
100 155
100 205
100 218
100 222
100 238
100 242
101 111
101 133
101 146
102 128
102 144
102 145
102 161
102 171
102 195
102 223
102 232
102 248
103 115
103 132
103 134
103 165
103 179
103 180
103 235
103 238
104 140
104 168
104 169
104 189
104 238
105 125
105 130
105 145
105 157
105 159
105 196
105 224
105 230
105 233
105 246
106 120
106 132
106 162
106 196
106 197
106 222
107 144
107 189
107 190
107 195
107 197
107 234
108 189
108 206
108 209
108 228
108 230
108 235
108 240
109 141
109 142
109 149
109 230
109 247
110 114
110 124
110 146
110 169
110 212
110 217
111 123
111 125
111 135
111 141
111 150
111 162
111 163
111 164
111 213
111 224
111 227
111 233
112 121
112 129
112 162
112 169
112 173
112 222
112 241
112 245
113 115
113 116
113 120
113 128
113 158
113 185
113 187
113 202
113 216
113 222
113 248
114 128
114 158
114 161
114 177
114 180
114 202
114 212
115 129
115 172
115 216
115 235
116 174
116 224
117 134
117 137
117 158
117 237
118 127
118 131
118 157
118 166
118 199
118 229
118 241
119 148
119 165
119 166
119 168
119 178
119 179
119 210
120 156
120 158
120 168
120 176
120 190
120 201
120 247
121 126
121 132
121 137
121 151
121 175
121 179
121 183
121 185
121 199
121 215
121 244
122 125
122 151
122 188
122 215
122 217
122 218
122 226
123 125
123 157
123 160
123 176
124 131
124 159
124 160
124 168
124 169
124 199
124 229
125 137
125 177
125 179
125 206
126 130
126 134
126 183
126 192
126 215
126 216
126 235
127 132
127 210
128 143
128 172
128 182
128 192
128 193
128 199
128 208
128 237
128 241
128 244
129 162
129 211
129 235
130 137
130 180
131 147
131 148
131 165
131 177
131 179
131 189
131 207
131 217
132 146
132 164
132 192
132 198
132 206
132 238
132 239
134 138
134 203
134 206
134 225
134 228
134 240
134 244
135 142
135 156
135 157
135 174
135 183
135 188
135 198
135 246
136 142
136 154
136 197
136 198
137 142
137 147
137 165
137 209
138 235
139 143
139 145
139 164
139 174
139 181
139 204
140 152
140 159
140 184
140 198
140 210
140 213
140 219
140 229
140 232
140 248
141 166
141 206
141 213
141 222
142 184
142 208
142 217
142 232
143 168
143 197
144 170
144 179
144 193
144 222
144 237
144 248
145 176
145 183
145 200
146 186
146 190
146 193
146 196
146 223
146 241
146 249
147 160
147 169
147 180
147 184
147 213
147 236
148 177
148 194
148 202
148 207
148 210
148 218
148 221
148 246
149 166
149 184
149 238
149 249
150 188
151 163
151 190
151 227
152 159
152 163
152 165
152 172
152 175
152 185
152 215
152 219
152 225
152 238
153 163
153 196
153 210
153 211
153 228
153 229
154 161
154 162
154 180
154 195
154 198
154 228
154 233
155 176
155 179
155 196
155 211
155 228
156 201
156 238
156 241
157 163
157 181
157 204
157 241
157 248
158 171
158 192
158 207
159 190
159 213
159 227
159 229
159 231
159 245
160 168
160 172
160 211
160 238
161 165
161 242
162 192
162 209
162 221
162 235
163 178
163 235
163 248
164 176
164 182
164 228
164 247
165 172
165 191
165 193
165 205
165 207
165 220
165 225
166 176
166 192
166 210
167 195
167 221
167 226
168 186
168 220
168 222
168 247
169 178
169 214
169 245
169 248
170 202
171 176
171 203
171 208
171 212
171 221
171 225
171 237
171 241
172 194
172 216
172 227
172 242
173 189
173 190
173 196
174 233
174 237
174 240
174 244
174 248
175 189
175 206
175 235
175 246
175 248
176 202
176 205
176 227
176 231
176 234
176 241
177 194
177 203
177 216
177 220
177 236
177 241
178 183
178 190
178 238
178 241
178 245
179 232
179 238
179 243
180 196
180 204
180 211
181 223
181 232
181 236
181 242
181 248
182 192
182 214
182 219
183 205
183 224
183 228
183 232
183 241
184 197
184 222
184 235
185 189
185 190
185 206
185 210
185 238
186 212
186 244
187 207
187 215
187 229
187 230
187 244
189 224
189 237
189 241
189 248
190 208
190 220
191 199
191 221
191 222
191 231
191 232
192 196
192 215
192 223
192 238
192 243
192 248
193 208
193 217
193 223
194 203
194 210
194 216
194 223
195 223
195 225
195 226
195 230
195 247
196 201
196 231
196 232
197 249
199 210
199 215
199 226
199 233
200 201
200 246
201 242
202 205
202 210
202 213
202 226
204 209
204 217
204 224
204 225
205 206
205 218
205 249
206 207
206 208
206 231
206 245
207 209
207 212
207 215
207 235
207 236
207 246
209 217
209 228
209 234
209 245
210 213
210 230
212 215
212 225
213 233
213 244
214 215
214 237
215 216
215 224
215 225
215 230
216 244
217 218
217 225
217 226
218 222
218 225
218 235
219 230
221 230
222 240
225 236
225 241
226 246
227 231
227 233
227 235
228 238
229 231
229 239
230 232
230 239
231 238
231 241
234 242
238 244
240 242
241 249
