0 1
0 2
0 3
0 4
0 5
0 6
0 7
0 8
0 9
0 10
0 11
0 13
0 15
0 16
0 19
0 25
0 31
0 34
0 40
0 45
0 47
0 51
0 52
0 54
0 58
0 60
0 66
0 68
0 69
0 70
0 71
0 73
0 76
0 79
0 80
0 82
0 88
0 91
0 96
0 107
0 108
0 131
0 132
0 133
0 135
0 153
0 164
0 165
0 166
0 175
0 177
0 186
0 194
0 196
0 211
0 218
0 222
0 226
0 229
0 231
0 234
0 244
0 245
0 246
0 248
0 254
0 282
0 283
0 292
0 309
0 328
0 340
0 357
0 359
0 369
0 374
0 379
0 392
0 402
0 405
0 406
0 410
0 417
0 431
0 454
0 455
0 468
0 475
0 477
0 480
0 493
0 496
1 61
2 4
2 6
2 12
2 43
2 124
2 138
2 139
2 171
2 176
2 200
2 217
2 257
2 327
2 417
2 454
2 495
3 4
3 5
3 18
3 22
3 23
3 34
3 39
3 58
3 71
3 75
3 79
3 83
3 86
3 143
3 146
3 153
3 166
3 233
3 261
3 337
3 342
3 350
3 380
3 387
3 453
4 5
4 6
4 7
4 8
4 9
4 10
4 11
4 14
4 15
4 17
4 18
4 20
4 23
4 26
4 27
4 28
4 29
4 30
4 31
4 35
4 36
4 39
4 44
4 45
4 46
4 47
4 62
4 78
4 85
4 92
4 97
4 103
4 106
4 109
4 126
4 127
4 141
4 142
4 144
4 154
4 158
4 171
4 187
4 195
4 211
4 228
4 260
4 263
4 268
4 292
4 334
4 345
4 349
4 350
4 373
4 386
4 396
4 397
4 446
4 451
4 471
4 482
5 7
5 16
5 37
5 38
5 41
5 65
5 66
5 105
5 188
5 269
5 277
5 312
5 370
5 381
5 389
5 421
5 445
5 465
6 8
6 10
6 13
6 14
6 17
6 19
6 22
6 26
6 34
6 38
6 40
6 53
6 56
6 57
6 99
6 103
6 106
6 109
6 111
6 119
6 122
6 124
6 134
6 136
6 146
6 151
6 157
6 158
6 192
6 193
6 212
6 224
6 234
6 256
6 258
6 259
6 262
6 265
6 277
6 293
6 294
6 308
6 339
6 347
6 353
6 364
6 375
6 381
6 407
6 409
6 414
6 422
6 488
6 490
6 498
7 12
7 14
7 24
7 51
7 64
7 109
7 120
7 175
7 189
7 222
7 229
7 251
7 253
7 289
7 298
7 380
7 395
7 410
7 463
8 9
8 11
8 13
8 15
8 19
8 25
8 32
8 33
8 37
8 43
8 54
8 57
8 65
8 81
8 84
8 88
8 89
8 94
8 95
8 98
8 102
8 113
8 114
8 115
8 118
8 129
8 150
8 157
8 159
8 166
8 171
8 181
8 183
8 187
8 189
8 208
8 262
8 280
8 341
8 362
8 367
8 394
8 396
8 413
8 444
8 452
8 468
9 17
9 18
9 20
9 28
9 38
9 48
9 49
9 50
9 56
9 62
9 94
9 131
9 149
9 156
9 190
9 235
9 268
9 292
9 323
9 351
9 411
9 421
9 460
9 496
9 499
10 21
10 23
10 24
10 30
10 95
10 100
10 102
10 136
10 157
10 162
10 169
10 220
10 232
10 264
10 299
10 337
10 436
10 442
10 494
11 12
11 25
11 35
11 39
11 42
11 101
11 140
11 156
11 160
11 186
11 198
11 207
11 218
11 263
11 295
11 335
11 445
12 43
12 44
12 53
12 61
12 72
12 74
12 77
12 83
12 92
12 121
12 148
12 154
12 173
12 200
12 203
12 219
12 239
12 240
12 245
12 264
12 274
12 329
12 387
12 399
12 405
12 407
12 435
12 462
12 473
13 72
13 164
13 201
13 382
14 16
14 79
14 155
14 156
14 181
14 217
14 240
14 300
14 361
15 21
15 24
15 29
15 36
15 44
15 46
15 49
15 84
15 86
15 92
15 106
15 125
15 142
15 250
15 333
15 415
15 469
16 22
16 50
16 51
16 63
16 70
16 97
16 100
16 110
16 119
16 130
16 139
16 141
16 169
16 172
16 190
16 206
16 259
16 282
16 311
16 348
16 369
16 398
16 472
16 496
17 99
17 135
17 138
17 248
17 352
17 419
18 27
18 388
18 469
19 20
19 21
19 32
19 52
19 61
19 67
19 182
19 183
19 229
19 263
20 26
20 28
20 30
20 60
20 70
20 102
20 111
20 202
20 232
20 242
20 279
20 290
20 301
20 318
20 331
20 344
20 353
20 454
21 50
21 68
21 137
21 182
21 253
21 285
21 287
21 294
21 330
21 355
21 435
22 27
22 32
22 63
22 134
22 285
22 293
22 324
22 430
22 479
23 56
23 67
23 281
23 303
24 63
24 73
24 112
24 117
24 161
24 271
24 274
24 295
24 345
24 371
24 393
24 472
25 453
26 29
26 33
26 35
26 37
26 41
26 42
26 47
26 55
26 69
26 101
26 108
26 143
26 145
26 147
26 152
26 174
26 250
26 290
26 310
26 320
26 332
26 338
26 363
26 452
27 33
27 48
27 119
27 150
27 267
27 324
27 332
28 31
28 59
28 80
28 301
28 361
28 386
28 426
28 459
29 57
29 64
29 77
29 118
29 273
29 428
30 74
30 104
30 294
30 297
30 425
31 97
31 117
31 178
31 195
31 289
31 291
31 296
31 440
31 471
32 36
32 41
32 53
32 64
32 68
32 87
32 115
32 135
32 160
32 208
32 251
32 252
32 364
32 368
32 497
33 62
33 148
33 179
33 201
33 248
33 270
33 285
33 291
33 314
33 347
33 411
33 429
33 481
33 486
34 80
34 94
34 111
34 125
34 131
34 187
34 358
34 368
34 495
35 108
35 124
35 134
35 363
36 40
36 42
36 87
36 168
36 190
36 198
36 310
37 91
37 145
37 376
37 492
38 48
38 167
38 176
38 209
38 239
38 391
38 408
38 409
38 410
39 46
39 54
39 83
39 107
39 164
39 278
39 286
39 466
40 55
40 144
40 483
41 67
41 76
41 82
41 88
41 254
41 341
41 356
41 362
41 436
41 451
41 467
42 128
42 233
43 45
43 69
43 82
43 84
43 118
43 145
43 345
43 359
43 381
43 434
44 59
44 130
44 440
44 474
45 85
45 141
45 199
45 204
45 243
45 401
46 49
46 52
46 59
46 140
46 206
46 223
46 284
46 366
46 379
47 65
47 116
47 385
47 449
48 132
48 172
49 55
49 81
49 169
49 237
49 354
49 399
49 439
50 60
50 98
50 100
50 188
50 210
50 336
50 374
51 284
51 368
51 427
52 121
52 138
52 159
52 267
52 311
52 386
52 499
53 58
53 189
53 203
53 236
53 238
53 241
53 312
53 372
53 487
54 95
54 101
54 116
54 186
54 207
54 234
54 240
54 243
54 307
54 308
54 338
54 344
55 77
55 85
55 86
55 103
55 112
55 143
55 152
55 176
55 184
55 185
55 331
55 354
55 375
55 459
56 72
56 78
56 120
56 122
56 132
56 208
56 209
56 213
56 314
56 317
56 412
56 419
56 447
57 66
57 93
57 241
57 297
57 385
57 425
57 492
59 99
59 291
60 137
60 303
60 323
61 335
62 139
62 431
63 127
63 137
63 170
65 98
65 116
65 365
65 455
66 282
66 333
66 433
66 449
67 73
67 104
67 165
67 200
67 225
67 288
67 317
67 325
67 482
68 90
68 162
68 193
68 214
68 266
68 305
68 323
69 71
69 75
69 105
69 133
69 177
69 199
69 202
69 315
69 461
70 78
70 91
70 144
70 188
70 196
70 207
70 257
70 478
71 90
71 93
71 104
71 114
71 154
71 167
71 204
71 297
71 357
72 81
72 105
72 129
72 182
72 299
72 387
72 463
73 74
73 75
73 123
73 129
73 178
73 191
73 205
73 316
73 380
74 76
74 96
74 123
74 180
74 210
74 225
74 232
74 236
74 300
74 392
74 400
74 404
74 458
75 89
75 161
75 198
75 227
75 258
75 278
76 150
76 158
76 256
76 489
77 89
77 113
77 220
77 226
77 453
78 305
78 334
78 343
78 489
79 115
79 163
79 261
79 344
79 370
79 377
79 388
79 440
81 96
82 90
82 151
82 175
82 214
82 222
82 418
82 474
82 486
82 497
83 93
83 113
83 146
83 245
83 342
83 367
83 406
84 87
84 110
84 276
84 319
84 341
84 415
84 427
85 160
85 230
86 148
86 155
86 162
86 185
86 197
86 221
86 247
86 352
86 372
86 377
86 395
86 404
87 147
87 180
87 422
87 430
88 107
88 149
88 170
88 233
88 247
89 194
90 117
90 360
90 461
91 202
91 319
91 363
91 444
92 235
93 184
93 242
93 384
94 133
94 230
94 237
94 266
94 300
94 316
94 317
94 418
95 130
95 242
95 489
95 490
96 114
96 149
96 170
96 173
96 183
96 192
96 214
96 244
96 390
96 428
96 473
97 110
97 123
97 153
97 204
97 211
97 304
97 452
98 126
98 197
98 293
100 128
100 177
100 212
100 448
100 457
101 121
101 391
102 120
102 193
102 217
102 230
102 472
103 126
103 140
103 195
103 221
103 228
103 288
104 122
105 179
105 262
105 277
105 279
105 369
106 127
106 309
106 343
108 159
108 165
108 244
108 444
108 477
109 437
110 382
111 112
111 178
111 404
113 201
113 480
114 136
114 311
114 321
114 373
114 379
114 476
114 485
115 172
115 349
115 412
115 416
116 405
117 147
117 151
117 289
117 397
118 249
120 125
120 152
120 199
120 310
120 314
120 383
122 231
125 398
125 456
126 128
126 403
127 173
127 302
127 305
128 315
129 227
130 191
130 326
131 163
131 271
131 360
131 443
133 142
133 480
134 168
134 184
134 197
134 260
134 269
134 409
135 327
135 402
136 283
136 286
136 477
136 493
137 163
137 246
137 252
137 299
137 378
137 466
138 212
138 221
138 447
138 479
138 484
139 276
139 281
139 401
139 467
140 155
140 265
140 270
140 336
141 415
142 167
142 181
142 185
142 210
142 224
142 252
142 326
142 340
143 247
143 339
143 361
144 223
144 236
144 346
144 358
145 216
146 356
147 168
147 179
147 192
147 215
147 304
147 325
147 375
147 378
149 161
149 298
149 306
149 319
149 448
151 271
151 306
152 205
152 213
152 238
152 276
152 371
152 424
154 315
155 180
157 191
157 196
157 265
157 466
158 174
158 280
158 389
159 174
159 235
159 256
159 281
159 298
159 343
159 353
159 402
159 434
160 226
160 249
160 494
161 352
161 450
162 223
162 296
163 327
163 441
164 378
166 209
166 273
166 302
166 320
166 325
166 474
169 237
169 356
170 205
170 371
172 278
173 249
173 259
173 322
173 448
174 224
174 257
175 216
175 275
177 283
178 309
179 231
179 253
179 484
181 203
181 302
181 307
181 322
181 329
181 420
181 432
182 216
182 443
182 469
183 366
183 487
184 219
184 313
184 318
184 354
184 366
185 400
185 436
185 488
186 227
186 449
187 228
187 264
187 462
187 471
190 273
190 313
190 470
191 465
192 194
193 215
193 365
193 470
195 225
195 332
195 348
196 316
198 206
198 272
198 301
199 336
199 360
201 213
201 414
202 215
202 258
202 351
202 355
202 359
202 475
204 433
205 250
205 280
205 324
205 392
205 443
205 497
206 383
207 255
207 446
208 286
208 435
209 218
209 246
209 260
209 437
210 255
210 335
213 331
214 219
214 304
215 238
216 254
216 272
216 312
217 450
217 495
218 220
218 239
218 346
218 433
218 482
220 266
220 483
223 397
223 473
224 306
224 384
224 431
224 456
225 279
225 307
227 251
229 255
230 275
230 328
230 390
231 351
232 241
232 243
232 458
233 272
233 492
234 287
234 358
234 491
235 428
237 372
237 432
237 481
238 348
239 481
241 290
241 460
241 491
244 308
245 303
245 398
246 417
246 441
247 269
247 275
247 326
247 422
249 268
249 318
249 364
250 330
250 400
250 439
250 478
252 261
253 418
253 421
255 334
257 370
258 270
259 408
259 416
260 321
260 328
261 412
262 267
264 399
266 330
268 274
268 295
268 340
268 342
268 394
268 414
269 385
270 288
270 468
271 486
272 365
272 374
274 296
274 458
276 462
277 408
279 284
279 403
280 396
281 349
283 338
284 287
284 488
285 485
290 395
291 321
293 420
294 313
294 350
294 403
294 429
295 333
295 420
297 367
298 322
298 401
298 429
298 438
298 445
301 394
301 426
301 455
304 339
306 320
306 337
306 376
306 451
306 493
307 383
307 432
309 390
311 329
320 441
321 346
321 357
321 437
322 425
325 362
325 388
327 438
327 485
328 355
328 423
328 446
329 384
329 389
329 484
331 464
336 456
337 393
338 382
339 411
340 426
345 347
345 377
347 434
349 406
349 475
350 465
352 373
352 393
356 413
358 407
358 427
360 494
361 376
362 416
365 457
366 424
369 447
371 442
372 419
373 499
383 460
387 450
388 423
389 391
391 438
395 439
404 459
404 498
407 413
407 467
409 423
409 457
410 430
413 424
415 491
416 464
421 479
422 476
423 483
430 442
436 461
444 463
448 470
453 476
454 464
454 498
458 490
466 478
482 487
