0 1
0 2
0 3
0 4
0 5
0 6
0 7
0 8
0 10
0 11
0 12
0 13
0 14
0 17
0 24
0 26
0 29
0 31
0 32
0 36
0 38
0 57
0 60
0 68
0 81
0 97
0 102
0 104
0 116
0 121
0 123
0 128
0 129
0 142
0 172
0 212
0 214
0 238
0 279
0 281
0 291
0 300
0 316
1 4
1 5
1 6
1 9
1 17
1 18
1 19
1 20
1 22
1 24
1 29
1 31
1 35
1 37
1 56
1 64
1 72
1 93
1 97
1 99
1 100
1 103
1 111
1 159
1 164
1 196
1 197
1 208
1 218
1 224
1 234
1 245
1 246
1 253
1 268
1 279
1 283
1 305
2 7
2 23
3 4
3 10
3 23
3 37
3 60
3 109
3 115
3 141
3 144
3 146
3 161
3 178
3 200
3 209
4 5
4 8
4 11
4 12
4 15
4 16
4 19
4 20
4 21
4 34
4 45
4 55
4 80
4 97
4 111
4 114
4 115
4 121
4 122
4 133
4 139
4 153
4 169
4 179
4 219
4 223
4 225
4 258
4 264
4 268
4 290
4 297
4 310
4 311
4 312
4 315
4 335
5 6
5 9
5 12
5 13
5 14
5 16
5 18
5 22
5 27
5 28
5 32
5 35
5 37
5 39
5 49
5 51
5 68
5 81
5 92
5 102
5 118
5 130
5 133
5 136
5 178
5 181
5 189
5 216
5 220
5 229
5 233
5 239
5 241
5 242
5 255
5 257
5 264
5 266
5 272
5 277
5 280
5 282
5 294
5 298
5 332
6 7
6 11
6 16
6 22
6 27
6 41
6 53
6 55
6 56
6 58
6 59
6 72
6 86
6 120
6 135
6 148
6 155
6 194
6 239
6 244
6 257
6 342
6 344
7 8
7 9
7 14
7 39
7 43
7 44
7 47
7 61
7 71
7 82
7 141
7 146
7 152
7 162
7 166
7 174
7 177
7 191
7 225
7 271
7 306
7 332
8 159
8 167
9 10
9 23
9 30
9 36
9 45
9 76
9 90
9 100
9 112
9 250
9 275
9 278
10 15
10 17
10 21
10 40
10 52
10 73
10 84
10 99
10 124
10 126
10 182
10 193
10 209
10 309
10 345
11 20
11 25
11 46
11 54
11 61
11 73
11 85
11 88
11 110
11 137
11 143
11 151
11 160
11 220
11 274
11 277
11 288
11 290
11 298
11 316
12 13
12 29
12 31
12 47
12 108
12 150
12 162
12 168
12 186
12 301
13 21
13 30
13 45
13 50
13 53
13 59
13 73
13 98
13 106
13 112
13 151
13 186
13 198
13 262
13 329
13 345
13 347
14 15
14 18
14 19
14 25
14 30
14 34
14 43
14 54
14 66
14 71
14 88
14 91
14 94
14 115
14 122
14 124
14 139
14 148
14 153
14 187
14 199
14 302
14 325
14 329
14 345
14 346
15 39
15 71
15 82
15 184
15 191
15 281
15 316
16 27
16 38
16 46
16 53
16 164
16 211
16 282
16 315
17 24
17 35
17 40
17 43
17 46
17 76
17 95
17 96
17 137
17 144
18 59
18 64
18 156
18 182
18 210
18 247
19 28
19 34
19 41
19 47
19 77
19 96
19 162
19 175
19 190
19 192
19 228
19 295
19 313
19 341
20 25
20 26
20 32
20 44
20 49
20 62
20 63
20 67
20 84
20 119
20 134
20 140
20 194
20 203
20 235
20 265
20 304
21 26
21 66
21 119
21 128
21 137
21 140
21 287
21 305
22 28
22 48
22 259
23 174
23 224
23 247
23 303
23 313
24 33
24 42
24 57
24 69
24 78
24 87
24 90
24 132
24 143
24 209
24 298
24 305
25 103
25 200
26 33
26 41
26 42
26 50
26 51
26 55
26 62
26 64
26 77
26 101
26 123
26 156
26 157
26 163
26 232
26 275
26 333
26 340
27 38
27 65
27 83
27 101
27 118
27 157
27 201
27 226
27 229
27 230
28 310
29 151
29 197
30 33
30 36
30 61
30 70
30 75
30 111
30 120
30 131
30 140
30 142
30 149
30 159
30 171
30 188
30 204
30 213
30 215
30 217
30 221
30 228
30 237
30 249
30 252
30 259
30 288
30 308
30 337
30 348
31 58
31 65
31 78
31 87
31 88
31 106
31 129
31 145
31 161
31 215
31 297
31 326
32 50
32 57
32 60
32 78
32 92
32 99
32 113
32 154
32 189
32 219
32 251
32 261
32 262
32 349
33 89
33 94
33 101
33 139
33 141
33 166
33 180
33 215
33 246
33 256
33 330
34 58
34 108
34 129
35 48
35 52
35 79
35 91
35 98
35 105
35 116
35 160
35 165
35 200
35 280
35 292
36 40
36 48
36 85
36 185
36 227
36 317
37 42
37 44
37 68
37 126
37 195
37 237
37 274
38 56
38 89
38 113
38 158
38 230
38 240
38 273
38 300
38 338
39 198
40 263
40 275
41 135
41 143
41 233
41 251
41 262
41 341
41 343
43 63
43 67
43 86
43 89
43 90
43 105
43 106
43 202
43 217
43 260
43 304
44 63
44 91
44 104
44 117
44 125
44 195
44 283
44 291
44 300
44 304
44 325
45 109
45 155
46 136
46 242
46 266
47 51
47 114
47 138
47 183
48 49
48 95
48 116
49 52
49 67
49 74
49 77
49 95
49 123
49 127
49 147
49 166
49 219
49 274
49 282
49 294
49 324
50 54
50 65
50 70
50 124
50 168
50 180
50 214
50 238
50 257
50 295
51 127
51 170
51 177
51 199
51 276
51 317
52 108
52 171
52 181
52 207
52 224
52 253
52 269
53 83
53 86
53 117
53 130
53 173
53 270
53 276
54 156
54 205
54 320
55 66
55 70
55 222
55 243
56 84
56 121
56 186
56 250
56 263
57 319
58 93
58 107
58 176
58 208
58 226
58 307
59 62
59 150
59 213
59 240
59 241
59 261
59 278
59 324
60 69
60 80
60 81
60 167
61 150
62 76
62 79
62 80
62 92
62 96
62 114
62 144
62 149
62 169
62 193
62 235
62 245
62 312
63 145
63 210
63 255
63 269
64 74
64 87
64 145
64 154
64 175
64 258
64 308
65 72
65 74
65 85
65 94
65 100
65 112
65 131
65 256
65 302
65 333
66 163
66 252
66 287
67 75
67 132
67 134
67 148
67 234
67 301
67 339
68 69
68 147
68 161
68 201
68 271
69 147
69 167
69 173
69 211
69 238
70 152
70 206
71 83
71 104
71 110
71 119
71 286
71 326
73 75
73 79
73 82
73 157
73 251
73 311
75 118
75 179
75 309
75 337
76 107
76 173
76 321
77 160
77 302
80 244
80 265
81 102
81 103
81 109
81 155
81 207
81 272
81 328
82 125
82 184
82 291
83 110
83 265
83 270
83 328
84 165
85 98
85 196
85 273
85 276
85 318
85 349
86 196
87 136
87 174
87 180
87 193
88 178
88 188
88 243
88 244
88 250
89 183
89 185
89 227
89 242
90 149
90 171
90 208
90 222
90 307
90 346
91 93
91 335
91 340
92 122
92 261
94 206
94 225
95 107
95 284
96 338
97 125
97 133
97 138
97 228
97 260
97 303
99 202
99 277
100 176
100 206
100 334
101 131
101 188
102 105
102 126
102 296
103 120
103 130
103 134
103 195
104 189
104 227
104 285
104 322
104 336
105 142
105 177
105 264
105 271
106 203
107 165
107 336
109 113
109 117
110 170
110 179
110 183
110 217
110 233
110 299
110 328
110 338
112 127
112 220
112 248
114 128
116 322
117 246
118 288
119 182
119 347
120 330
121 287
122 135
122 185
122 269
122 293
122 320
123 172
124 132
124 255
124 317
126 198
127 138
127 184
127 194
127 223
127 267
128 221
128 284
128 309
129 169
130 315
131 192
131 322
132 153
132 181
132 202
132 231
132 314
132 339
133 207
138 158
138 163
138 204
138 212
138 239
138 248
139 158
139 190
139 267
139 349
140 235
140 249
141 146
141 241
143 229
143 270
145 152
145 154
145 164
145 199
145 331
146 231
146 272
146 344
147 214
147 254
148 236
148 293
148 330
149 210
150 319
151 310
153 191
154 192
154 248
155 347
156 201
156 318
157 175
158 297
158 319
159 286
160 283
161 187
161 218
161 226
161 268
161 323
161 332
161 339
164 197
164 212
166 168
166 243
167 221
167 263
167 285
167 331
168 170
168 172
168 234
168 323
168 342
168 344
169 232
169 306
170 190
170 205
170 240
170 267
170 303
173 176
173 216
173 231
173 237
173 279
173 314
175 290
177 230
177 232
177 236
178 294
179 204
181 205
181 211
181 223
181 306
182 187
183 299
183 320
186 256
189 289
189 329
192 337
193 259
193 278
196 348
197 213
198 285
201 203
201 245
202 273
203 253
203 296
209 216
213 260
213 335
215 218
215 222
215 236
215 252
215 323
221 312
222 249
223 258
223 293
223 313
223 341
225 266
228 254
230 247
231 292
232 334
233 311
240 299
244 254
244 284
244 289
244 301
244 321
246 307
246 331
250 346
252 295
253 280
253 289
255 296
255 333
256 281
256 336
264 342
265 286
266 343
270 325
271 314
271 324
273 308
275 340
280 327
285 321
290 292
296 326
296 327
301 318
308 334
318 348
320 327
340 343
