0 1
0 2
0 3
0 4
0 5
0 6
0 7
0 9
0 11
0 12
0 13
0 26
0 29
0 32
0 43
0 48
0 54
0 69
0 75
0 76
0 86
0 96
0 122
0 124
0 128
0 131
0 149
0 161
0 166
0 168
0 169
0 173
0 197
0 198
0 204
0 218
0 219
0 230
0 252
0 253
0 256
0 332
0 348
0 349
0 351
0 352
0 412
0 421
0 428
0 438
0 456
0 461
0 490
1 73
1 179
1 212
1 225
2 4
2 5
2 6
2 7
2 22
2 26
2 28
2 30
2 33
2 34
2 37
2 54
2 70
2 74
2 81
2 117
2 144
2 147
2 167
2 223
2 235
2 251
2 362
2 482
3 4
3 5
3 8
3 13
3 21
3 25
3 30
3 31
3 41
3 42
3 46
3 47
3 65
3 77
3 84
3 91
3 95
3 105
3 116
3 162
3 163
3 170
3 188
3 206
3 211
3 244
3 263
3 266
3 307
3 311
3 315
3 355
3 384
3 386
3 439
3 468
3 477
4 8
4 11
4 17
4 20
4 22
4 27
4 28
4 50
4 79
4 85
4 95
4 102
4 111
4 143
4 145
4 188
4 204
4 206
4 275
4 303
4 373
4 387
4 464
5 6
5 8
5 9
5 10
5 14
5 18
5 21
5 22
5 31
5 39
5 42
5 45
5 48
5 52
5 72
5 75
5 109
5 114
5 129
5 137
5 139
5 220
5 230
5 239
5 277
5 301
5 304
5 331
5 337
5 375
5 383
5 391
5 402
5 411
5 425
5 426
5 432
5 487
5 490
6 7
6 10
6 11
6 12
6 14
6 15
6 16
6 19
6 21
6 23
6 24
6 25
6 27
6 51
6 56
6 59
6 60
6 62
6 67
6 72
6 80
6 87
6 96
6 99
6 105
6 110
6 111
6 112
6 117
6 120
6 121
6 133
6 141
6 163
6 183
6 203
6 219
6 221
6 224
6 245
6 256
6 258
6 260
6 267
6 279
6 286
6 288
6 293
6 298
6 299
6 310
6 313
6 323
6 327
6 351
6 370
6 402
6 414
6 429
6 434
6 435
6 454
6 484
6 487
7 9
7 12
7 14
7 19
7 29
7 36
7 55
7 64
7 91
7 106
7 151
7 152
7 227
7 228
7 269
7 284
7 307
7 318
7 353
7 414
7 434
8 28
8 45
8 64
8 84
8 169
8 171
8 290
8 364
9 10
9 16
9 23
9 40
9 43
9 50
9 82
9 90
9 125
9 135
9 276
9 321
9 349
9 362
9 454
9 471
10 13
10 15
10 16
10 18
10 20
10 46
10 61
10 64
10 66
10 108
10 115
10 153
10 190
10 242
10 287
10 343
10 359
10 367
10 405
10 429
10 467
10 468
11 15
11 34
11 35
11 57
11 59
11 63
11 72
11 80
11 86
11 90
11 103
11 106
11 113
11 148
11 162
11 217
11 227
11 249
11 274
11 276
11 284
11 335
11 337
11 340
11 351
11 367
11 375
11 389
11 400
11 435
12 58
12 68
12 93
12 98
12 126
12 175
12 302
12 464
13 285
14 17
14 23
14 46
14 61
14 99
14 121
14 142
14 150
14 170
14 176
14 185
14 187
14 190
14 205
14 207
14 244
14 264
14 281
14 288
14 295
14 301
14 369
14 442
14 483
15 19
15 24
15 27
15 36
15 52
15 62
15 68
15 69
15 70
15 73
15 85
15 92
15 96
15 97
15 142
15 146
15 167
15 177
15 230
15 244
15 261
15 296
15 321
15 338
15 340
15 341
15 373
15 374
15 377
15 448
15 463
15 470
16 17
16 18
16 25
16 32
16 39
16 40
16 44
16 49
16 51
16 54
16 66
16 93
16 95
16 97
16 99
16 102
16 127
16 132
16 292
16 333
16 337
16 342
16 349
16 401
16 419
16 437
16 447
16 458
16 471
17 20
17 33
17 44
17 75
17 79
17 103
17 107
17 112
17 113
17 139
17 342
17 409
17 466
17 474
18 24
18 35
18 57
18 76
18 108
18 216
18 218
18 255
18 300
18 374
18 426
19 34
19 49
19 53
19 71
19 103
19 119
19 127
19 134
19 159
19 173
19 267
19 279
19 288
19 382
19 391
19 479
19 494
19 495
20 30
20 38
20 65
20 83
20 160
20 209
20 321
20 330
20 424
20 477
20 496
21 26
21 29
21 44
21 76
21 85
21 100
21 116
21 158
21 203
21 236
21 311
21 354
21 363
21 408
21 422
21 441
21 461
21 496
22 48
22 66
22 114
22 176
22 241
22 315
22 483
23 55
23 125
23 150
23 183
23 239
23 498
24 33
24 38
24 45
24 50
24 60
24 67
24 74
24 88
24 111
24 153
24 157
24 164
24 168
24 187
24 198
24 222
24 231
24 304
24 370
24 387
24 485
24 499
25 69
25 71
25 107
25 115
25 123
25 225
25 289
25 316
25 318
25 328
25 345
25 386
26 36
26 136
26 157
26 182
26 458
27 181
27 328
27 330
28 31
28 32
28 42
28 77
28 89
28 261
29 63
29 77
29 117
29 155
29 281
29 295
29 387
29 403
29 484
29 489
30 62
30 102
30 158
30 160
30 167
30 195
30 207
30 229
30 398
30 427
30 437
30 486
31 39
31 47
31 74
31 119
31 124
31 134
31 211
31 213
31 234
31 336
31 403
31 421
32 55
32 65
33 35
33 37
33 94
33 109
33 144
33 180
33 306
33 419
33 472
34 78
34 114
34 130
34 135
34 140
34 228
34 309
34 356
34 372
35 37
35 38
35 41
35 83
35 89
35 92
35 98
35 109
35 112
35 124
35 128
35 177
35 228
35 242
35 265
35 268
35 274
35 275
35 283
35 293
35 322
35 332
35 360
35 420
35 442
35 491
36 136
36 265
36 322
36 449
37 40
37 63
37 71
37 150
37 420
38 43
38 53
38 358
38 367
38 452
38 461
39 41
39 67
39 106
39 131
39 138
39 159
39 165
39 170
39 178
39 182
39 210
39 371
39 374
39 465
39 478
40 51
40 73
40 154
40 179
40 191
40 194
40 212
40 217
40 270
40 320
40 362
41 116
41 247
42 56
42 58
42 140
42 360
42 405
42 406
43 52
43 59
43 129
43 175
43 202
43 298
43 371
43 492
44 53
44 115
44 118
44 189
44 224
44 264
44 282
44 381
44 392
44 416
44 459
45 47
45 83
45 128
45 144
45 237
45 242
45 305
45 390
46 49
46 130
46 338
46 447
46 454
47 58
47 68
47 78
47 110
47 123
47 130
47 171
47 175
47 176
47 206
47 209
47 215
47 220
47 246
47 273
47 311
47 318
47 324
47 339
47 443
47 471
48 101
48 273
48 329
48 334
48 359
48 380
48 412
49 56
49 80
49 82
49 200
49 310
49 346
49 375
49 395
49 398
50 57
50 166
50 189
50 238
50 239
50 255
50 260
50 316
50 366
50 459
50 486
51 221
51 231
51 259
51 261
51 268
51 393
51 403
51 413
51 417
52 90
52 125
52 155
52 196
52 233
52 269
52 270
52 280
52 363
52 388
52 404
52 456
52 467
52 480
53 94
53 119
53 126
53 202
53 236
53 258
53 390
54 88
54 113
54 152
54 156
54 216
54 297
54 354
55 82
55 86
55 105
55 148
55 168
55 201
55 296
55 370
55 435
56 87
56 163
56 215
56 417
57 61
57 81
57 172
57 192
57 307
57 445
57 449
58 60
58 87
58 164
58 379
58 388
59 81
59 93
59 195
59 357
59 460
60 70
60 121
60 479
61 131
61 136
61 197
61 250
61 269
61 294
61 347
61 372
61 415
61 433
61 469
61 492
62 101
62 129
62 154
62 162
62 173
62 361
62 408
62 433
62 441
63 97
63 118
63 134
63 234
63 293
63 344
64 78
64 305
65 274
65 450
66 153
67 101
67 145
67 155
67 266
67 314
68 159
69 79
69 100
69 123
69 193
69 233
69 245
69 475
69 476
70 84
70 107
70 154
70 226
70 304
70 325
70 345
71 141
71 147
71 333
72 383
73 92
73 120
73 254
73 264
73 270
73 284
73 352
74 133
74 220
74 278
74 457
75 104
75 184
76 151
76 289
76 475
77 122
77 149
77 152
77 204
77 353
77 386
77 462
78 192
78 197
78 211
78 232
78 257
78 306
78 308
78 314
78 385
78 465
78 473
78 493
79 104
79 233
79 354
79 355
79 364
80 186
80 208
80 240
80 340
80 498
81 89
81 156
81 381
81 389
81 399
81 497
82 214
82 262
82 272
83 214
83 249
83 297
84 94
84 98
84 184
84 201
84 327
84 432
84 491
86 88
86 164
86 308
86 378
87 361
88 275
88 493
89 126
89 143
89 177
89 235
89 479
90 91
91 313
92 226
92 238
92 313
92 348
93 100
93 217
93 235
93 287
93 432
94 195
94 216
94 234
94 243
94 260
94 382
94 392
94 397
94 499
95 118
95 257
95 290
96 137
96 157
96 443
97 299
98 108
100 194
100 371
101 147
101 355
102 104
102 187
102 213
102 253
102 286
102 384
102 395
102 451
102 463
102 466
102 475
103 146
103 227
103 283
103 292
103 394
103 477
103 495
104 139
104 141
104 160
104 247
104 251
104 347
104 364
104 372
104 436
104 451
105 254
105 319
105 404
105 499
106 110
106 199
106 232
106 294
106 472
107 146
107 357
107 427
108 208
108 302
109 207
109 231
109 250
109 338
110 158
110 273
110 290
112 120
112 161
112 165
112 185
112 201
112 224
112 465
112 481
113 410
114 178
114 344
114 376
115 137
115 174
115 185
115 198
115 229
115 240
115 257
115 263
115 285
115 302
115 368
115 377
115 398
115 439
116 156
116 180
116 241
116 436
117 212
117 232
117 305
117 466
118 132
118 151
119 122
119 127
119 132
119 202
119 213
119 332
119 365
119 411
119 480
119 481
120 184
120 426
121 149
121 358
122 143
122 209
122 446
123 135
124 171
124 223
124 444
124 478
125 133
125 138
125 140
125 145
125 161
125 172
125 226
125 359
126 183
126 210
126 258
126 344
126 476
127 174
127 190
127 196
127 341
127 498
128 192
128 385
130 380
131 259
132 142
132 174
132 214
132 222
132 329
133 138
136 199
136 237
136 253
136 272
136 335
138 165
138 193
138 240
139 278
139 312
139 335
140 148
140 191
140 194
140 203
140 265
140 297
140 303
140 312
140 319
140 376
141 356
142 186
142 326
142 329
143 282
143 369
143 391
143 427
146 191
146 285
146 424
146 470
146 486
146 490
147 223
147 286
147 416
148 238
149 182
149 446
150 324
150 334
150 343
151 188
151 268
151 350
152 250
152 416
154 178
154 189
154 299
154 339
154 361
154 423
154 456
154 494
155 331
155 413
156 181
156 225
156 442
156 485
157 199
157 279
157 382
157 445
158 166
158 179
158 259
158 314
159 236
159 488
160 453
161 248
161 356
161 404
162 169
163 255
165 180
165 196
165 316
165 378
165 418
166 448
169 186
169 323
170 413
170 447
170 452
170 481
171 172
173 229
173 381
173 421
173 422
174 243
174 393
176 277
177 193
177 379
177 441
178 181
178 400
179 345
179 424
179 470
180 200
180 210
180 222
180 462
180 489
181 215
181 248
181 429
183 326
184 317
184 438
185 205
185 489
186 245
186 248
186 434
186 487
187 243
187 482
189 246
189 395
189 422
190 221
190 431
192 246
192 300
193 200
193 353
193 396
194 444
195 205
195 348
198 342
200 300
200 310
200 384
201 449
201 469
201 482
204 208
204 488
206 309
206 496
207 218
207 247
207 262
207 326
207 330
207 334
207 407
207 414
207 450
207 473
207 495
208 241
208 276
209 291
209 320
209 324
209 385
210 358
211 309
211 410
213 380
213 420
213 446
213 458
215 251
215 252
215 301
215 317
215 322
218 219
218 252
218 254
218 256
218 283
219 291
219 312
221 412
221 419
222 476
223 237
223 350
223 396
223 407
223 433
226 278
226 280
226 323
226 399
226 453
232 350
235 267
235 451
236 280
236 468
237 306
238 462
240 480
241 389
244 325
245 298
246 249
250 428
250 448
251 263
252 319
252 406
253 271
253 369
253 488
254 339
255 347
255 418
255 423
256 272
257 401
260 266
260 397
261 262
262 308
262 492
263 271
264 271
264 296
264 478
265 277
268 379
270 357
270 363
271 294
272 282
273 327
274 281
274 287
275 378
277 401
279 289
279 366
279 428
281 292
281 409
283 325
284 317
284 320
284 333
285 341
285 425
287 291
287 303
287 346
289 295
289 388
290 368
290 497
291 439
292 399
292 430
294 366
294 494
295 315
297 390
299 443
301 407
301 493
303 396
303 411
304 415
304 474
305 409
305 440
307 336
307 452
309 328
312 400
313 331
313 343
313 383
316 365
316 368
317 423
318 336
318 405
320 394
321 464
322 352
322 406
322 469
323 346
324 373
325 394
328 415
331 392
337 377
337 408
337 455
337 460
342 360
342 397
342 445
346 440
349 455
349 474
354 459
356 365
356 393
356 484
358 430
358 457
365 431
365 473
369 376
370 437
371 453
372 402
377 457
379 436
380 410
380 417
380 431
380 440
383 483
384 438
384 444
387 418
388 491
388 497
392 472
398 463
401 467
402 460
407 430
415 485
416 425
422 455
437 450
