0 1
0 2
0 3
0 5
0 6
0 7
0 8
0 9
0 10
0 11
0 20
0 26
0 29
0 30
0 32
0 35
0 36
0 38
0 39
0 43
0 49
1 4
1 30
2 4
2 5
2 6
2 7
2 8
2 11
2 14
2 16
2 17
2 19
2 25
2 31
2 40
3 4
3 5
3 14
3 15
3 19
3 21
3 45
4 10
4 12
4 15
4 16
4 17
4 23
4 33
4 37
4 39
5 6
5 7
5 8
5 12
5 13
5 18
5 28
5 34
5 40
5 49
6 9
6 21
6 22
6 23
6 37
6 38
6 45
6 46
7 20
7 21
7 24
7 35
8 9
8 27
8 35
8 36
8 42
9 10
10 11
10 12
10 13
10 18
10 42
11 14
11 24
11 26
11 31
11 33
11 34
11 40
11 41
11 44
11 47
11 48
12 13
12 16
12 22
12 32
12 39
12 46
13 15
13 17
13 19
13 20
13 24
13 28
13 29
14 18
14 25
15 28
16 45
16 46
16 48
17 26
18 22
19 25
19 31
19 43
20 37
22 23
22 29
22 33
22 38
23 36
23 41
24 27
25 32
26 27
27 30
27 47
29 47
31 49
32 34
35 42
36 44
38 41
41 43
41 44
44 48
