0 1
0 2
0 3
0 4
0 5
0 6
0 13
0 14
0 19
0 25
0 28
0 36
0 39
0 41
0 72
0 86
0 87
0 92
0 99
0 130
0 152
0 162
0 164
0 179
0 183
0 199
0 201
0 250
0 267
0 269
0 281
0 285
0 321
1 4
1 5
1 6
1 9
1 14
1 15
1 16
1 21
1 23
1 29
1 31
1 45
1 48
1 51
1 58
1 66
1 76
1 80
1 85
1 88
1 89
1 100
1 102
1 114
1 132
1 142
1 154
1 160
1 169
1 174
1 220
1 316
2 32
2 62
2 110
2 265
2 277
2 320
3 4
3 7
3 8
3 10
3 11
3 19
3 22
3 23
3 38
3 60
3 75
3 102
3 140
3 150
3 168
3 179
3 223
3 245
3 263
3 339
4 5
4 15
4 18
4 27
4 44
4 70
4 88
4 130
4 189
4 227
4 287
4 323
4 337
4 347
5 6
5 7
5 8
5 9
5 10
5 11
5 12
5 13
5 18
5 22
5 23
5 24
5 28
5 29
5 33
5 37
5 39
5 40
5 42
5 43
5 44
5 46
5 54
5 59
5 64
5 66
5 71
5 73
5 76
5 78
5 79
5 83
5 102
5 111
5 114
5 123
5 132
5 134
5 142
5 151
5 198
5 202
5 206
5 207
5 209
5 225
5 238
5 248
5 262
5 301
5 307
5 313
5 316
5 317
5 323
5 330
5 344
6 7
6 8
6 10
6 14
6 15
6 19
6 20
6 25
6 26
6 31
6 32
6 34
6 44
6 48
6 61
6 69
6 72
6 81
6 90
6 96
6 104
6 118
6 136
6 141
6 150
6 169
6 178
6 224
6 281
6 297
7 9
7 12
7 16
7 17
7 25
7 35
7 40
7 41
7 43
7 61
7 78
7 81
7 91
7 108
7 139
7 166
7 188
7 207
7 255
7 284
7 326
7 327
7 340
8 11
8 13
8 29
8 65
8 85
8 108
8 112
8 127
8 135
8 167
8 172
8 183
8 226
8 273
8 303
8 311
8 336
8 344
9 16
9 26
9 33
9 34
9 56
9 58
9 68
9 79
9 89
9 98
9 117
9 123
9 124
9 140
9 152
9 156
9 163
9 175
9 181
9 192
9 219
9 222
9 226
9 227
9 232
9 249
9 253
9 266
9 271
9 286
9 291
9 297
9 321
10 12
10 17
10 41
10 46
10 55
10 62
10 74
10 104
10 122
10 125
10 128
10 146
10 147
10 192
10 201
10 256
10 281
10 327
11 36
11 86
11 101
11 104
11 120
11 125
11 170
11 171
11 184
11 217
11 231
11 258
12 18
12 30
12 32
12 38
12 75
12 124
12 173
12 181
12 219
12 263
12 296
12 301
12 309
13 24
13 56
14 20
14 22
14 28
14 70
14 112
14 127
14 139
14 140
14 147
14 187
14 218
14 270
14 290
14 309
15 20
15 37
15 81
15 95
15 116
15 145
15 152
15 247
16 17
16 21
16 26
16 31
16 48
16 50
16 51
16 63
16 68
16 72
16 82
16 93
16 119
16 130
16 144
16 148
16 158
16 173
16 188
16 201
16 210
16 216
16 229
16 241
16 262
16 264
16 279
16 302
16 308
16 338
16 342
17 47
17 67
17 82
17 99
17 110
17 197
17 214
17 269
17 321
18 38
18 64
18 107
18 209
18 247
18 259
19 21
19 34
19 36
19 65
19 82
19 122
19 162
19 176
19 259
19 267
19 305
19 306
19 309
20 35
20 50
20 57
20 67
20 80
20 101
20 108
20 133
20 157
20 161
20 185
20 244
20 261
20 272
20 306
20 331
21 54
21 80
21 91
21 131
21 163
21 235
22 24
22 42
22 43
22 45
22 52
22 53
22 55
22 60
22 61
22 62
22 63
22 85
22 90
22 100
22 107
22 110
22 129
22 149
22 155
22 158
22 161
22 186
22 202
22 348
23 51
23 53
23 55
23 58
23 63
23 115
23 118
23 119
23 197
23 229
23 231
23 243
23 296
24 30
24 83
24 120
24 196
24 203
24 205
24 230
24 233
25 27
25 30
25 37
25 95
25 103
25 106
25 121
25 122
25 125
25 143
25 200
25 275
25 284
25 311
25 324
25 325
26 27
26 49
26 52
26 96
26 156
26 298
27 33
27 66
27 78
27 87
27 97
27 114
27 176
27 185
27 278
27 286
28 168
29 40
29 52
29 67
29 274
30 77
30 97
30 136
30 239
30 306
30 317
31 69
31 77
31 144
31 211
31 235
31 326
32 45
32 95
32 100
32 165
32 167
32 181
32 232
32 270
32 334
32 335
32 348
33 35
33 42
33 47
33 54
33 73
33 74
33 115
33 138
33 155
33 189
33 190
33 270
33 282
33 290
33 328
34 73
34 109
34 162
34 207
34 215
35 39
35 53
35 153
35 177
35 293
35 319
35 320
36 56
36 60
36 70
36 111
36 161
36 175
36 341
37 59
37 84
37 98
37 126
37 149
37 212
37 254
37 295
38 46
38 160
39 105
39 126
39 129
39 159
39 170
39 264
39 342
40 179
41 49
41 57
41 64
41 71
41 75
41 97
41 113
41 118
41 119
41 134
41 141
41 172
41 191
41 208
41 224
41 240
41 264
44 47
44 88
44 91
44 92
44 105
44 159
44 222
44 295
44 298
44 326
44 343
46 65
46 107
46 145
46 213
46 232
46 255
46 314
46 323
46 325
46 340
48 49
48 94
48 106
48 175
49 50
49 57
49 131
49 141
49 174
49 196
49 228
49 237
49 258
49 273
51 68
51 79
51 303
52 59
52 74
52 105
52 109
52 171
52 187
52 225
52 253
52 276
53 136
53 158
54 120
54 124
54 134
54 137
54 211
54 226
55 145
56 69
56 236
56 239
56 324
57 123
57 133
57 217
57 222
57 236
57 240
57 242
58 142
59 86
60 128
60 172
60 174
60 191
60 205
60 233
60 279
60 293
60 330
61 94
61 159
61 164
61 195
61 214
61 290
62 96
62 151
62 261
62 276
62 287
63 71
63 93
63 187
63 198
63 211
63 220
63 249
63 251
63 343
64 98
64 121
64 148
64 208
64 346
65 209
65 221
65 245
65 283
65 335
66 77
66 111
66 243
67 76
67 242
67 333
68 128
70 206
70 302
72 103
72 113
72 213
72 291
72 349
73 177
73 292
74 94
74 300
75 117
75 155
75 177
76 84
76 138
76 143
77 180
77 304
78 93
78 99
78 154
78 180
79 83
79 84
79 87
79 90
79 101
79 112
79 121
79 137
79 139
79 144
79 146
79 147
79 184
79 189
79 202
79 206
79 234
79 251
79 259
79 294
80 274
80 304
81 115
81 135
81 204
81 318
84 109
85 103
85 133
85 170
85 310
86 89
86 113
86 245
86 250
87 197
87 203
87 251
87 255
88 92
88 135
88 157
88 167
88 178
88 234
90 247
91 221
91 238
91 248
91 296
91 346
93 127
93 313
94 180
94 204
94 217
94 223
94 228
94 301
94 307
94 327
95 319
96 285
97 116
97 117
97 137
98 303
99 138
99 219
99 285
100 106
100 126
100 216
101 317
102 212
102 260
103 194
103 275
104 165
104 166
104 183
104 205
104 260
105 218
105 231
106 193
106 257
107 216
109 163
109 311
109 341
110 238
110 322
110 333
110 339
111 116
111 150
111 154
111 282
111 322
111 335
111 337
112 328
113 176
113 215
113 272
113 295
114 148
114 221
114 233
114 260
116 190
116 275
118 182
118 193
118 244
118 278
119 129
119 143
119 280
120 313
121 277
121 294
121 349
122 271
122 288
123 230
123 310
123 347
124 252
124 257
124 346
125 182
126 132
126 164
127 160
127 332
128 188
128 214
129 131
129 186
129 200
129 224
129 241
129 253
129 304
130 146
130 173
130 192
131 268
132 156
132 195
134 331
135 308
136 204
136 269
136 349
137 151
137 195
137 252
137 271
139 153
139 168
139 248
139 257
139 329
140 336
141 184
142 210
142 315
142 343
143 149
143 171
143 196
144 194
146 267
146 341
147 153
147 169
147 182
147 208
147 246
147 258
147 299
148 268
148 288
149 318
149 334
151 185
151 288
153 190
153 266
153 278
155 157
155 166
155 210
158 193
158 200
159 273
161 199
161 234
161 242
161 284
162 165
162 299
164 261
168 314
169 199
170 178
171 186
171 223
171 276
171 318
173 250
173 300
173 347
174 203
174 338
175 300
177 194
178 246
180 228
180 265
181 212
181 218
181 237
182 198
183 244
184 239
184 279
185 230
185 272
185 310
186 225
186 302
188 191
188 213
188 265
189 339
189 344
193 292
194 297
196 241
197 229
199 220
199 286
204 345
205 237
206 215
206 256
207 329
214 240
215 287
215 340
217 274
217 277
220 246
220 268
220 299
224 266
224 334
225 227
225 292
227 243
229 236
229 315
230 263
230 322
231 331
231 336
232 252
234 235
234 254
234 262
235 312
237 256
238 289
238 308
245 332
245 345
246 249
248 289
248 314
250 294
252 254
252 282
256 320
257 293
259 280
259 289
259 315
259 337
260 283
261 291
263 316
265 305
267 338
269 319
274 280
275 332
279 283
280 312
280 342
282 305
288 345
289 324
292 298
297 312
304 333
306 307
313 329
314 325
315 330
324 328
341 348
