0 1
0 2
0 3
0 4
0 5
0 6
0 13
0 16
0 17
0 20
0 21
0 23
0 28
0 29
0 33
0 34
0 36
0 38
0 39
0 40
0 54
0 61
0 63
0 66
0 69
0 71
0 79
0 91
0 103
0 123
0 148
0 151
0 154
0 156
0 220
0 250
0 253
0 258
0 266
0 272
0 277
0 283
0 285
0 291
0 292
0 323
0 328
0 338
0 360
0 391
0 428
0 435
0 446
0 493
1 4
1 8
1 31
1 43
1 74
1 78
1 86
1 100
1 110
1 131
1 171
1 181
1 443
1 462
2 24
2 38
2 67
2 87
2 471
3 4
3 5
3 6
3 7
3 9
3 10
3 12
3 17
3 18
3 23
3 25
3 28
3 42
3 44
3 66
3 67
3 89
3 94
3 95
3 101
3 107
3 109
3 128
3 158
3 169
3 175
3 191
3 235
3 236
3 277
3 282
3 316
3 326
3 392
3 405
3 424
3 429
3 488
4 5
4 6
4 7
4 9
4 13
4 14
4 18
4 20
4 21
4 33
4 42
4 43
4 58
4 62
4 76
4 126
4 138
4 164
4 187
4 197
4 206
4 215
4 222
4 229
4 234
4 240
4 247
4 308
4 354
4 365
4 367
4 373
4 409
5 11
5 13
5 14
5 16
5 30
5 37
5 55
5 65
5 99
5 113
5 129
5 136
5 179
5 193
5 217
5 252
5 310
5 325
5 346
5 353
5 425
5 448
5 451
5 471
5 485
6 7
6 8
6 10
6 11
6 17
6 18
6 22
6 24
6 30
6 34
6 36
6 37
6 47
6 50
6 58
6 61
6 64
6 85
6 90
6 102
6 109
6 112
6 114
6 116
6 124
6 130
6 144
6 168
6 184
6 196
6 208
6 222
6 228
6 270
6 271
6 305
6 307
6 313
6 316
6 339
6 348
6 350
6 372
6 391
6 413
6 417
6 441
6 449
7 8
7 9
7 11
7 12
7 14
7 15
7 19
7 21
7 27
7 31
7 49
7 64
7 72
7 77
7 84
7 101
7 108
7 124
7 133
7 145
7 146
7 159
7 161
7 176
7 191
7 201
7 203
7 213
7 224
7 235
7 248
7 279
7 287
7 303
7 321
7 326
7 363
7 387
7 417
7 451
8 16
8 29
8 32
8 35
8 44
8 53
8 69
8 76
8 119
8 143
8 216
8 259
8 264
8 267
8 278
8 284
8 327
8 346
8 388
8 398
8 408
8 447
8 477
8 490
9 10
9 12
9 15
9 22
9 25
9 31
9 41
9 48
9 59
9 78
9 89
9 118
9 121
9 124
9 135
9 151
9 182
9 192
9 197
9 203
9 226
9 249
9 250
9 262
9 293
9 310
9 312
9 349
9 375
9 411
9 418
9 425
9 459
9 495
10 19
10 20
10 39
10 56
10 75
10 80
10 107
10 131
10 147
10 154
10 184
10 203
10 204
10 235
10 268
10 273
10 288
10 300
10 343
10 369
10 380
10 420
10 427
10 428
10 452
11 15
11 24
12 25
12 52
12 84
12 114
12 132
12 159
12 171
12 174
12 199
12 211
12 240
12 322
12 331
12 392
12 414
12 420
12 434
12 464
12 471
12 473
13 43
13 65
13 68
13 95
13 137
13 195
13 298
13 338
13 465
13 487
14 23
14 67
14 77
14 88
14 98
14 99
14 111
14 166
14 177
14 183
14 209
14 248
14 264
14 300
14 361
14 412
14 417
14 426
14 455
15 22
15 35
15 44
15 45
15 47
15 51
15 52
15 53
15 56
15 57
15 60
15 62
15 70
15 91
15 98
15 100
15 118
15 119
15 127
15 139
15 144
15 174
15 189
15 202
15 214
15 225
15 228
15 261
15 264
15 274
15 304
15 307
15 320
15 335
15 357
15 372
15 435
15 439
15 462
15 469
15 487
15 489
16 19
16 80
16 158
16 237
16 241
16 460
17 26
17 27
17 42
17 45
17 47
17 68
17 70
17 115
17 172
17 199
17 201
17 219
17 222
17 233
17 250
17 305
17 314
17 349
17 358
17 453
17 457
18 38
18 46
18 51
18 104
18 111
18 125
18 129
18 145
18 161
18 171
18 172
18 178
18 186
18 211
18 263
18 278
18 288
18 302
18 318
18 345
18 402
18 425
18 462
19 29
19 33
19 35
19 87
19 93
19 102
19 106
19 125
19 140
19 166
19 216
19 227
19 236
19 238
19 241
19 284
19 312
19 362
19 364
19 381
19 426
19 439
19 451
19 468
19 469
20 26
20 73
20 89
20 96
20 191
20 223
20 413
21 27
21 28
21 34
21 39
21 48
21 55
21 57
21 58
21 63
21 69
21 93
21 110
21 122
21 138
21 143
21 156
21 163
21 180
21 186
21 189
21 206
21 244
21 282
21 286
21 296
21 329
21 356
21 365
21 443
21 450
21 454
21 455
21 463
21 472
21 499
22 26
22 40
22 46
22 55
22 75
22 79
22 111
22 114
22 198
22 214
22 276
22 318
22 320
22 382
22 412
22 475
23 36
23 156
23 276
23 433
23 449
24 90
24 148
24 177
24 194
24 204
24 421
24 459
25 30
25 40
25 50
25 51
25 65
25 73
25 75
25 85
25 88
25 140
25 167
25 168
25 176
25 244
25 320
25 326
25 382
25 388
25 474
26 456
27 229
27 239
27 281
28 32
28 54
28 280
28 410
29 32
29 41
29 45
29 87
29 192
29 249
29 257
31 226
31 274
31 444
31 488
32 41
32 52
32 82
32 105
32 142
32 163
32 182
32 218
32 315
32 319
32 342
32 406
33 101
33 242
33 283
33 366
33 452
33 461
34 37
34 46
34 68
34 73
34 162
34 220
34 261
34 306
34 329
34 353
34 438
34 473
35 81
35 115
35 126
36 60
36 121
36 165
36 332
36 336
36 347
36 377
37 59
37 64
37 74
37 106
37 117
37 160
37 164
37 170
37 179
37 376
37 392
37 433
37 438
37 464
37 468
38 57
38 70
38 74
38 139
38 188
38 195
38 378
38 396
38 488
39 49
39 56
39 62
39 63
39 66
39 81
39 86
39 92
39 104
39 143
39 145
39 155
39 167
39 185
39 238
39 239
39 285
39 337
39 354
39 383
39 385
39 403
40 185
40 397
41 54
41 162
41 276
41 288
41 400
41 477
42 83
42 93
42 102
42 157
42 247
42 254
42 324
42 409
42 427
42 475
42 481
42 495
43 71
43 256
43 368
43 370
44 53
44 132
44 157
44 234
44 303
44 380
44 430
45 60
45 330
46 50
46 92
46 105
46 136
46 153
46 214
46 223
47 48
47 84
47 163
47 165
47 189
47 207
47 327
47 367
47 453
48 49
48 59
48 79
48 113
48 117
48 139
48 213
48 246
48 306
48 397
49 91
49 106
49 126
49 174
49 183
49 246
49 255
50 96
50 120
50 150
50 311
50 385
50 461
51 119
52 72
52 88
52 95
52 130
52 272
52 384
52 493
53 97
53 99
53 113
53 160
53 198
53 243
53 305
53 333
53 355
53 378
53 402
53 404
53 416
53 466
53 476
54 112
54 135
54 142
54 294
54 299
54 399
54 434
55 117
55 181
55 312
55 355
55 387
56 486
57 71
57 78
57 196
57 225
57 292
57 382
57 466
58 72
58 77
58 120
58 149
58 194
58 217
58 295
58 406
59 226
59 334
59 393
59 440
60 61
60 166
60 274
60 465
60 467
61 107
61 394
62 112
62 167
62 215
62 256
62 289
62 293
62 304
62 322
62 478
62 479
63 233
63 302
64 82
64 94
64 116
64 141
64 146
64 244
64 257
64 292
64 377
64 423
64 448
64 468
65 94
65 137
65 155
65 386
65 440
66 81
66 121
66 133
66 293
66 302
66 309
66 369
66 442
67 311
67 342
67 345
68 152
68 348
68 360
68 429
68 456
69 357
70 356
70 420
71 118
71 149
71 164
71 207
71 465
73 175
73 251
73 308
73 424
74 76
74 80
74 122
74 193
74 229
75 108
75 149
75 211
75 219
75 230
75 287
75 315
75 345
75 388
76 82
76 83
76 85
76 151
76 155
76 173
76 180
76 202
76 212
76 310
76 368
76 401
76 492
77 184
77 188
78 86
78 92
78 134
78 253
78 267
78 307
78 411
78 426
78 499
79 128
79 169
79 458
79 478
80 97
80 176
80 188
80 204
80 252
80 362
80 403
80 427
81 83
81 144
81 205
81 238
82 260
82 277
83 90
83 100
83 194
83 218
83 221
83 230
83 231
83 339
83 385
83 470
84 435
85 133
85 148
85 154
85 473
86 98
86 105
86 150
86 153
86 202
86 265
86 444
87 104
87 207
87 283
87 332
87 347
88 128
88 186
88 363
88 421
89 96
89 103
89 138
89 289
89 317
91 97
91 135
91 187
91 389
92 108
92 116
92 157
92 175
92 287
92 357
92 418
93 190
93 236
93 268
93 290
93 422
94 221
94 242
94 314
94 344
95 209
95 225
95 331
96 147
96 152
96 263
96 328
97 413
98 123
98 152
98 295
98 383
98 421
98 454
99 182
99 232
99 306
99 375
99 418
100 146
100 147
100 260
100 377
101 129
101 134
101 259
101 336
101 407
101 454
102 103
102 150
102 279
102 319
102 423
102 432
103 109
103 232
103 395
103 483
104 131
104 165
104 173
104 230
104 444
106 115
106 170
106 234
106 242
107 110
107 397
107 432
108 185
109 401
110 201
110 208
110 266
110 394
110 456
110 475
111 120
111 123
111 210
111 419
111 460
111 472
112 122
112 136
112 212
112 251
112 325
113 281
113 317
113 414
114 132
115 141
115 209
115 263
115 267
115 270
115 280
115 334
115 459
116 296
116 341
116 384
116 492
117 210
117 257
117 445
118 127
118 140
118 153
118 161
118 196
118 269
118 301
119 125
119 232
120 160
120 183
120 216
120 265
121 127
122 340
122 393
122 445
123 134
123 141
123 251
123 256
123 324
123 343
123 485
124 168
124 224
124 271
124 297
124 330
124 353
124 478
126 400
126 494
127 130
127 193
127 200
127 212
127 282
127 340
127 469
128 228
128 275
128 349
128 386
131 294
131 350
132 378
133 137
133 159
133 181
133 254
133 266
133 297
133 313
133 335
133 404
133 446
134 142
134 169
134 296
134 355
137 173
137 258
137 291
138 243
138 262
138 467
138 491
139 303
140 178
140 301
140 316
140 341
140 405
142 158
142 170
144 231
144 271
144 499
145 190
145 233
145 301
145 360
146 172
146 205
146 450
147 215
147 331
147 384
148 162
148 179
148 245
148 403
148 416
149 280
149 390
150 178
150 270
150 332
150 405
152 447
153 217
153 460
154 213
155 241
155 248
155 351
155 379
155 458
156 187
156 278
156 285
156 327
156 359
156 412
156 466
157 205
157 265
157 272
157 275
157 333
158 329
159 180
159 195
159 220
159 255
159 389
160 200
160 261
161 221
162 361
162 396
163 245
163 247
163 298
163 321
163 436
164 422
165 245
165 419
165 432
166 177
166 294
166 295
166 318
166 367
166 381
167 328
168 243
168 308
169 350
169 408
172 199
172 269
173 210
173 227
173 275
173 497
174 192
174 321
174 401
175 374
175 433
175 486
178 218
178 223
178 477
179 197
179 198
179 298
179 348
180 480
181 190
181 338
181 396
183 208
183 376
184 237
184 322
184 351
185 200
185 237
185 304
185 317
185 386
185 398
185 415
186 437
187 254
187 309
187 334
187 399
189 252
189 335
189 364
189 374
189 407
189 476
190 227
190 323
190 359
192 333
192 419
193 457
193 482
193 484
194 438
194 464
195 480
196 240
196 445
198 358
199 206
199 286
199 441
199 482
200 262
200 314
201 300
201 365
201 410
201 474
203 330
203 363
203 457
203 470
206 231
206 364
206 380
206 494
207 346
207 431
208 260
209 370
211 430
212 219
212 259
213 284
215 290
216 246
217 224
217 352
218 273
218 290
218 347
218 436
218 467
218 479
219 255
219 372
221 362
221 453
222 311
224 387
224 422
225 239
225 258
225 461
230 253
230 297
230 463
231 249
231 361
231 373
232 324
233 375
234 369
235 323
240 389
241 480
242 483
245 416
246 291
247 299
249 279
249 309
250 269
252 337
252 339
252 370
252 374
252 394
252 440
253 319
253 336
253 390
254 410
254 490
255 281
256 352
256 393
257 273
258 313
258 344
259 354
259 379
259 402
259 415
260 428
260 431
261 337
261 414
261 472
262 268
263 487
263 496
265 485
267 359
267 379
267 497
270 289
270 436
272 484
274 341
274 407
281 395
282 286
282 415
282 423
283 371
284 497
287 368
289 452
289 486
289 498
290 356
290 424
294 343
295 299
295 340
295 383
299 342
299 366
301 458
303 404
303 476
307 325
308 344
313 483
314 315
318 351
323 395
324 366
324 498
328 400
329 409
329 441
330 381
332 437
333 373
335 358
335 390
335 399
335 448
336 371
336 447
340 446
349 352
357 391
357 449
362 491
363 376
363 492
366 371
372 442
380 434
380 470
383 408
384 450
385 398
388 411
390 429
390 489
397 430
398 406
398 482
407 431
409 439
410 443
411 437
417 463
419 455
419 479
426 489
434 481
436 484
437 442
443 481
443 490
445 496
449 474
474 494
478 495
479 498
486 493
489 491
495 496
