0 1
0 2
0 3
0 4
0 5
0 6
0 7
0 8
0 11
0 17
0 19
0 22
0 24
0 26
0 28
0 33
0 38
0 44
0 50
0 60
0 92
1 4
1 6
1 8
1 9
1 12
1 19
1 24
1 62
1 78
1 88
2 5
2 33
2 39
3 4
3 5
3 7
3 8
3 9
3 10
3 11
3 12
3 20
3 23
3 36
3 39
3 41
3 42
3 51
3 59
3 64
3 67
3 71
3 74
3 84
3 85
3 87
4 6
4 7
4 15
4 16
4 17
4 23
4 52
4 57
4 65
4 66
4 78
4 79
4 91
5 13
5 15
6 9
6 10
6 11
6 16
6 22
6 27
6 31
6 32
6 37
6 40
6 54
6 66
6 97
6 98
7 14
7 20
7 21
7 23
7 30
7 49
7 55
7 89
8 10
8 13
8 18
8 31
8 32
8 35
8 40
8 47
8 50
8 56
8 58
8 69
8 93
8 96
9 46
10 12
10 13
10 15
10 20
10 21
10 26
10 31
10 34
10 36
10 37
10 42
10 52
10 53
10 66
10 76
10 91
10 94
11 14
11 35
12 73
12 93
12 98
13 14
13 18
13 24
13 27
13 34
13 43
13 56
13 57
13 63
14 16
14 37
15 77
16 17
16 19
16 28
16 32
16 38
16 42
16 51
16 68
16 73
16 80
16 95
16 96
16 99
17 18
17 22
17 25
17 28
17 29
17 30
17 44
17 70
17 84
18 21
18 55
18 60
18 77
18 88
19 43
19 45
19 94
20 25
20 52
20 78
20 79
20 90
21 25
21 33
21 45
21 56
21 59
21 72
21 76
21 95
22 30
22 38
22 40
22 41
22 44
22 81
23 26
23 29
23 67
23 69
25 29
25 55
25 99
26 27
26 45
26 46
26 49
27 67
27 82
27 90
28 36
28 39
28 53
28 68
28 75
28 97
29 34
29 35
29 65
30 61
30 63
30 74
31 63
31 70
32 49
32 53
32 54
32 61
32 71
32 89
32 99
33 83
34 58
34 60
34 75
34 92
36 47
36 48
36 50
36 86
36 87
36 98
37 62
37 95
38 41
38 76
38 96
39 43
39 46
39 54
39 62
39 64
39 71
42 48
43 48
43 57
43 64
43 70
43 79
45 47
45 51
48 65
48 85
51 68
51 69
51 86
52 61
52 81
53 59
57 58
57 92
57 93
58 77
58 97
59 91
60 75
62 72
63 72
63 80
65 82
65 83
66 73
67 84
69 80
70 88
71 85
73 74
73 94
77 81
77 86
77 90
80 83
81 82
83 87
84 89
