0 1
0 2
0 3
0 4
0 5
0 7
0 8
0 14
0 15
0 16
0 26
0 27
0 29
0 33
0 36
0 38
0 39
0 42
1 5
1 6
1 9
1 14
1 16
1 20
1 23
1 28
1 31
2 4
2 7
2 11
2 13
2 24
3 4
3 7
3 8
3 9
3 10
3 12
3 23
3 25
4 5
4 6
4 9
4 12
4 14
4 18
4 19
4 20
4 21
4 28
4 29
4 31
4 32
4 36
4 38
4 39
4 40
4 43
5 6
5 10
5 19
5 43
5 49
6 8
6 10
6 11
6 13
6 15
6 16
6 17
6 19
6 21
6 22
6 25
6 27
6 28
6 35
6 36
6 37
6 41
6 49
7 21
7 30
7 34
7 42
7 44
8 20
8 22
8 35
8 37
9 12
9 13
9 17
9 22
9 30
9 32
9 43
10 11
10 15
10 23
10 34
10 35
10 44
10 47
12 47
13 24
14 18
14 33
14 40
14 45
15 32
15 40
15 45
16 17
16 18
17 26
17 46
19 48
22 25
22 27
22 29
22 39
22 48
23 24
23 33
23 49
24 26
25 30
25 46
27 31
27 34
28 41
29 37
30 42
30 46
31 38
31 48
35 44
38 41
39 47
40 45
