0 1
0 2
0 3
0 4
0 5
0 6
0 7
0 10
0 14
0 20
0 30
0 47
0 76
0 85
0 89
1 4
1 5
1 7
1 8
1 13
1 15
1 16
1 21
1 28
1 31
1 58
1 62
1 78
1 86
2 4
2 5
2 6
2 8
2 9
2 10
2 11
2 12
2 16
2 18
2 28
2 32
2 35
2 38
2 45
2 49
2 71
2 75
2 81
2 82
2 84
2 87
3 11
3 17
3 32
3 33
4 6
4 9
4 15
4 36
4 42
4 54
4 63
4 78
4 82
4 98
5 8
5 11
5 12
5 13
5 16
5 17
5 19
5 23
5 28
5 37
5 41
5 51
5 58
5 68
5 74
5 77
5 80
5 94
5 95
6 7
6 9
6 13
6 20
6 21
6 22
6 23
6 24
6 25
6 26
6 27
6 29
6 33
6 39
6 45
6 65
6 71
6 74
6 77
7 17
7 20
7 23
7 52
7 68
7 87
7 91
8 10
8 27
8 31
8 32
8 34
8 38
8 39
8 41
8 43
8 48
8 53
8 66
8 78
8 79
8 90
8 91
9 25
9 30
9 42
9 51
9 92
10 19
10 35
10 36
10 53
10 60
10 63
10 64
10 67
10 90
11 12
11 14
11 15
11 18
11 19
11 22
11 25
11 35
11 50
11 54
11 56
11 57
11 60
11 65
11 69
11 72
11 73
11 74
11 76
11 79
12 59
12 98
13 14
13 27
13 45
13 46
13 49
13 50
13 70
13 76
13 77
14 31
16 22
16 26
17 18
17 48
17 83
17 92
17 93
18 41
18 55
18 61
18 84
18 96
19 29
19 42
19 44
19 66
19 68
20 21
20 24
20 73
21 24
21 39
21 48
21 62
21 99
22 47
23 26
23 34
23 70
23 75
23 88
23 95
24 94
24 97
26 30
26 44
26 52
26 53
26 86
26 93
27 33
27 46
27 66
27 81
27 95
28 29
28 37
28 40
28 61
28 86
29 34
29 37
29 40
29 44
29 49
29 59
29 72
30 63
31 36
31 73
31 93
32 43
32 52
32 79
34 40
34 43
34 51
34 57
34 62
34 65
34 69
34 82
34 83
34 89
34 92
35 38
35 47
35 50
35 54
35 56
38 55
42 46
43 64
43 67
43 87
44 69
44 89
46 61
47 55
47 72
48 67
48 80
48 85
48 97
49 97
50 56
51 59
53 60
54 58
54 70
55 94
56 57
56 64
56 71
56 75
62 85
63 88
63 98
68 80
70 99
73 96
74 83
75 99
76 84
76 88
76 91
80 81
80 96
82 90
