0 7
0 16
0 57
0 60
0 98
0 118
0 134
0 145
0 157
0 169
0 190
1 15
1 42
1 89
1 99
1 115
1 126
1 133
1 137
1 152
1 169
2 43
2 58
2 63
2 83
2 118
2 146
2 149
2 161
3 20
3 24
3 27
3 42
3 48
3 49
3 66
3 98
3 131
3 139
3 161
3 167
4 13
4 48
4 52
4 99
4 101
4 112
4 132
4 168
4 169
5 26
5 32
5 65
5 78
5 93
5 98
5 144
5 199
6 8
6 33
6 59
6 78
6 79
6 106
6 126
6 195
7 25
7 101
7 106
7 107
7 187
7 189
8 10
8 51
8 60
8 62
8 68
8 97
8 108
8 167
8 175
8 194
9 25
9 29
9 58
9 104
9 106
9 109
9 121
9 158
9 167
9 193
10 48
10 70
10 97
11 36
11 44
11 109
11 137
11 155
11 163
11 166
11 180
11 186
12 13
12 32
12 34
12 60
12 106
12 111
12 129
12 156
13 15
13 32
13 36
13 37
13 71
13 78
13 85
13 89
13 136
13 143
13 159
13 160
13 174
14 49
14 50
14 58
14 64
14 86
14 157
14 172
15 66
15 69
15 83
15 90
15 95
15 125
15 151
15 188
15 189
15 190
15 192
16 81
16 100
16 102
16 107
16 121
16 122
16 135
16 140
16 159
16 161
17 34
17 39
17 60
17 65
17 74
17 131
17 152
17 165
17 169
18 40
18 43
18 44
18 48
18 71
18 72
18 95
18 129
18 135
18 138
18 150
18 186
18 190
19 78
19 80
19 93
19 103
19 119
19 147
19 179
19 180
19 190
20 33
20 44
20 49
20 66
20 71
20 83
20 85
20 104
20 109
20 115
20 126
20 144
20 161
20 178
20 192
21 29
21 85
21 96
21 134
21 162
21 166
21 186
22 48
22 70
22 80
22 87
22 130
22 138
22 140
22 142
22 162
22 179
22 180
23 29
23 32
23 72
23 81
23 107
23 126
23 130
23 170
24 45
24 81
24 110
24 172
25 35
25 49
25 54
25 70
25 96
25 102
25 133
25 157
25 187
26 31
26 36
26 71
26 101
26 122
26 128
26 176
26 182
26 197
27 44
27 51
27 61
27 65
27 92
27 122
27 128
27 139
27 163
28 45
28 48
28 62
28 65
28 81
28 94
28 108
28 135
28 143
28 152
28 199
29 30
29 35
29 41
29 107
29 119
29 124
29 131
29 142
29 145
29 164
29 193
29 194
29 196
30 68
30 76
30 94
30 129
30 130
30 172
30 185
31 36
31 103
31 110
31 111
31 147
31 183
32 44
32 60
32 98
32 103
32 109
32 129
32 193
33 140
33 142
33 180
33 195
34 36
34 39
34 66
34 67
34 81
34 91
34 104
34 178
34 181
34 196
35 43
35 44
35 137
35 138
35 156
35 158
35 161
36 41
36 69
36 70
36 71
36 75
36 96
36 100
36 113
36 124
36 135
36 137
36 142
36 171
36 185
36 186
37 74
37 88
37 92
37 104
37 105
37 108
37 136
37 162
37 171
37 178
37 181
37 199
38 46
38 69
38 111
38 120
38 122
38 126
38 191
39 72
39 83
39 85
39 91
39 94
39 110
39 113
39 128
39 143
39 163
39 166
39 167
39 188
39 199
40 92
40 110
40 181
40 190
40 195
41 42
41 46
41 63
41 81
41 112
41 128
41 138
41 145
42 61
42 84
42 108
42 125
42 141
42 142
42 158
42 160
43 51
43 55
43 74
43 100
43 113
43 120
43 145
43 150
43 153
43 155
43 168
43 172
43 187
44 46
44 50
44 62
44 63
44 64
44 66
44 69
44 91
44 94
44 97
44 106
44 108
44 112
44 132
44 148
44 186
44 187
45 46
45 117
45 133
45 151
45 155
45 168
45 181
46 57
46 69
46 90
46 96
46 124
46 128
46 143
46 159
46 169
46 176
46 184
47 62
47 101
47 102
47 120
47 167
47 186
48 54
48 56
48 57
48 66
48 81
48 85
48 87
48 153
48 162
48 166
48 175
48 192
48 196
49 57
49 60
49 119
49 124
49 125
49 182
49 185
50 56
50 62
50 78
50 90
50 102
50 121
50 123
50 132
50 133
50 143
50 162
50 189
50 196
51 62
51 87
51 93
51 99
51 101
51 104
51 127
51 164
51 176
51 178
51 195
52 56
52 106
52 112
52 138
52 197
53 56
53 74
53 87
53 95
53 108
53 123
53 147
53 181
53 185
53 191
53 192
54 110
54 173
55 66
55 82
55 83
55 84
55 116
55 118
55 190
56 72
56 112
56 117
56 118
56 131
56 135
56 147
56 152
56 156
56 174
56 184
57 65
57 90
57 103
57 112
58 70
58 92
58 110
58 117
58 138
58 178
58 189
58 193
59 87
59 89
59 98
59 197
59 199
60 62
60 121
60 144
60 175
60 182
61 68
61 108
61 145
62 98
62 108
62 139
62 142
62 171
62 185
63 75
63 147
63 181
63 198
63 199
64 78
64 85
64 88
64 103
64 120
64 161
64 180
65 82
65 85
65 92
65 139
65 141
65 149
65 152
65 166
65 172
66 68
66 91
66 92
66 112
66 158
66 185
66 191
67 77
67 85
67 98
67 108
67 140
67 146
67 159
68 96
68 97
68 98
68 115
68 125
68 145
68 166
68 179
68 185
68 190
69 91
69 129
69 130
69 136
69 138
69 139
69 142
69 145
69 151
69 155
69 158
69 166
70 87
70 88
70 104
70 181
71 99
71 148
71 174
71 190
71 198
72 78
72 190
73 87
73 141
73 165
73 171
73 173
74 83
74 145
74 160
74 179
74 181
75 109
75 117
75 119
75 122
75 127
75 128
75 157
75 194
76 87
76 92
76 100
76 102
76 118
76 134
76 146
76 154
76 158
76 164
76 174
76 178
77 124
77 138
77 149
77 150
77 152
77 157
77 171
77 190
78 103
78 121
78 133
78 138
78 148
78 152
78 159
78 179
79 89
79 113
79 123
79 132
79 142
79 145
79 150
79 170
79 195
80 89
80 117
80 182
80 189
80 190
81 90
81 112
81 127
81 147
81 178
81 182
82 103
82 122
82 148
82 165
82 175
82 183
82 194
82 195
83 98
83 108
83 135
83 149
83 150
83 151
83 164
84 87
84 89
84 97
84 124
84 150
84 167
84 174
85 126
85 136
85 152
85 172
85 182
85 194
85 196
86 122
86 134
86 147
86 170
86 174
86 175
87 93
87 94
87 103
87 119
87 129
87 165
88 91
88 101
88 130
88 138
88 150
88 154
88 157
88 168
88 186
88 188
88 189
89 97
89 123
89 128
89 156
89 178
89 199
90 95
90 96
90 107
90 132
90 165
90 190
91 94
91 107
91 124
91 126
91 132
91 136
91 146
91 147
91 152
91 160
91 177
92 94
92 119
92 134
92 141
93 96
93 97
93 98
94 103
94 115
94 124
94 149
94 160
94 192
94 195
95 115
95 127
95 131
95 141
95 177
95 181
95 187
95 192
95 193
96 139
96 141
96 147
96 167
97 130
98 105
98 126
98 137
98 186
99 189
99 193
100 104
100 106
100 123
100 128
100 148
100 149
100 159
100 160
100 173
100 178
100 185
101 103
101 105
101 148
101 158
101 159
101 191
101 192
101 197
102 131
102 159
102 171
103 105
103 116
103 161
103 177
103 191
104 129
104 140
105 153
105 163
105 164
105 182
105 184
106 146
106 158
106 176
106 180
106 182
106 195
107 124
107 159
107 164
107 167
107 170
107 178
108 124
108 159
108 164
108 179
108 189
109 164
109 184
110 116
110 141
110 170
111 131
111 135
111 154
111 160
111 166
111 174
112 126
112 130
112 131
112 132
112 139
112 140
112 155
112 193
112 195
113 150
113 181
114 132
114 134
114 180
114 196
115 122
115 123
115 160
115 161
115 171
116 133
116 136
116 178
116 184
116 194
117 137
117 146
117 186
117 187
118 130
118 136
118 144
118 150
118 161
118 185
119 133
119 194
119 199
120 158
120 174
120 176
120 185
121 124
121 146
121 158
121 162
121 183
122 125
122 136
122 158
122 182
123 124
123 135
123 140
123 154
123 170
123 171
123 175
124 126
124 135
125 131
125 140
125 141
125 149
125 178
125 186
126 162
126 176
127 139
127 153
127 158
127 163
128 136
128 149
128 166
128 173
129 135
129 139
129 148
129 152
129 190
130 132
130 134
130 165
130 174
130 184
131 180
131 199
132 142
132 165
132 168
132 185
132 186
133 140
133 141
133 159
133 167
133 187
133 188
133 191
134 163
134 188
134 193
134 195
135 142
136 153
136 160
137 161
138 167
138 183
138 190
139 149
139 162
139 165
139 196
140 141
140 175
140 179
140 187
141 156
141 165
141 170
142 150
142 157
142 159
142 196
142 199
143 182
143 192
144 151
144 155
144 158
144 165
144 180
144 191
145 148
145 194
146 155
146 172
146 177
146 189
146 198
147 167
147 185
147 197
147 199
148 176
148 181
149 179
149 181
149 189
150 173
150 188
150 194
151 153
151 157
151 162
152 158
152 175
153 162
153 179
153 190
154 163
154 184
155 172
156 163
156 176
156 177
156 194
156 197
157 160
157 177
157 195
158 174
158 181
159 172
159 175
159 194
160 197
161 162
161 188
162 194
162 195
164 170
165 169
165 176
166 171
166 193
166 197
167 187
169 172
170 173
171 187
172 181
173 180
173 182
173 194
173 196
174 178
174 181
177 178
177 194
178 185
181 188
181 190
181 192
181 193
183 191
183 196
184 186
184 194
189 198
193 198
