0 73
0 100
0 142
0 147
0 164
1 7
1 24
1 29
1 73
1 111
1 115
1 123
1 130
1 160
2 14
2 40
2 98
2 99
2 118
2 119
2 167
3 9
3 18
3 40
3 49
3 77
3 79
3 90
3 107
3 119
3 130
3 152
3 175
3 195
4 20
4 41
4 61
4 80
4 103
4 122
4 134
4 138
4 154
4 168
4 187
5 30
5 73
5 113
5 120
5 137
5 143
6 29
6 98
6 111
6 144
6 151
6 187
6 198
7 8
7 28
7 40
7 46
7 70
7 75
7 81
7 113
7 137
7 145
7 166
7 185
8 46
8 89
8 91
8 111
8 129
8 144
8 174
9 74
9 132
9 144
10 11
10 25
10 49
10 51
10 63
10 67
10 86
10 159
10 178
10 192
11 36
11 43
11 51
11 63
11 64
11 80
11 117
11 139
12 13
12 36
12 50
12 70
12 71
12 75
12 84
12 114
12 134
12 144
12 178
13 32
13 51
13 64
13 70
13 77
13 80
13 94
13 105
13 107
13 135
13 149
13 178
13 189
13 192
14 44
14 48
14 94
14 140
14 143
14 146
14 155
14 163
14 172
14 175
15 21
15 41
15 139
15 159
15 175
15 199
16 21
16 29
16 31
16 44
16 45
16 52
16 63
16 80
16 123
16 153
16 155
16 156
16 161
16 186
16 190
17 75
17 90
17 94
17 100
17 115
17 127
17 155
17 178
17 181
17 182
18 34
18 45
18 70
18 108
18 109
18 132
19 103
19 113
19 159
19 187
19 199
20 85
20 119
20 138
20 140
20 145
20 183
20 189
21 36
21 143
21 147
21 165
22 31
22 32
22 50
22 67
22 96
22 107
22 137
23 39
23 47
23 53
23 54
23 60
23 63
23 96
23 165
23 185
23 189
23 190
23 197
24 27
24 61
24 81
24 122
24 128
24 152
24 196
25 43
25 50
25 51
25 60
25 93
25 97
25 109
25 116
25 134
25 136
25 140
25 142
25 170
25 172
25 178
25 183
25 184
26 38
26 59
26 71
26 74
26 76
26 98
26 127
26 138
26 168
27 29
27 35
27 50
27 58
27 60
27 73
27 115
27 124
27 128
28 66
28 105
28 136
28 186
29 51
29 112
29 131
29 133
29 177
29 184
30 50
30 61
30 87
30 109
30 120
30 137
30 151
30 177
30 178
30 181
30 192
31 51
31 56
31 68
31 86
31 135
31 149
32 40
32 50
32 71
32 79
32 106
32 123
32 124
33 52
33 96
33 113
33 117
33 140
33 141
33 144
34 78
34 81
34 104
34 110
34 129
34 145
34 163
34 198
35 66
35 71
35 90
35 99
35 149
35 176
36 44
36 63
36 80
36 111
36 125
36 143
36 153
37 49
37 56
37 87
37 94
37 101
37 112
37 116
38 70
38 78
38 91
38 183
39 83
39 94
39 135
39 138
39 167
39 176
39 184
40 51
40 70
40 93
40 113
41 42
41 76
41 77
41 81
41 142
41 143
41 144
42 55
42 78
42 168
42 176
42 182
43 45
43 46
43 60
43 64
43 79
43 98
43 99
43 128
43 167
43 174
43 176
43 177
44 80
44 165
44 177
44 178
44 185
44 199
45 73
45 105
45 139
45 171
45 180
46 72
46 91
46 95
46 119
46 151
47 125
47 151
48 69
48 80
48 89
48 90
48 117
48 154
48 164
49 68
49 86
49 100
49 145
49 181
49 189
50 54
50 112
50 155
50 169
50 181
50 190
50 199
51 57
51 66
51 81
51 91
51 97
51 110
51 115
51 140
51 148
51 182
52 81
52 83
52 136
52 177
52 193
53 63
53 91
53 117
53 136
53 150
53 166
53 198
54 63
54 101
54 104
54 110
54 129
54 130
54 196
55 81
55 91
55 103
55 105
55 125
55 142
55 152
55 186
56 74
56 89
56 102
56 152
56 166
56 168
56 185
57 92
57 113
57 176
57 180
57 188
58 71
58 89
58 91
58 116
58 140
58 169
58 170
59 70
59 72
59 101
59 128
59 136
59 144
59 167
59 177
59 190
59 193
60 65
60 73
60 76
60 89
60 95
60 101
60 186
60 187
60 191
61 65
61 95
61 105
61 124
61 140
61 158
61 162
61 188
62 69
62 76
62 77
62 87
62 97
62 106
62 142
62 144
62 172
62 194
63 88
63 107
63 121
63 146
63 160
63 164
63 172
64 88
64 89
64 102
64 109
64 132
64 135
64 194
64 195
64 199
65 73
65 82
65 101
65 103
65 110
65 115
65 155
65 163
65 180
65 193
66 97
66 116
66 124
66 131
66 136
66 137
66 147
66 150
66 153
66 154
66 162
66 163
66 176
66 178
67 77
67 79
67 85
67 117
67 130
67 153
67 159
67 160
67 178
67 191
67 199
68 83
68 116
68 151
68 155
68 183
68 193
69 98
69 103
69 148
69 181
70 80
70 100
70 155
70 159
70 161
71 107
71 120
71 148
71 166
71 181
71 185
72 94
72 133
72 156
72 164
72 173
73 94
73 102
73 103
73 108
73 134
73 151
73 179
73 196
73 198
74 109
74 140
74 145
74 155
74 164
74 170
74 185
74 192
75 78
75 87
75 113
75 142
75 151
75 171
75 185
75 199
76 118
76 129
76 165
76 176
76 197
77 79
77 88
77 94
77 99
77 121
77 148
78 80
78 113
78 127
78 138
78 145
78 156
78 158
79 90
79 108
79 117
79 141
79 155
79 174
79 194
81 110
81 197
82 86
82 100
82 124
82 131
82 134
82 164
82 192
82 194
83 92
83 96
83 106
83 113
83 116
83 129
83 162
83 168
83 179
83 189
84 144
84 151
84 171
84 192
85 139
85 142
85 147
86 112
86 122
86 130
86 148
86 161
86 170
86 177
86 182
86 190
87 95
87 105
87 168
87 186
88 93
88 96
88 124
88 139
88 143
88 164
89 108
89 124
89 136
89 147
89 152
89 171
89 184
90 94
90 115
90 118
91 131
91 142
91 192
92 113
92 143
92 145
92 157
92 160
93 109
93 129
93 199
94 105
94 166
94 199
95 138
95 168
95 169
95 183
95 189
96 109
96 177
96 182
96 197
97 111
97 117
97 157
97 167
97 175
98 116
98 150
98 177
98 179
98 180
98 187
98 196
99 106
99 121
99 130
99 150
99 153
99 198
100 124
100 144
100 179
100 197
101 110
101 117
101 132
102 133
102 145
102 172
103 120
103 180
103 196
104 126
104 134
104 171
104 175
105 119
105 123
105 144
105 155
105 156
105 180
106 132
106 159
106 175
106 179
106 195
106 198
107 146
107 156
107 161
107 177
107 198
108 112
108 118
108 121
108 138
108 158
108 160
109 121
109 141
109 177
109 188
110 114
110 176
110 179
110 195
110 198
111 113
111 121
111 146
111 148
111 152
111 160
111 183
111 186
111 190
113 146
113 160
113 179
113 181
113 189
114 123
114 144
114 155
114 176
114 185
114 199
115 151
115 153
115 157
115 178
115 184
116 118
116 138
116 153
116 167
117 121
117 129
117 134
117 150
117 153
117 176
117 188
118 151
118 153
118 164
118 186
119 128
119 156
119 166
119 186
119 194
120 129
120 138
120 152
120 174
120 176
121 171
121 180
121 189
122 135
122 169
122 176
123 128
123 174
123 186
123 191
124 183
124 189
125 131
125 189
126 190
126 197
126 199
127 142
127 152
128 143
128 162
128 164
128 166
128 175
129 149
129 154
129 160
129 161
129 176
129 180
129 186
129 197
130 146
130 162
130 175
130 184
131 148
131 155
131 158
131 160
131 168
132 155
132 178
133 139
133 151
133 155
133 162
133 166
133 182
133 187
134 143
134 163
134 172
135 164
135 184
135 197
136 150
136 172
137 162
137 171
137 173
137 180
137 189
137 196
138 142
138 146
138 171
138 179
139 162
139 187
140 159
141 198
142 155
142 163
142 187
142 194
142 195
143 160
145 174
145 197
146 151
146 162
146 171
147 167
147 192
147 195
148 149
148 151
149 169
149 187
150 157
150 179
151 187
151 198
152 154
152 163
152 164
152 168
153 154
154 159
154 166
154 173
155 176
155 185
156 162
156 174
156 196
157 175
157 192
157 199
158 164
159 188
159 192
160 170
160 182
160 190
161 181
162 164
162 179
163 186
164 186
165 168
165 196
166 176
166 185
166 186
166 199
167 175
167 181
167 188
168 176
170 178
170 190
171 180
171 191
172 173
174 178
174 185
176 178
176 184
178 194
179 190
180 186
181 199
182 186
182 193
182 194
182 199
183 185
183 187
183 197
184 194
185 193
186 187
186 196
186 197
187 195
190 192
192 194
193 195
194 195
