0 8
0 60
0 79
0 80
0 110
0 134
0 141
0 192
0 232
0 258
0 302
0 311
0 329
0 334
0 426
0 467
0 497
1 106
1 137
1 171
1 198
1 267
1 271
1 305
1 309
1 321
1 332
1 336
1 355
1 365
1 384
1 396
1 400
1 402
1 438
1 448
1 453
1 467
1 475
1 479
1 488
1 490
2 17
2 33
2 35
2 37
2 54
2 74
2 75
2 90
2 110
2 120
2 128
2 168
2 181
2 193
2 235
2 331
2 353
2 367
2 416
2 443
2 453
2 485
3 4
3 28
3 35
3 46
3 52
3 93
3 110
3 135
3 153
3 154
3 157
3 170
3 174
3 185
3 211
3 243
3 253
3 266
3 298
3 301
3 306
3 328
3 347
3 354
3 372
3 391
3 404
3 409
3 415
3 424
3 434
3 436
3 438
3 450
3 463
3 485
4 6
4 19
4 28
4 64
4 68
4 124
4 139
4 140
4 155
4 174
4 206
4 212
4 232
4 233
4 332
4 359
4 365
4 405
4 416
4 464
4 479
4 481
4 484
5 44
5 82
5 96
5 109
5 117
5 121
5 136
5 141
5 157
5 189
5 222
5 278
5 332
5 436
5 445
5 458
5 459
5 467
5 476
5 487
6 9
6 10
6 56
6 70
6 94
6 98
6 101
6 102
6 105
6 192
6 234
6 240
6 261
6 275
6 277
6 306
6 316
6 359
6 379
6 397
6 413
6 446
6 472
7 11
7 63
7 67
7 68
7 86
7 127
7 148
7 156
7 162
7 180
7 238
7 248
7 262
7 345
7 354
7 365
7 370
7 376
7 402
7 420
7 454
7 481
8 35
8 59
8 76
8 187
8 188
8 194
8 240
8 261
8 267
8 274
8 325
8 364
8 375
8 430
8 477
9 19
9 21
9 22
9 23
9 27
9 42
9 48
9 65
9 74
9 89
9 161
9 184
9 236
9 240
9 259
9 263
9 269
9 281
9 313
9 321
9 327
9 338
9 366
9 384
9 388
9 400
9 401
9 404
9 423
9 444
9 459
9 475
10 15
10 55
10 68
10 109
10 156
10 173
10 190
10 197
10 229
10 238
10 240
10 246
10 291
10 332
10 337
10 374
10 418
10 419
10 435
10 442
10 471
10 495
11 30
11 43
11 64
11 70
11 85
11 97
11 112
11 114
11 116
11 132
11 139
11 158
11 166
11 241
11 245
11 261
11 271
11 276
11 360
11 373
11 399
11 402
11 407
11 463
11 476
11 494
11 498
12 17
12 27
12 42
12 74
12 147
12 179
12 187
12 191
12 227
12 233
12 238
12 251
12 267
12 298
12 303
12 310
12 319
12 344
12 347
12 367
12 429
12 433
12 436
12 438
12 463
12 477
12 483
13 53
13 63
13 64
13 67
13 76
13 111
13 112
13 150
13 163
13 171
13 178
13 198
13 216
13 232
13 264
13 268
13 281
13 296
13 326
13 343
13 354
13 366
13 388
13 393
13 407
13 423
13 473
13 477
13 479
13 480
13 492
14 46
14 48
14 75
14 91
14 102
14 106
14 113
14 128
14 163
14 176
14 210
14 226
14 230
14 238
14 243
14 260
14 280
14 299
14 306
14 317
14 331
14 333
14 347
14 367
14 415
14 429
14 433
14 440
14 449
14 457
14 463
14 471
15 32
15 39
15 74
15 97
15 109
15 125
15 145
15 177
15 252
15 273
15 295
15 318
15 320
15 322
15 369
15 411
15 416
15 420
15 433
15 438
15 459
15 477
15 491
15 495
16 29
16 127
16 129
16 156
16 192
16 256
16 276
16 277
16 299
16 328
16 341
16 350
16 365
16 376
16 382
16 391
16 396
16 410
16 431
16 459
17 31
17 40
17 53
17 58
17 89
17 94
17 120
17 136
17 168
17 296
17 325
17 354
17 372
17 394
17 431
17 447
17 458
17 459
17 460
17 471
18 22
18 27
18 41
18 56
18 81
18 101
18 118
18 163
18 166
18 170
18 221
18 249
18 264
18 283
18 297
18 305
18 331
18 333
18 340
18 385
18 428
18 444
18 489
18 498
19 66
19 68
19 69
19 72
19 85
19 131
19 162
19 163
19 174
19 213
19 234
19 238
19 259
19 271
19 272
19 285
19 339
19 355
19 362
19 365
19 369
19 405
19 436
19 454
19 464
19 474
19 488
20 46
20 50
20 66
20 78
20 97
20 110
20 121
20 124
20 165
20 181
20 241
20 326
20 337
20 391
20 399
20 413
20 455
20 456
21 42
21 67
21 71
21 96
21 118
21 160
21 274
21 284
21 289
21 291
21 295
21 322
21 363
21 398
21 420
21 425
21 445
21 449
21 457
21 469
21 482
22 35
22 36
22 46
22 48
22 60
22 106
22 110
22 113
22 142
22 156
22 158
22 235
22 236
22 281
22 292
22 314
22 324
22 334
22 340
22 345
22 354
22 374
22 405
22 425
22 427
22 436
22 438
22 440
22 476
22 477
22 499
23 50
23 60
23 61
23 97
23 126
23 129
23 133
23 135
23 152
23 159
23 172
23 207
23 217
23 224
23 225
23 240
23 251
23 281
23 300
23 311
23 349
23 362
23 394
23 426
23 429
23 449
23 464
23 479
23 486
23 495
24 32
24 35
24 39
24 44
24 109
24 110
24 134
24 151
24 174
24 181
24 192
24 197
24 220
24 236
24 264
24 286
24 307
24 315
24 322
24 417
24 419
24 439
24 487
24 496
24 499
25 26
25 27
25 84
25 96
25 112
25 116
25 124
25 127
25 180
25 193
25 211
25 223
25 260
25 283
25 295
25 402
25 414
25 437
25 457
25 494
26 29
26 31
26 38
26 61
26 62
26 74
26 99
26 102
26 127
26 209
26 256
26 271
26 279
26 315
26 386
26 387
26 438
26 460
26 472
27 101
27 102
27 120
27 123
27 178
27 224
27 243
27 244
27 251
27 283
27 296
27 358
27 377
27 383
27 388
27 415
27 430
27 473
27 489
28 30
28 33
28 58
28 75
28 82
28 95
28 97
28 101
28 129
28 144
28 161
28 169
28 183
28 196
28 236
28 245
28 268
28 294
28 303
28 310
28 316
28 326
28 388
28 390
28 403
28 443
28 464
28 489
29 36
29 37
29 44
29 47
29 50
29 53
29 62
29 63
29 72
29 104
29 110
29 144
29 150
29 159
29 202
29 204
29 214
29 224
29 270
29 323
29 341
29 369
29 381
29 382
29 384
29 398
29 451
30 46
30 52
30 54
30 79
30 108
30 111
30 182
30 184
30 194
30 206
30 215
30 224
30 227
30 233
30 247
30 281
30 284
30 287
30 302
30 320
30 395
30 489
31 96
31 114
31 118
31 123
31 142
31 150
31 152
31 156
31 164
31 169
31 234
31 249
31 255
31 313
31 345
31 401
31 422
31 431
31 449
31 471
31 478
32 36
32 74
32 81
32 96
32 99
32 106
32 119
32 160
32 193
32 209
32 214
32 291
32 319
32 340
32 371
32 374
32 375
32 398
32 408
32 409
32 412
32 420
32 458
32 485
32 494
33 40
33 57
33 62
33 96
33 135
33 148
33 151
33 185
33 227
33 263
33 279
33 317
33 340
33 410
33 464
33 481
33 491
34 38
34 57
34 59
34 62
34 94
34 131
34 271
34 304
34 316
34 339
34 346
34 362
34 396
34 444
34 449
34 472
34 478
34 491
34 493
35 49
35 77
35 110
35 117
35 172
35 213
35 231
35 246
35 261
35 266
35 298
35 338
35 344
35 345
35 355
35 389
35 410
35 435
35 437
35 449
35 461
36 41
36 92
36 105
36 178
36 185
36 190
36 194
36 197
36 214
36 222
36 225
36 252
36 257
36 265
36 280
36 310
36 359
36 376
36 397
36 416
36 437
36 469
36 494
37 44
37 112
37 113
37 116
37 173
37 184
37 189
37 203
37 210
37 250
37 253
37 287
37 290
37 292
37 298
37 343
37 345
37 385
37 402
37 441
37 443
37 453
38 46
38 55
38 56
38 66
38 80
38 93
38 97
38 115
38 134
38 141
38 162
38 179
38 182
38 227
38 228
38 264
38 308
38 309
38 375
38 396
38 404
38 405
38 407
38 409
38 426
38 493
38 498
39 42
39 65
39 142
39 157
39 179
39 195
39 245
39 272
39 298
39 301
39 303
39 304
39 311
39 315
39 319
39 329
39 333
39 335
39 344
39 348
39 397
39 406
39 440
39 449
39 479
39 492
40 57
40 150
40 151
40 196
40 200
40 203
40 206
40 213
40 231
40 246
40 259
40 265
40 302
40 344
40 350
40 353
40 362
40 384
40 396
40 411
40 470
40 473
41 42
41 46
41 78
41 83
41 92
41 95
41 96
41 120
41 129
41 139
41 158
41 219
41 244
41 257
41 264
41 287
41 300
41 312
41 334
41 365
41 377
41 409
41 410
41 434
41 459
42 43
42 51
42 56
42 59
42 92
42 93
42 111
42 153
42 154
42 199
42 207
42 219
42 220
42 225
42 228
42 245
42 277
42 281
42 299
42 339
42 346
42 356
42 357
42 367
42 381
42 414
42 441
42 443
42 461
42 467
42 470
42 477
43 47
43 71
43 100
43 116
43 172
43 194
43 199
43 201
43 217
43 263
43 272
43 304
43 323
43 328
43 332
43 348
43 370
43 386
43 417
43 437
43 438
43 440
43 498
44 59
44 77
44 92
44 128
44 134
44 177
44 184
44 195
44 250
44 315
44 338
44 355
44 358
44 359
44 411
44 478
44 495
45 53
45 54
45 83
45 100
45 124
45 166
45 185
45 200
45 206
45 212
45 217
45 227
45 252
45 263
45 275
45 290
45 299
45 309
45 324
45 352
45 393
45 420
46 48
46 59
46 60
46 65
46 73
46 78
46 147
46 186
46 202
46 254
46 271
46 288
46 333
46 335
46 379
46 381
46 439
46 446
46 448
47 77
47 96
47 99
47 104
47 131
47 137
47 142
47 143
47 154
47 156
47 158
47 174
47 197
47 202
47 231
47 245
47 254
47 281
47 288
47 315
47 323
47 344
47 353
47 364
47 369
47 373
47 375
47 424
47 429
47 459
47 472
47 474
47 499
48 87
48 90
48 140
48 153
48 156
48 170
48 178
48 191
48 192
48 209
48 236
48 242
48 261
48 279
48 294
48 302
48 313
48 338
48 372
48 374
48 382
48 416
48 431
48 465
48 467
48 470
48 477
48 490
48 495
48 499
49 70
49 77
49 80
49 96
49 111
49 150
49 158
49 172
49 179
49 196
49 199
49 207
49 215
49 280
49 289
49 296
49 314
49 397
49 415
49 480
50 87
50 102
50 118
50 153
50 165
50 178
50 181
50 219
50 226
50 267
50 284
50 297
50 340
50 375
50 384
50 386
50 391
50 417
50 428
50 450
50 458
50 461
50 497
51 72
51 84
51 108
51 115
51 142
51 165
51 176
51 177
51 194
51 206
51 221
51 225
51 229
51 231
51 241
51 259
51 346
51 382
51 385
51 398
51 418
51 421
51 426
51 431
51 454
51 466
51 474
51 488
52 127
52 131
52 132
52 148
52 175
52 193
52 197
52 234
52 256
52 264
52 307
52 403
52 405
52 407
52 416
52 493
52 496
52 498
53 75
53 76
53 131
53 136
53 137
53 215
53 217
53 233
53 242
53 277
53 278
53 292
53 326
53 341
53 366
53 371
53 443
53 468
53 471
54 72
54 95
54 117
54 129
54 226
54 241
54 248
54 254
54 261
54 265
54 268
54 270
54 315
54 316
54 317
54 329
54 389
54 400
54 449
54 450
54 453
54 471
54 485
55 87
55 92
55 133
55 138
55 149
55 170
55 212
55 230
55 251
55 291
55 301
55 326
55 328
55 352
55 359
55 366
55 399
55 431
55 435
55 437
55 455
55 457
55 462
55 487
56 109
56 115
56 118
56 149
56 163
56 171
56 199
56 239
56 267
56 268
56 273
56 283
56 289
56 323
56 344
56 347
56 383
56 396
56 431
56 448
56 476
56 492
57 71
57 188
57 246
57 257
57 265
57 283
57 292
57 314
57 370
57 390
57 397
57 424
57 451
57 467
57 475
58 63
58 85
58 141
58 159
58 213
58 215
58 232
58 253
58 294
58 298
58 318
58 331
58 332
58 347
58 361
58 390
58 399
58 415
58 422
58 423
58 436
58 439
58 448
58 483
58 498
59 74
59 80
59 95
59 164
59 185
59 191
59 224
59 225
59 238
59 247
59 267
59 286
59 349
59 362
59 378
59 389
59 424
59 429
59 431
59 473
59 484
59 487
59 498
60 101
60 187
60 222
60 234
60 292
60 301
60 317
60 319
60 324
60 331
60 336
60 341
60 348
60 408
60 414
60 435
60 438
60 454
60 464
60 468
60 473
61 79
61 103
61 119
61 120
61 154
61 156
61 157
61 172
61 175
61 233
61 256
61 273
61 277
61 301
61 311
61 326
61 350
61 357
61 372
61 384
61 421
61 447
62 75
62 81
62 120
62 127
62 161
62 167
62 173
62 187
62 204
62 213
62 220
62 247
62 300
62 303
62 325
62 328
62 384
62 388
62 411
62 442
62 461
62 491
62 492
62 493
63 67
63 73
63 83
63 93
63 105
63 128
63 141
63 154
63 157
63 196
63 207
63 232
63 238
63 260
63 274
63 338
63 344
63 345
63 363
63 365
63 392
63 442
63 449
63 451
63 469
63 483
63 485
63 495
64 71
64 72
64 78
64 94
64 116
64 119
64 135
64 140
64 142
64 145
64 194
64 210
64 232
64 259
64 272
64 293
64 297
64 323
64 327
64 332
64 349
64 350
64 367
64 392
64 399
64 400
64 410
64 416
64 427
64 434
64 464
64 475
64 492
65 81
65 85
65 98
65 108
65 124
65 147
65 157
65 167
65 178
65 183
65 237
65 259
65 273
65 319
65 336
65 358
65 360
65 365
65 389
65 416
65 436
65 451
65 455
65 463
66 75
66 77
66 88
66 94
66 107
66 116
66 150
66 158
66 167
66 174
66 179
66 182
66 199
66 203
66 216
66 228
66 245
66 253
66 295
66 306
66 313
66 317
66 323
66 380
66 392
66 412
66 431
66 450
66 468
66 471
67 111
67 134
67 151
67 202
67 212
67 244
67 267
67 294
67 295
67 374
67 460
67 461
67 469
67 488
68 81
68 102
68 104
68 124
68 140
68 158
68 171
68 181
68 209
68 234
68 243
68 275
68 282
68 299
68 326
68 339
68 356
68 380
68 387
68 395
68 414
68 439
68 449
68 469
68 470
68 499
69 89
69 104
69 113
69 144
69 163
69 171
69 176
69 187
69 224
69 247
69 250
69 267
69 282
69 289
69 307
69 349
69 358
69 367
69 393
69 407
69 438
69 442
69 455
69 468
69 479
69 493
69 497
70 77
70 82
70 84
70 132
70 143
70 189
70 201
70 221
70 240
70 260
70 266
70 365
70 385
70 391
70 409
70 439
70 477
71 72
71 90
71 101
71 103
71 151
71 158
71 165
71 220
71 223
71 236
71 240
71 249
71 252
71 257
71 282
71 284
71 293
71 301
71 302
71 322
71 335
71 356
71 476
71 482
72 88
72 90
72 137
72 148
72 176
72 197
72 208
72 222
72 240
72 259
72 268
72 278
72 308
72 350
72 393
72 428
72 485
73 78
73 108
73 119
73 142
73 181
73 188
73 195
73 210
73 238
73 245
73 319
73 358
73 368
73 403
73 419
74 86
74 119
74 142
74 169
74 171
74 173
74 207
74 214
74 229
74 232
74 238
74 246
74 266
74 281
74 283
74 338
74 347
74 377
74 408
74 440
74 454
74 456
74 457
74 478
74 490
74 495
75 100
75 108
75 157
75 174
75 181
75 253
75 274
75 288
75 298
75 312
75 320
75 353
75 359
75 486
75 490
76 109
76 128
76 138
76 161
76 196
76 207
76 212
76 280
76 284
76 326
76 332
76 336
76 345
76 361
76 376
76 382
76 392
76 406
76 430
76 437
76 446
76 487
77 114
77 122
77 160
77 165
77 179
77 193
77 218
77 251
77 270
77 303
77 320
77 333
77 392
77 409
77 412
77 428
77 429
77 443
77 468
77 472
77 486
77 499
78 118
78 172
78 199
78 224
78 241
78 243
78 286
78 295
78 309
78 332
78 359
78 369
78 418
78 431
78 462
78 463
78 482
79 122
79 146
79 160
79 170
79 177
79 178
79 247
79 295
79 296
79 303
79 338
79 341
79 416
79 432
79 437
79 495
80 83
80 115
80 131
80 154
80 162
80 171
80 235
80 239
80 266
80 275
80 297
80 315
80 327
80 330
80 344
80 347
80 355
80 360
80 365
80 407
80 420
80 463
80 467
80 483
81 97
81 112
81 128
81 263
81 268
81 298
81 350
81 368
81 381
81 388
81 400
81 413
81 424
81 486
81 490
82 121
82 123
82 128
82 159
82 185
82 208
82 214
82 216
82 225
82 263
82 264
82 284
82 331
82 352
82 396
82 403
82 404
82 414
82 422
82 426
82 434
82 436
82 438
82 444
82 482
83 86
83 93
83 95
83 128
83 137
83 157
83 162
83 174
83 249
83 276
83 285
83 286
83 291
83 318
83 327
83 337
83 348
83 373
83 379
83 381
83 396
83 408
83 409
83 414
83 415
83 427
83 432
83 441
83 457
84 95
84 96
84 111
84 124
84 155
84 162
84 180
84 198
84 209
84 227
84 255
84 329
84 331
84 338
84 347
84 357
84 359
84 380
84 385
84 399
84 415
84 453
84 454
84 462
84 489
85 90
85 116
85 137
85 143
85 164
85 166
85 168
85 171
85 176
85 198
85 200
85 215
85 230
85 233
85 254
85 288
85 294
85 308
85 330
85 337
85 341
85 348
85 355
85 384
85 398
85 422
85 425
85 434
85 462
86 105
86 111
86 115
86 142
86 161
86 193
86 198
86 225
86 232
86 253
86 328
86 332
86 365
86 371
86 378
86 380
86 414
86 441
86 442
86 456
86 459
86 488
86 491
87 97
87 109
87 189
87 203
87 243
87 246
87 292
87 317
87 320
87 342
87 345
87 361
87 387
87 389
87 451
88 97
88 108
88 127
88 154
88 159
88 182
88 188
88 196
88 223
88 267
88 312
88 313
88 342
88 350
88 368
88 455
88 457
88 485
88 486
89 97
89 105
89 111
89 147
89 160
89 161
89 190
89 234
89 254
89 262
89 266
89 289
89 336
89 374
89 389
89 409
89 418
89 428
89 429
89 493
90 96
90 115
90 133
90 149
90 152
90 177
90 178
90 184
90 240
90 258
90 280
90 320
90 324
90 350
90 357
90 368
90 372
90 393
90 434
90 439
90 488
91 105
91 115
91 139
91 142
91 149
91 187
91 208
91 219
91 221
91 249
91 310
91 333
91 352
91 358
91 374
91 381
91 389
91 402
91 410
91 474
91 477
91 494
91 496
92 121
92 159
92 206
92 261
92 262
92 264
92 266
92 319
92 349
92 371
92 391
92 422
92 427
92 435
92 466
93 135
93 164
93 212
93 234
93 245
93 261
93 273
93 283
93 302
93 308
93 364
93 368
93 384
93 392
93 429
93 457
93 471
93 494
94 113
94 124
94 141
94 142
94 157
94 162
94 184
94 187
94 199
94 204
94 225
94 260
94 319
94 321
94 340
94 348
94 384
94 386
94 387
94 400
94 411
94 439
94 441
94 473
94 488
95 101
95 114
95 123
95 131
95 175
95 188
95 195
95 230
95 238
95 254
95 272
95 279
95 308
95 312
95 333
95 343
95 369
95 370
95 381
95 411
95 423
95 459
95 467
95 476
95 496
96 112
96 120
96 122
96 168
96 174
96 176
96 188
96 206
96 237
96 241
96 260
96 293
96 303
96 332
96 341
96 378
96 380
96 396
96 408
96 449
96 454
96 470
97 105
97 142
97 145
97 171
97 173
97 180
97 182
97 185
97 188
97 243
97 247
97 272
97 297
97 303
97 305
97 322
97 323
97 335
97 342
97 425
97 426
97 427
97 459
97 472
97 496
98 115
98 135
98 149
98 151
98 162
98 165
98 188
98 244
98 258
98 277
98 288
98 297
98 301
98 337
98 338
98 348
98 374
98 432
98 436
98 449
98 451
98 465
98 494
99 107
99 127
99 145
99 181
99 189
99 212
99 216
99 222
99 223
99 227
99 229
99 241
99 275
99 283
99 294
99 344
99 348
99 358
99 386
99 416
99 432
99 447
100 108
100 114
100 143
100 180
100 186
100 188
100 206
100 214
100 216
100 271
100 274
100 294
100 298
100 309
100 324
100 326
100 341
100 365
100 394
100 405
100 416
101 139
101 141
101 153
101 216
101 224
101 237
101 287
101 290
101 295
101 321
101 349
101 350
101 441
101 443
101 476
101 483
101 486
101 499
102 104
102 111
102 114
102 142
102 184
102 232
102 247
102 286
102 304
102 367
102 378
102 401
102 405
102 428
102 431
102 432
102 491
102 499
103 152
103 207
103 216
103 231
103 244
103 264
103 340
103 347
103 348
103 355
103 403
103 440
103 451
103 467
104 111
104 135
104 142
104 150
104 161
104 169
104 197
104 220
104 268
104 302
104 331
104 425
104 428
104 457
104 468
105 118
105 121
105 129
105 152
105 177
105 178
105 212
105 217
105 235
105 238
105 282
105 324
105 403
105 441
105 449
105 461
105 471
106 119
106 134
106 142
106 184
106 249
106 255
106 261
106 285
106 296
106 315
106 344
106 345
106 369
106 386
106 387
106 394
106 398
106 412
106 447
106 498
107 114
107 188
107 194
107 199
107 210
107 218
107 226
107 227
107 249
107 281
107 293
107 294
107 318
107 342
107 351
107 378
107 412
107 431
107 437
107 442
107 467
107 488
107 491
108 121
108 152
108 155
108 176
108 182
108 190
108 234
108 252
108 268
108 278
108 279
108 300
108 302
108 339
108 341
108 343
108 346
108 376
108 401
108 466
108 478
109 132
109 141
109 155
109 170
109 172
109 206
109 217
109 238
109 244
109 264
109 272
109 294
109 303
109 360
109 370
109 372
109 394
109 472
109 482
109 496
109 499
110 149
110 152
110 154
110 172
110 201
110 217
110 222
110 242
110 246
110 262
110 269
110 274
110 283
110 286
110 298
110 305
110 310
110 324
110 332
110 388
110 442
110 444
110 451
110 456
110 466
110 471
110 496
111 119
111 139
111 154
111 201
111 219
111 234
111 236
111 259
111 287
111 288
111 294
111 319
111 324
111 329
111 332
111 334
111 353
111 355
111 376
111 385
111 435
111 442
111 446
111 487
111 490
112 118
112 139
112 145
112 146
112 150
112 151
112 152
112 163
112 175
112 190
112 225
112 244
112 256
112 276
112 280
112 294
112 325
112 376
112 380
112 386
112 472
112 489
112 494
112 495
113 116
113 124
113 138
113 142
113 209
113 234
113 245
113 265
113 297
113 320
113 343
113 369
113 382
113 384
113 413
113 434
113 441
113 442
113 466
113 476
113 498
114 149
114 164
114 168
114 173
114 178
114 182
114 184
114 225
114 243
114 265
114 276
114 302
114 306
114 317
114 328
114 346
114 353
114 371
114 384
114 406
114 411
114 419
114 433
114 493
115 126
115 158
115 161
115 174
115 179
115 204
115 246
115 267
115 276
115 313
115 364
115 386
115 387
115 416
115 429
115 436
115 455
116 120
116 148
116 164
116 217
116 225
116 235
116 247
116 250
116 272
116 283
116 317
116 338
116 391
116 394
116 400
116 402
116 429
116 446
117 135
117 179
117 181
117 218
117 244
117 278
117 354
117 394
117 416
117 420
117 440
117 458
117 468
118 119
118 133
118 145
118 168
118 172
118 231
118 239
118 243
118 261
118 262
118 271
118 293
118 317
118 327
118 331
118 373
118 388
118 392
118 403
118 410
118 415
118 432
118 447
118 469
118 474
119 146
119 158
119 179
119 195
119 213
119 216
119 242
119 276
119 294
119 334
119 361
119 373
119 392
119 471
119 496
120 141
120 151
120 162
120 175
120 197
120 208
120 229
120 259
120 260
120 279
120 333
120 343
120 351
120 383
120 385
120 425
120 436
120 448
120 456
120 473
120 480
120 484
121 135
121 176
121 182
121 202
121 208
121 211
121 216
121 217
121 260
121 272
121 289
121 301
121 307
121 312
121 326
121 339
121 363
121 366
121 418
121 445
121 461
122 163
122 222
122 251
122 256
122 275
122 277
122 283
122 287
122 328
122 365
122 372
122 398
122 403
122 421
122 456
122 461
122 464
122 475
122 499
123 125
123 175
123 187
123 239
123 249
123 263
123 270
123 311
123 335
123 362
123 366
123 441
123 445
123 464
123 473
123 482
124 141
124 151
124 225
124 244
124 271
124 316
124 322
124 323
124 373
124 383
124 390
124 398
124 411
124 416
124 423
124 441
124 449
124 464
124 473
124 487
125 141
125 142
125 159
125 167
125 174
125 186
125 188
125 197
125 225
125 246
125 252
125 319
125 323
125 332
125 337
125 340
125 370
125 381
125 400
125 422
125 425
125 432
125 433
125 457
125 484
126 144
126 150
126 155
126 175
126 193
126 197
126 201
126 213
126 218
126 222
126 237
126 254
126 260
126 268
126 282
126 288
126 316
126 327
126 365
126 440
126 442
126 474
126 484
127 142
127 148
127 179
127 200
127 212
127 224
127 244
127 260
127 269
127 273
127 290
127 337
127 356
127 376
127 379
127 401
127 412
127 433
127 494
128 131
128 150
128 170
128 211
128 223
128 264
128 268
128 318
128 328
128 338
128 343
128 350
128 360
128 396
128 406
128 413
128 420
128 456
128 459
128 464
128 470
128 495
129 132
129 143
129 145
129 168
129 176
129 211
129 217
129 260
129 261
129 264
129 372
129 376
129 408
129 413
129 429
129 430
129 441
129 461
129 485
130 169
130 170
130 182
130 220
130 231
130 243
130 251
130 255
130 277
130 296
130 306
130 313
130 348
130 361
130 387
130 414
130 418
130 426
130 441
130 488
130 493
131 139
131 151
131 171
131 190
131 195
131 214
131 235
131 320
131 323
131 352
131 369
131 385
131 404
131 431
131 439
131 473
131 490
132 181
132 200
132 253
132 259
132 271
132 284
132 319
132 331
132 343
132 354
132 374
132 414
132 424
132 439
132 449
132 460
132 487
133 136
133 145
133 185
133 190
133 307
133 337
133 372
133 405
133 406
133 407
133 455
133 466
134 195
134 196
134 202
134 221
134 242
134 252
134 253
134 256
134 273
134 280
134 289
134 300
134 304
134 316
134 355
134 360
134 404
134 412
134 456
134 457
134 458
134 466
134 474
135 168
135 180
135 205
135 206
135 218
135 252
135 266
135 277
135 322
135 360
135 361
135 402
135 407
135 431
135 467
135 477
135 483
136 157
136 263
136 308
136 313
136 368
136 372
136 410
136 430
136 455
136 463
136 480
136 497
137 144
137 153
137 196
137 197
137 205
137 211
137 252
137 267
137 276
137 281
137 301
137 308
137 333
137 390
137 405
137 419
137 468
137 477
138 142
138 177
138 204
138 209
138 238
138 247
138 257
138 279
138 302
138 317
138 326
138 334
138 338
138 349
138 360
138 366
138 375
138 400
138 434
138 435
138 448
138 480
138 496
139 151
139 155
139 187
139 200
139 213
139 229
139 254
139 257
139 263
139 271
139 284
139 301
139 304
139 331
139 336
139 355
139 362
139 368
139 372
139 383
139 391
139 399
139 401
139 406
139 432
139 466
139 483
140 143
140 151
140 215
140 296
140 297
140 321
140 385
140 387
140 431
140 442
140 444
140 476
140 492
141 148
141 158
141 211
141 224
141 229
141 250
141 259
141 262
141 284
141 307
141 386
141 437
141 444
141 484
142 163
142 170
142 188
142 212
142 262
142 293
142 294
142 328
142 337
142 360
142 383
142 402
142 406
142 420
142 426
142 444
142 447
142 454
142 463
142 489
143 144
143 161
143 167
143 200
143 210
143 211
143 222
143 248
143 261
143 282
143 289
143 294
143 331
143 352
143 353
143 391
143 401
143 430
143 447
143 453
143 459
143 463
143 473
143 474
144 210
144 287
144 364
144 392
144 400
144 418
144 439
144 458
144 472
144 491
145 192
145 194
145 243
145 268
145 277
145 291
145 302
145 307
145 338
145 389
145 401
145 406
145 407
145 412
145 428
145 435
145 452
145 476
145 491
145 497
146 149
146 169
146 173
146 287
146 301
146 309
146 312
146 314
146 315
146 327
146 348
146 398
146 425
146 438
146 446
146 451
146 453
146 497
147 174
147 197
147 202
147 221
147 223
147 224
147 232
147 245
147 272
147 281
147 299
147 324
147 348
147 365
147 387
147 394
147 414
147 434
147 461
147 468
147 484
148 162
148 170
148 173
148 189
148 190
148 202
148 235
148 325
148 334
148 341
148 366
148 372
148 394
148 397
148 441
148 467
149 167
149 245
149 256
149 265
149 278
149 281
149 302
149 330
149 347
149 356
149 386
149 426
149 433
149 434
149 487
149 494
150 189
150 197
150 220
150 221
150 335
150 359
150 404
150 407
150 410
150 414
150 418
150 434
150 439
150 444
150 446
151 161
151 176
151 182
151 183
151 229
151 249
151 254
151 284
151 333
151 345
151 349
151 363
151 372
151 382
151 391
151 433
151 472
151 488
152 154
152 158
152 187
152 203
152 223
152 225
152 273
152 315
152 360
152 363
152 367
152 373
152 401
152 405
152 427
152 433
152 446
152 466
152 499
153 216
153 261
153 283
153 286
153 309
153 310
153 327
153 360
153 363
153 398
153 468
153 480
153 493
154 177
154 187
154 197
154 211
154 221
154 230
154 232
154 247
154 323
154 364
154 368
154 374
154 379
154 427
154 434
154 458
154 462
154 470
155 156
155 180
155 211
155 220
155 255
155 256
155 271
155 287
155 330
155 365
155 367
155 371
155 382
155 429
155 466
156 174
156 176
156 178
156 180
156 181
156 203
156 228
156 254
156 258
156 273
156 285
156 338
156 340
156 354
156 392
156 464
156 468
157 239
157 256
157 363
157 369
157 412
157 420
157 439
157 446
157 447
158 191
158 206
158 210
158 250
158 273
158 335
158 375
158 401
158 467
158 497
159 163
159 194
159 236
159 250
159 251
159 274
159 287
159 299
159 312
159 319
159 329
159 362
159 409
159 412
159 454
159 484
160 169
160 207
160 210
160 248
160 250
160 258
160 267
160 271
160 321
160 344
160 354
160 442
160 443
160 461
160 464
161 190
161 201
161 214
161 216
161 227
161 265
161 268
161 269
161 285
161 328
161 343
161 370
161 374
161 377
161 378
161 404
161 410
161 423
161 436
161 461
161 497
162 174
162 178
162 184
162 198
162 221
162 242
162 267
162 270
162 291
162 312
162 337
162 355
162 356
162 382
162 420
162 494
163 186
163 195
163 200
163 206
163 228
163 230
163 243
163 244
163 278
163 288
163 319
163 328
163 337
163 398
163 423
163 433
163 452
163 461
163 464
163 495
164 183
164 231
164 286
164 287
164 290
164 315
164 319
164 320
164 330
164 331
164 365
164 425
164 428
164 435
164 489
165 172
165 201
165 243
165 247
165 303
165 306
165 311
165 313
165 315
165 346
165 377
165 400
165 458
165 473
165 486
165 487
166 193
166 195
166 243
166 261
166 286
166 336
166 346
166 350
166 361
166 388
166 409
166 421
166 449
166 481
166 486
167 188
167 226
167 254
167 317
167 322
167 366
167 374
167 379
167 398
167 416
167 429
167 448
167 464
168 193
168 207
168 215
168 250
168 255
168 269
168 272
168 279
168 292
168 302
168 308
168 340
168 342
168 351
168 354
168 366
168 369
168 385
168 441
168 467
168 492
168 493
169 191
169 211
169 251
169 257
169 266
169 284
169 331
169 334
169 360
169 391
169 392
169 394
169 404
169 406
169 463
169 469
170 199
170 260
170 283
170 311
170 321
170 322
170 340
170 347
170 350
170 374
170 398
170 445
170 473
171 187
171 196
171 219
171 223
171 224
171 228
171 254
171 256
171 284
171 297
171 300
171 307
171 323
171 355
171 418
171 454
171 463
172 215
172 216
172 238
172 277
172 300
172 347
172 431
172 437
172 443
172 447
172 448
172 480
173 255
173 305
173 312
173 378
173 393
173 398
173 409
174 177
174 185
174 223
174 285
174 290
174 306
174 319
174 323
174 324
174 354
174 363
174 385
174 418
174 430
174 485
174 494
175 187
175 215
175 230
175 233
175 238
175 298
175 314
175 335
175 350
175 357
175 396
175 400
175 446
176 205
176 232
176 247
176 318
176 324
176 380
176 407
176 492
176 494
176 496
177 215
177 272
177 287
177 334
177 342
177 429
177 440
177 457
177 461
177 462
177 480
178 182
178 183
178 205
178 229
178 232
178 233
178 235
178 244
178 265
178 268
178 304
178 344
178 364
178 404
178 415
178 430
178 438
178 448
178 452
178 478
178 498
179 209
179 218
179 234
179 256
179 257
179 264
179 295
179 362
179 383
179 420
179 455
179 458
179 477
179 484
179 487
179 499
180 203
180 224
180 244
180 247
180 266
180 288
180 298
180 312
180 318
180 323
180 355
180 386
180 389
180 399
180 432
180 470
181 185
181 233
181 287
181 290
181 297
181 310
181 348
181 371
181 377
181 380
181 421
181 436
181 463
181 465
181 474
181 495
182 184
182 198
182 204
182 217
182 224
182 271
182 274
182 302
182 304
182 360
182 382
182 401
182 457
182 464
182 470
182 473
182 477
183 185
183 195
183 198
183 202
183 215
183 225
183 253
183 259
183 260
183 308
183 309
183 343
183 387
183 419
183 431
183 437
183 448
183 450
183 454
183 478
183 487
184 230
184 241
184 254
184 255
184 286
184 329
184 341
184 344
184 345
184 387
184 459
185 192
185 222
185 311
185 325
185 329
185 331
185 340
185 453
185 461
185 482
186 193
186 197
186 205
186 217
186 219
186 290
186 319
186 323
186 349
186 370
186 390
186 427
186 472
187 194
187 226
187 242
187 279
187 282
187 283
187 287
187 341
187 369
187 375
187 387
187 424
187 431
187 436
187 459
188 190
188 208
188 215
188 220
188 248
188 257
188 273
188 279
188 289
188 313
188 326
188 327
188 332
188 337
188 346
188 355
188 357
188 394
188 401
188 433
188 440
188 456
189 233
189 234
189 258
189 275
189 283
189 292
189 299
189 334
189 350
189 358
189 401
189 409
189 427
189 468
189 476
189 494
190 199
190 250
190 251
190 265
190 280
190 288
190 289
190 304
190 319
190 321
190 325
190 334
190 341
190 418
190 425
190 434
190 438
190 455
190 477
190 499
191 241
191 284
191 318
191 323
191 329
191 368
191 447
191 465
191 486
191 497
192 305
192 342
192 344
192 389
192 422
192 455
192 485
192 493
193 225
193 243
193 255
193 275
193 278
193 282
193 289
193 295
193 317
193 318
193 329
193 354
193 363
193 391
193 409
193 414
193 428
193 457
194 259
194 278
194 280
194 284
194 285
194 291
194 294
194 299
194 355
194 367
194 439
194 447
194 466
194 485
194 489
195 208
195 224
195 243
195 276
195 286
195 288
195 293
195 330
195 381
195 396
195 400
195 415
195 430
195 462
195 489
196 243
196 256
196 284
196 361
196 388
196 414
196 421
196 455
196 456
196 480
196 486
197 217
197 255
197 310
197 327
197 377
197 384
197 410
197 413
197 434
197 436
197 463
197 465
197 487
197 499
198 211
198 226
198 227
198 228
198 230
198 258
198 275
198 295
198 299
198 349
198 374
198 404
198 431
198 461
198 470
198 473
198 475
199 250
199 272
199 383
199 406
199 408
199 420
199 489
200 212
200 214
200 220
200 226
200 241
200 273
200 294
200 306
200 315
200 316
200 335
200 344
200 378
200 411
200 414
200 432
200 443
200 447
200 455
200 487
201 219
201 224
201 290
201 291
201 301
201 336
201 341
201 348
201 357
201 372
201 374
201 384
201 398
201 402
201 438
201 446
201 487
201 495
201 497
202 206
202 211
202 225
202 227
202 241
202 246
202 333
202 343
202 363
202 385
202 445
202 455
202 476
202 497
203 291
203 297
203 299
203 329
203 348
203 358
203 363
203 370
203 383
203 394
203 410
203 428
203 464
203 477
204 211
204 221
204 223
204 280
204 301
204 339
204 340
204 348
204 359
204 380
204 386
204 398
204 414
204 430
204 462
204 486
205 215
205 258
205 268
205 283
205 315
205 358
205 367
205 377
205 384
205 389
205 430
205 443
206 218
206 228
206 231
206 300
206 304
206 308
206 311
206 318
206 348
206 365
206 386
206 393
206 400
206 432
206 436
206 439
206 442
206 448
206 459
206 492
207 213
207 215
207 249
207 254
207 338
207 339
207 383
207 395
207 416
207 419
207 426
207 429
207 482
207 485
208 237
208 254
208 259
208 271
208 281
208 304
208 312
208 317
208 340
208 344
208 353
208 366
208 388
208 389
208 391
208 408
208 416
208 417
208 422
208 434
209 210
209 213
209 229
209 241
209 248
209 255
209 288
209 302
209 365
209 449
209 452
209 464
209 466
210 211
210 276
210 278
210 283
210 286
210 296
210 326
210 327
210 334
210 359
210 379
210 388
210 401
210 425
210 426
210 427
210 440
210 476
211 230
211 235
211 259
211 300
211 323
211 350
211 353
211 374
211 395
211 420
211 436
211 446
211 449
211 453
211 471
212 332
212 348
212 356
212 360
212 382
212 387
212 390
212 418
212 450
212 472
212 499
213 220
213 231
213 266
213 306
213 308
213 318
213 332
213 379
213 392
213 443
213 496
214 234
214 276
214 286
214 292
214 293
214 298
214 300
214 305
214 321
214 343
214 365
214 382
214 397
214 413
214 430
214 446
214 452
214 468
214 469
215 218
215 240
215 241
215 307
215 308
215 311
215 314
215 343
215 358
215 362
215 399
215 412
215 493
216 242
216 280
216 287
216 288
216 305
216 324
216 331
216 355
216 365
216 382
216 392
216 394
216 395
216 403
216 410
216 442
216 455
216 458
216 473
216 482
216 485
216 486
217 220
217 244
217 268
217 269
217 293
217 300
217 304
217 305
217 321
217 328
217 378
217 402
217 449
217 458
217 491
218 267
218 283
218 289
218 305
218 315
218 332
218 333
218 357
218 383
218 414
218 424
218 448
218 477
218 479
218 491
218 492
219 220
219 252
219 271
219 351
219 372
219 414
219 433
219 488
220 236
220 314
220 321
220 331
220 345
220 367
220 382
220 389
220 391
220 395
220 407
220 413
220 418
220 426
220 428
220 430
220 442
220 446
220 461
220 466
220 474
220 477
221 225
221 240
221 241
221 292
221 300
221 316
221 319
221 372
221 393
221 394
221 435
221 448
221 466
221 471
221 472
221 497
221 499
222 234
222 237
222 241
222 255
222 268
222 285
222 311
222 315
222 321
222 333
222 374
222 376
222 391
222 457
222 492
223 227
223 264
223 288
223 312
223 315
223 317
223 372
223 420
223 481
224 230
224 234
224 258
224 280
224 292
224 307
224 325
224 385
224 395
224 403
224 416
225 246
225 282
225 313
225 339
225 344
225 351
225 361
225 367
225 370
225 393
225 404
225 406
225 416
225 445
225 446
225 449
225 455
225 460
225 474
226 232
226 276
226 290
226 300
226 319
226 359
226 363
226 375
226 412
226 443
226 459
226 479
227 233
227 247
227 249
227 265
227 352
227 363
227 393
227 403
227 407
227 423
227 444
227 456
227 458
227 478
227 489
227 494
228 238
228 242
228 244
228 249
228 263
228 271
228 304
228 306
228 320
228 338
228 346
228 417
228 424
228 434
228 454
228 467
228 480
228 483
228 488
228 495
229 232
229 257
229 275
229 287
229 300
229 302
229 374
229 401
229 468
230 245
230 253
230 267
230 344
230 371
230 385
230 395
230 407
230 417
230 449
231 250
231 257
231 274
231 297
231 301
231 311
231 313
231 314
231 320
231 345
231 379
231 382
231 449
231 450
231 473
231 493
232 254
232 260
232 270
232 302
232 329
232 384
232 401
232 408
232 426
232 442
232 443
232 444
232 454
232 466
232 467
232 485
233 237
233 238
233 278
233 300
233 325
233 347
233 361
233 415
233 434
234 243
234 255
234 256
234 285
234 309
234 313
234 316
234 317
234 335
234 342
234 423
234 424
234 426
234 452
234 474
234 477
235 250
235 268
235 273
235 284
235 295
235 332
235 348
235 354
235 364
235 368
235 379
235 399
235 402
235 403
235 405
235 407
235 429
235 434
235 458
236 250
236 340
236 342
236 343
236 366
236 371
236 380
236 398
236 417
236 442
236 461
236 481
236 486
236 493
237 245
237 287
237 290
237 300
237 308
237 332
237 336
237 394
237 403
237 429
238 242
238 289
238 295
238 322
238 329
238 344
238 355
238 358
238 379
238 414
238 417
238 422
238 457
239 256
239 279
239 287
239 310
239 324
239 342
239 359
239 394
239 408
239 410
239 423
239 455
239 467
239 491
240 250
240 278
240 280
240 285
240 301
240 316
240 318
240 342
240 352
240 368
240 377
240 387
240 474
240 476
240 480
241 253
241 274
241 280
241 311
241 330
241 344
241 355
241 385
241 393
241 407
241 416
241 430
241 431
241 467
241 477
241 488
242 260
242 320
242 342
242 415
242 429
242 448
242 476
242 487
242 489
242 499
243 245
243 297
243 317
243 336
243 374
243 435
243 466
243 471
244 265
244 280
244 293
244 348
244 353
244 364
244 373
244 385
244 397
244 415
244 444
244 456
244 481
244 485
245 276
245 301
245 357
245 358
245 375
245 383
245 386
245 388
245 389
245 396
245 413
245 425
245 443
245 449
245 452
245 458
245 460
245 476
246 260
246 264
246 271
246 275
246 280
246 300
246 330
246 358
246 364
246 369
246 395
246 404
246 433
246 450
246 492
247 310
247 327
247 344
247 361
247 398
247 446
247 489
247 498
248 268
248 269
248 281
248 344
248 422
248 458
248 461
248 490
249 278
249 280
249 297
249 304
249 316
249 337
249 351
249 380
249 409
249 415
249 435
249 442
249 447
250 272
250 296
250 310
250 313
250 387
250 388
250 415
250 461
250 484
251 261
251 306
251 318
251 353
251 399
251 441
251 449
251 451
251 457
251 467
252 280
252 294
252 297
252 306
252 308
252 326
252 329
252 332
252 345
252 394
252 429
252 432
252 454
252 459
252 461
252 467
252 468
252 475
252 496
253 281
253 289
253 290
253 291
253 298
253 308
253 316
253 344
253 346
253 365
253 367
253 431
253 452
253 461
253 470
253 471
253 472
253 491
253 492
254 260
254 279
254 280
254 325
254 352
254 355
254 432
254 451
254 456
254 469
254 474
255 268
255 272
255 277
255 294
255 298
255 303
255 317
255 346
255 352
255 371
255 380
255 383
255 408
255 446
256 270
256 271
256 312
256 323
256 359
256 364
256 370
256 373
256 385
256 394
256 398
256 431
256 432
256 450
256 462
256 486
256 499
257 260
257 261
257 273
257 302
257 329
257 367
257 419
257 449
258 288
258 292
258 294
258 325
258 332
258 349
258 429
258 472
258 474
259 286
259 318
259 325
259 327
259 330
259 349
259 363
259 373
259 384
259 398
259 452
259 455
259 484
259 486
260 263
260 282
260 320
260 359
260 425
260 428
260 439
260 440
260 445
260 459
260 489
261 271
261 306
261 333
261 373
261 400
261 472
262 265
262 267
262 289
262 290
262 299
262 302
262 316
262 335
262 351
262 372
262 374
262 387
262 430
262 437
262 485
262 495
263 270
263 275
263 289
263 291
263 292
263 298
263 327
263 377
263 382
263 392
263 416
263 480
263 490
264 275
264 304
264 328
264 333
264 345
264 360
264 381
264 382
264 390
264 394
264 430
264 434
264 442
264 461
264 467
264 469
264 478
265 266
265 279
265 331
265 355
265 359
265 389
265 398
265 411
265 417
265 427
265 432
265 452
265 469
265 473
265 497
265 499
266 269
266 316
266 323
266 349
266 390
266 399
266 424
266 457
266 489
266 490
266 498
267 310
267 340
267 423
267 428
267 438
267 445
267 446
267 447
267 471
267 490
267 492
268 272
268 282
268 288
268 309
268 311
268 321
268 326
268 400
268 403
268 430
269 334
269 360
269 433
269 441
269 457
269 460
269 488
270 286
270 327
270 331
270 332
270 346
270 371
270 379
270 452
270 460
270 481
270 482
271 280
271 297
271 299
271 303
271 316
271 333
271 348
271 363
271 391
271 419
271 426
271 466
271 472
271 492
271 496
272 283
272 288
272 324
272 334
272 336
272 353
272 410
272 413
272 419
272 431
272 497
273 337
273 340
273 384
273 390
273 401
273 402
273 404
273 412
273 416
273 464
273 493
274 281
274 287
274 303
274 310
274 331
274 341
274 357
274 362
274 400
274 412
274 414
274 426
274 436
274 447
274 460
274 473
275 337
275 345
275 347
275 371
275 374
275 385
275 389
275 418
275 419
275 433
275 434
275 448
275 478
276 323
276 332
276 340
276 350
276 362
276 364
276 372
276 408
276 417
276 489
277 333
277 404
277 465
277 468
277 473
277 480
278 295
278 311
278 339
278 341
278 342
278 343
278 387
278 431
278 453
278 462
278 468
278 474
278 484
279 287
279 354
279 360
279 373
279 417
279 418
279 425
279 432
279 433
279 436
279 465
279 475
279 476
279 487
280 284
280 307
280 312
280 325
280 340
280 358
280 415
280 420
280 452
280 487
280 493
280 494
281 320
281 334
281 380
282 313
282 362
282 378
282 402
282 411
282 428
282 456
282 466
282 484
283 292
283 303
283 306
283 315
283 318
283 340
283 348
283 375
283 380
283 457
283 460
283 471
283 483
283 495
284 303
284 339
284 345
284 349
284 352
284 353
284 354
284 376
284 387
284 399
284 401
284 460
284 467
285 349
285 362
285 368
285 392
285 396
285 399
285 416
285 434
285 435
285 469
285 481
285 492
286 296
286 317
286 342
286 366
286 383
286 393
286 424
286 426
286 428
286 476
286 483
286 486
286 499
287 290
287 324
287 335
287 412
287 484
287 488
288 320
288 331
288 349
288 452
288 460
288 476
288 482
288 499
289 299
289 310
289 319
289 333
289 347
289 351
289 356
289 361
289 374
289 454
289 483
289 499
290 343
290 404
290 430
290 431
290 467
290 476
290 481
291 308
291 314
291 315
291 319
291 323
291 352
291 369
291 375
291 390
291 400
291 426
291 449
291 462
291 489
292 300
292 311
292 332
292 341
292 387
292 396
292 400
292 442
292 463
293 330
293 333
293 334
293 343
293 345
293 370
293 427
293 440
293 441
293 444
293 465
293 466
293 487
293 493
294 299
294 363
294 388
294 389
294 414
294 422
294 447
294 454
294 480
295 303
295 320
295 330
295 333
295 368
295 385
295 392
295 415
295 419
295 455
295 458
295 478
295 496
295 499
296 308
296 325
296 339
296 353
296 365
296 395
296 397
296 412
296 437
296 469
296 492
296 495
297 303
297 313
297 347
297 384
297 388
297 397
297 403
297 407
297 435
297 444
297 484
298 307
298 311
298 323
298 330
298 337
298 358
298 366
298 370
298 388
298 391
298 433
298 454
298 493
299 311
299 316
299 318
299 331
299 336
299 369
299 388
299 398
299 456
299 467
299 475
299 478
300 333
300 359
300 409
300 412
300 433
300 460
300 462
300 472
301 309
301 349
301 364
301 365
301 377
301 395
301 407
301 452
302 307
302 309
302 317
302 327
302 335
302 364
302 396
302 397
302 411
302 413
302 428
302 441
302 456
302 472
303 307
303 309
303 334
303 349
303 386
303 406
303 415
303 420
303 426
303 430
303 446
303 447
303 452
303 474
304 346
304 351
304 365
304 374
304 413
304 431
304 473
304 492
305 338
305 365
305 376
305 377
305 401
305 422
305 439
305 440
305 446
305 463
305 477
305 499
306 314
306 325
306 372
306 423
306 464
306 466
306 490
307 346
307 366
307 390
307 479
307 484
307 493
308 335
308 342
308 357
308 359
308 362
308 371
308 390
308 392
308 394
308 410
308 433
308 449
308 474
308 481
308 484
308 492
308 495
309 355
309 364
309 416
309 424
309 452
309 458
309 474
310 339
310 359
310 375
310 398
310 410
310 434
310 474
311 320
311 347
311 366
311 367
311 385
311 400
311 433
311 455
312 326
312 329
312 400
312 443
312 458
312 468
312 469
312 479
313 323
313 324
313 360
313 485
313 499
314 365
314 404
314 425
314 468
314 469
314 483
314 499
315 338
315 343
315 362
315 398
315 424
315 448
315 472
315 475
315 498
316 333
316 348
316 349
316 369
316 371
316 406
316 418
316 421
316 460
316 464
316 481
316 496
316 499
317 353
317 354
317 368
317 372
317 377
317 405
317 413
317 429
317 457
317 477
317 480
318 327
318 352
318 372
318 386
318 387
318 422
318 424
318 428
318 433
318 445
318 495
319 334
319 342
319 360
319 376
319 437
319 445
319 446
319 460
319 475
320 325
320 347
320 357
320 376
320 377
320 390
320 409
320 428
320 443
320 474
320 477
320 481
320 493
321 343
321 361
321 369
321 411
321 413
321 425
321 428
321 448
321 451
321 459
321 471
322 341
322 353
322 355
322 360
322 381
322 382
322 392
322 439
322 460
322 466
322 489
322 498
323 333
323 365
323 431
323 445
324 382
324 384
324 393
324 394
324 433
324 465
324 472
324 485
325 351
325 362
325 366
325 380
325 413
325 462
325 465
325 476
326 327
326 342
326 383
326 385
326 397
326 399
326 432
326 455
326 456
326 482
327 328
327 335
327 340
327 342
327 344
327 388
327 399
327 403
327 451
327 458
327 459
327 464
327 465
327 479
327 484
328 342
328 357
328 394
328 418
328 426
328 428
328 436
328 439
328 441
328 445
328 479
329 333
329 360
329 362
329 397
329 399
329 410
329 414
329 422
329 427
329 476
329 480
329 497
330 352
330 368
330 385
330 481
330 489
331 336
331 337
331 341
331 345
331 347
331 395
331 396
331 435
331 478
331 485
331 499
332 345
332 364
332 369
332 377
332 386
332 394
332 395
332 448
332 452
332 498
333 342
333 378
333 412
333 419
333 430
333 466
334 389
334 436
334 455
334 460
334 475
334 491
335 360
335 370
335 382
335 413
335 425
335 433
335 454
335 462
336 337
336 344
336 353
336 357
336 375
336 418
337 348
337 374
337 393
337 394
337 396
337 420
337 429
337 472
338 351
338 361
338 400
338 405
338 414
338 422
338 427
339 363
339 422
339 459
339 469
339 470
340 348
340 364
340 378
340 398
340 432
340 438
340 453
340 454
340 475
340 484
341 356
341 374
341 377
341 414
341 428
341 444
341 459
341 468
341 471
341 473
341 477
341 485
341 497
342 357
342 364
342 371
342 373
342 379
342 436
342 439
342 452
342 463
342 476
342 490
343 370
343 396
343 403
343 408
343 456
343 460
343 472
343 477
343 483
343 499
344 361
344 364
344 375
344 383
344 407
344 454
344 462
345 376
345 421
345 427
345 439
345 460
345 475
346 351
346 352
346 354
346 359
346 456
346 485
346 497
347 384
347 409
347 431
347 439
347 442
347 448
347 460
347 466
347 481
347 497
348 351
348 387
348 413
348 468
348 471
348 482
348 485
348 499
349 370
349 378
349 380
349 401
349 410
349 445
349 476
349 497
350 368
350 391
351 354
351 399
351 402
351 407
351 425
351 441
351 483
352 385
352 387
352 399
352 400
352 401
352 411
352 416
352 422
352 447
352 456
352 457
352 488
352 496
353 357
353 363
353 386
353 430
353 434
353 438
353 463
353 466
354 360
354 363
354 407
354 425
354 439
354 446
354 487
354 495
355 362
355 380
355 406
355 424
355 435
355 460
355 463
355 481
356 402
356 410
356 447
356 452
356 462
356 467
356 495
357 369
357 373
357 455
357 457
358 367
358 393
358 412
358 440
358 456
358 492
359 387
359 437
359 438
359 460
359 467
359 476
359 483
360 365
360 406
360 426
360 444
361 380
361 403
361 411
361 464
362 388
362 389
362 403
362 418
363 375
363 387
363 399
363 405
363 413
363 420
363 442
363 451
363 462
363 469
363 493
363 495
364 372
364 408
365 383
365 419
365 439
365 444
365 485
366 413
366 481
366 483
367 381
367 498
368 377
368 403
368 409
368 460
368 464
368 483
368 494
369 385
369 390
369 391
369 407
369 456
369 471
369 475
370 378
370 399
370 405
370 460
370 468
370 493
371 380
371 390
371 410
371 436
371 458
371 471
372 379
372 381
372 386
372 426
372 430
372 464
372 465
373 380
373 391
373 395
373 397
373 432
373 451
373 455
373 465
373 471
373 476
373 480
374 389
374 394
374 400
374 430
374 456
374 460
374 482
374 486
375 389
375 400
375 432
375 470
375 471
375 479
375 482
375 495
376 379
376 381
376 383
376 438
376 463
376 471
377 383
377 398
377 421
377 429
377 442
377 459
378 388
378 396
378 405
378 406
378 428
378 453
378 455
378 456
379 410
379 487
380 388
380 405
380 453
381 455
381 467
381 482
382 404
382 406
382 413
382 459
382 485
382 492
383 385
383 392
383 422
383 454
383 470
383 495
383 497
384 404
384 406
384 463
384 480
384 498
385 406
385 408
385 412
385 448
385 463
386 406
386 410
386 444
386 466
387 391
387 399
387 401
387 457
387 499
388 408
388 431
388 447
388 450
388 497
389 446
390 392
390 419
390 420
390 422
390 429
390 432
390 434
390 472
391 401
391 440
391 460
391 477
391 499
392 400
392 452
392 453
392 456
392 473
393 407
393 441
393 469
394 407
394 410
394 433
394 443
394 454
394 466
395 407
395 413
395 433
395 434
395 493
396 432
396 434
396 481
396 482
397 410
397 415
397 432
397 448
397 452
397 464
397 486
397 488
397 495
398 414
398 428
398 475
398 497
399 422
399 425
399 462
399 476
399 492
399 498
400 405
400 415
400 416
400 419
400 422
400 430
400 466
401 439
401 443
401 481
401 494
402 405
402 407
402 411
402 451
403 427
403 454
403 475
403 496
404 416
404 431
404 439
404 441
404 447
404 471
405 412
405 429
405 460
405 470
405 477
405 478
405 480
405 493
406 423
406 436
407 408
407 436
407 481
408 442
408 471
409 429
409 458
409 464
409 472
409 490
409 499
410 415
410 440
410 442
410 452
410 462
410 474
410 480
411 419
411 438
411 440
411 448
411 471
411 475
411 481
411 495
412 440
412 446
412 450
412 468
412 477
413 417
413 439
413 484
413 489
414 435
414 437
414 439
414 478
414 497
415 433
415 434
415 489
415 495
416 436
416 446
416 458
417 418
417 441
417 482
417 490
418 437
418 440
418 461
418 462
418 464
418 483
419 457
419 465
419 473
419 477
420 421
420 427
420 434
420 440
420 461
420 479
420 498
421 475
421 496
422 459
423 433
423 454
423 457
423 465
423 466
423 469
423 470
423 471
423 475
424 439
424 459
425 428
425 439
425 484
426 433
426 470
426 499
427 431
427 432
427 442
427 459
428 470
428 479
428 482
428 485
429 453
429 482
429 487
429 493
430 431
430 432
430 445
430 452
430 464
430 488
432 436
432 438
432 448
432 454
432 456
432 460
432 488
433 445
433 496
434 467
435 437
435 438
435 461
435 464
435 465
436 439
436 453
436 463
436 491
436 495
437 476
438 443
438 485
439 443
439 446
439 462
439 493
440 446
440 451
440 463
441 451
441 474
441 499
442 451
442 465
442 467
442 480
443 448
443 461
444 458
444 465
445 480
445 494
446 453
446 454
446 456
447 473
447 476
447 499
448 451
448 454
448 459
448 461
448 468
448 498
449 467
450 452
450 462
450 473
450 477
450 494
451 465
451 473
451 489
451 492
451 494
452 462
452 466
453 492
454 459
454 481
455 472
455 499
456 483
457 462
457 479
457 496
458 460
458 464
458 484
459 491
460 463
460 473
460 493
461 462
462 492
464 469
464 479
464 487
466 478
466 483
467 472
467 486
467 491
468 490
470 481
473 474
476 484
477 487
479 491
479 496
480 482
481 482
482 488
482 494
484 499
487 493
487 495
488 493
492 497
494 499
495 496
498 499
