0 27
0 114
0 137
0 142
0 190
0 220
0 233
0 241
0 267
0 276
0 327
1 5
1 11
1 42
1 55
1 68
1 69
1 84
1 127
1 132
1 136
1 139
1 152
1 167
1 256
1 277
1 331
1 333
1 348
2 50
2 78
2 90
2 97
2 122
2 145
2 193
2 220
2 250
2 269
2 278
2 279
2 281
2 303
3 49
3 55
3 56
3 67
3 70
3 82
3 176
3 191
3 231
3 268
3 272
3 288
3 306
3 312
3 328
3 334
3 336
3 346
4 17
4 24
4 39
4 90
4 118
4 126
4 165
4 185
4 226
4 237
4 240
4 282
4 287
4 307
4 336
4 343
5 26
5 32
5 84
5 85
5 91
5 110
5 133
5 134
5 144
5 156
5 161
5 188
5 234
5 244
5 246
5 289
5 332
6 14
6 19
6 36
6 62
6 89
6 136
6 141
6 177
6 206
6 217
6 235
6 241
6 274
6 302
7 55
7 69
7 90
7 91
7 172
7 283
7 325
8 30
8 36
8 37
8 41
8 64
8 89
8 127
8 157
8 198
8 217
8 220
8 239
8 253
8 288
8 300
8 306
9 39
9 40
9 50
9 63
9 102
9 103
9 107
9 110
9 122
9 150
9 155
9 192
9 217
9 220
9 283
9 302
9 328
9 330
9 336
9 342
9 349
10 30
10 53
10 69
10 81
10 181
10 213
10 239
10 248
10 253
10 256
10 273
10 290
10 300
10 310
10 325
10 344
11 29
11 54
11 65
11 70
11 83
11 99
11 108
11 124
11 127
11 135
11 147
11 182
11 192
11 199
11 246
11 317
11 339
12 24
12 36
12 51
12 58
12 61
12 64
12 81
12 84
12 148
12 171
12 177
12 180
12 181
12 183
12 222
12 228
12 241
12 277
12 336
13 27
13 35
13 65
13 149
13 167
13 168
13 235
13 290
14 23
14 26
14 30
14 33
14 45
14 114
14 177
14 232
14 312
14 316
14 320
15 34
15 85
15 92
15 99
15 107
15 135
15 156
15 175
15 189
15 193
15 213
15 233
15 243
15 247
15 256
15 257
15 269
15 277
15 302
15 304
15 332
16 30
16 32
16 33
16 35
16 39
16 58
16 78
16 132
16 164
16 172
16 232
16 265
16 267
16 275
16 278
16 295
16 310
16 311
16 341
17 28
17 32
17 58
17 64
17 77
17 113
17 129
17 197
17 205
17 206
17 243
17 258
17 313
17 326
17 344
18 38
18 79
18 85
18 117
18 148
18 162
18 203
18 209
18 214
18 220
18 235
18 239
18 245
18 249
18 262
18 271
18 273
18 284
18 298
18 309
18 325
19 44
19 45
19 49
19 71
19 81
19 84
19 111
19 148
19 165
19 176
19 200
19 201
19 213
19 219
19 246
19 269
19 294
19 317
19 347
19 349
20 32
20 36
20 50
20 120
20 132
20 149
20 167
20 221
20 222
20 242
20 268
20 302
20 308
20 313
20 316
20 336
20 346
21 42
21 70
21 100
21 111
21 121
21 126
21 132
21 154
21 203
21 216
21 220
21 239
21 250
21 276
21 291
21 296
21 302
22 47
22 62
22 65
22 67
22 72
22 120
22 121
22 124
22 152
22 167
22 265
22 270
23 37
23 52
23 58
23 68
23 86
23 100
23 101
23 117
23 141
23 145
23 200
23 255
23 256
23 258
23 302
23 313
23 315
23 316
23 342
24 28
24 45
24 52
24 80
24 95
24 99
24 113
24 118
24 130
24 131
24 174
24 255
24 256
24 278
24 281
24 305
24 307
24 327
25 48
25 76
25 77
25 99
25 141
25 159
25 184
25 192
25 202
25 206
25 229
25 249
25 275
25 320
25 344
26 79
26 86
26 96
26 117
26 154
26 159
26 163
26 205
26 207
26 219
26 238
26 250
26 254
26 273
26 281
26 297
26 320
26 323
26 328
27 30
27 33
27 34
27 35
27 55
27 89
27 102
27 115
27 164
27 167
27 169
27 179
27 183
27 198
27 204
27 213
27 234
27 255
27 285
27 286
28 44
28 52
28 78
28 95
28 99
28 103
28 106
28 173
28 198
28 216
28 241
28 270
28 288
28 321
28 340
29 38
29 53
29 86
29 97
29 143
29 144
29 156
29 157
29 158
29 161
29 166
29 169
29 189
29 196
29 269
29 283
29 299
29 326
30 86
30 88
30 153
30 192
30 219
30 223
30 234
30 256
30 284
30 286
30 299
30 305
30 307
30 322
31 41
31 99
31 103
31 111
31 123
31 133
31 149
31 177
31 210
31 229
31 241
31 265
31 271
31 292
31 304
31 307
31 344
32 38
32 56
32 87
32 93
32 94
32 99
32 110
32 118
32 196
32 219
32 276
32 307
33 43
33 92
33 123
33 154
33 162
33 165
33 192
33 211
33 216
33 232
33 242
33 307
33 322
34 78
34 114
34 115
34 119
34 122
34 211
34 212
34 224
34 228
34 230
34 236
34 259
34 261
34 268
34 339
35 89
35 102
35 109
35 160
35 173
35 185
35 201
35 209
35 221
35 231
35 247
35 287
35 297
35 303
35 304
35 308
35 334
35 337
35 341
35 347
36 57
36 93
36 117
36 140
36 206
36 234
36 238
36 248
36 252
36 254
36 279
36 287
36 329
36 334
37 40
37 57
37 65
37 91
37 93
37 94
37 130
37 133
37 141
37 168
37 190
37 244
37 271
37 275
37 282
37 285
37 293
37 329
37 338
38 45
38 71
38 85
38 86
38 88
38 162
38 184
38 253
38 279
38 291
38 299
38 316
38 346
39 71
39 77
39 173
39 177
39 251
39 253
39 341
40 55
40 96
40 100
40 145
40 196
40 207
40 208
40 212
40 221
40 247
40 257
40 267
40 314
40 328
41 43
41 103
41 112
41 129
41 175
41 179
41 189
41 193
41 202
41 205
41 208
41 239
41 251
41 265
41 275
41 294
42 57
42 59
42 62
42 70
42 72
42 83
42 85
42 94
42 95
42 103
42 130
42 139
42 140
42 152
42 169
42 172
42 173
42 223
42 224
42 232
42 244
42 263
42 282
42 288
42 309
42 324
42 331
42 333
43 44
43 74
43 86
43 89
43 94
43 95
43 125
43 134
43 161
43 179
43 191
43 210
43 223
43 243
43 261
43 275
43 325
43 345
44 49
44 50
44 54
44 60
44 65
44 81
44 84
44 115
44 117
44 122
44 130
44 179
44 214
44 223
44 233
44 241
44 276
44 335
45 55
45 106
45 108
45 113
45 115
45 116
45 128
45 144
45 148
45 151
45 184
45 202
45 206
45 208
45 246
45 252
45 271
45 277
45 281
46 60
46 61
46 64
46 82
46 89
46 96
46 140
46 142
46 148
46 157
46 166
46 239
46 245
46 260
46 289
46 333
47 94
47 102
47 128
47 133
47 172
47 179
47 227
47 229
47 236
47 275
47 316
48 52
48 53
48 56
48 62
48 65
48 66
48 77
48 82
48 93
48 99
48 101
48 123
48 171
48 189
48 200
48 202
48 207
48 250
48 292
48 296
48 313
48 314
48 318
48 335
48 345
49 66
49 76
49 90
49 133
49 159
49 170
49 179
49 185
49 198
49 204
49 211
49 224
49 260
49 309
49 321
49 333
50 59
50 61
50 63
50 70
50 81
50 97
50 101
50 130
50 139
50 166
50 181
50 219
50 238
50 260
50 266
50 269
50 272
50 302
50 315
50 316
50 327
50 337
51 64
51 66
51 111
51 129
51 140
51 148
51 164
51 172
51 192
51 216
51 223
51 229
51 245
51 250
51 263
51 287
51 300
51 339
52 130
52 141
52 159
52 175
52 235
52 262
52 273
52 282
52 304
52 306
52 311
52 324
52 332
52 338
52 341
53 65
53 114
53 133
53 137
53 138
53 174
53 212
53 236
53 277
53 289
53 292
53 297
53 301
53 321
54 104
54 108
54 117
54 119
54 124
54 143
54 145
54 156
54 186
54 195
54 209
54 233
54 235
54 276
54 317
55 57
55 63
55 90
55 136
55 162
55 169
55 178
55 220
55 234
55 256
55 265
55 291
55 292
55 299
55 302
55 328
55 348
56 87
56 102
56 105
56 114
56 131
56 166
56 171
56 183
56 205
56 222
56 223
56 233
56 243
56 298
56 302
56 311
56 318
56 323
56 336
57 89
57 181
57 235
57 237
57 262
57 280
57 300
57 312
57 343
57 349
58 69
58 96
58 119
58 126
58 143
58 183
58 189
58 199
58 200
59 75
59 116
59 120
59 123
59 186
59 190
59 215
59 225
59 235
59 251
59 254
59 261
59 271
59 294
59 320
60 67
60 79
60 93
60 95
60 106
60 133
60 160
60 163
60 168
60 179
60 226
60 260
60 309
60 310
60 333
61 71
61 77
61 86
61 92
61 109
61 115
61 135
61 147
61 179
61 189
61 196
61 200
61 227
61 229
61 234
61 257
61 286
61 289
61 349
62 64
62 97
62 102
62 176
62 198
62 200
62 206
62 239
62 246
62 258
62 297
62 325
62 344
62 347
63 80
63 90
63 92
63 98
63 116
63 124
63 175
63 178
63 185
63 202
63 209
63 216
63 272
63 289
63 293
63 311
63 329
64 65
64 71
64 83
64 105
64 142
64 162
64 185
64 193
64 215
64 216
64 239
64 325
64 348
65 77
65 97
65 100
65 107
65 115
65 146
65 156
65 160
65 239
65 266
65 271
65 276
65 277
65 279
65 283
65 290
65 315
65 323
66 110
66 122
66 152
66 154
66 188
66 195
66 200
66 201
66 209
66 270
66 275
66 288
66 313
66 325
66 337
66 345
67 72
67 90
67 91
67 113
67 117
67 134
67 137
67 175
67 230
67 287
67 298
67 310
67 344
67 347
68 83
68 104
68 144
68 177
68 231
68 292
68 295
68 301
69 89
69 98
69 102
69 124
69 186
69 209
69 265
69 319
69 336
70 79
70 134
70 179
70 284
70 286
70 293
70 298
70 335
71 104
71 113
71 123
71 157
71 177
71 209
71 212
71 220
71 232
71 247
71 259
71 261
71 264
71 297
71 301
71 327
71 331
71 332
71 335
71 343
72 96
72 145
72 169
72 207
72 254
72 257
72 261
72 313
72 323
73 78
73 82
73 100
73 130
73 132
73 140
73 172
73 181
73 203
73 208
73 214
73 220
73 302
73 312
73 313
73 327
73 341
74 75
74 102
74 107
74 125
74 137
74 141
74 166
74 168
74 170
74 189
74 209
74 219
74 228
74 255
74 256
74 272
74 279
74 285
74 286
74 287
74 339
75 88
75 92
75 93
75 167
75 171
75 184
75 190
75 221
75 236
75 291
75 308
75 321
75 326
75 345
75 346
76 78
76 91
76 141
76 154
76 163
76 228
76 308
76 339
76 341
77 89
77 106
77 112
77 126
77 175
77 256
77 310
77 335
78 85
78 92
78 129
78 205
78 210
78 233
78 240
78 261
78 295
79 89
79 126
79 133
79 172
79 174
79 183
79 201
79 202
79 209
79 222
79 239
79 240
79 305
79 314
79 347
80 86
80 104
80 132
80 133
80 184
80 216
80 239
80 263
80 285
80 308
80 313
80 348
81 90
81 98
81 105
81 120
81 126
81 162
81 173
81 176
81 183
81 204
81 206
81 225
81 271
81 291
81 297
81 312
81 333
81 348
82 105
82 109
82 110
82 143
82 167
82 191
82 240
82 241
82 326
83 114
83 122
83 143
83 177
83 180
83 191
83 202
83 237
83 243
83 263
83 304
84 85
84 117
84 153
84 199
84 270
84 274
84 290
84 327
84 336
85 115
85 116
85 129
85 152
85 178
85 203
85 229
85 248
85 276
85 286
85 289
85 292
85 308
85 318
85 328
85 337
85 340
86 113
86 171
86 185
86 209
86 218
86 230
86 245
86 303
86 305
86 316
86 347
87 129
87 166
87 175
87 213
87 289
87 321
87 322
88 99
88 135
88 155
88 177
88 191
88 206
88 210
88 225
88 250
88 291
88 296
88 301
88 315
88 332
89 126
89 134
89 171
89 210
89 222
89 229
89 242
89 246
89 252
89 256
89 264
89 272
89 278
89 295
89 307
89 308
89 313
89 314
89 340
90 96
90 122
90 140
90 146
90 150
90 157
90 199
90 252
90 257
90 271
90 276
90 293
90 303
90 322
90 328
90 332
90 348
91 153
91 160
91 179
91 203
91 232
91 248
91 253
91 292
92 93
92 105
92 114
92 116
92 127
92 142
92 152
92 215
92 225
92 261
92 287
92 305
92 318
92 323
92 326
92 339
93 100
93 127
93 128
93 129
93 146
93 154
93 162
93 193
93 204
93 208
93 215
93 219
93 238
93 259
93 260
93 266
93 276
93 339
94 103
94 128
94 180
94 191
94 221
94 241
94 242
94 250
94 257
94 265
94 272
94 275
94 284
94 295
94 312
94 314
94 316
94 319
94 349
95 98
95 122
95 145
95 184
95 234
95 255
95 256
95 275
95 286
95 293
95 310
95 342
96 139
96 233
96 234
96 272
96 306
96 310
96 330
96 337
96 342
97 106
97 151
97 191
97 202
97 216
97 226
97 292
97 314
97 329
97 333
98 107
98 112
98 152
98 190
98 203
98 271
98 285
98 298
98 308
98 330
98 346
99 122
99 135
99 142
99 148
99 176
99 177
99 179
99 237
99 271
99 278
99 292
99 309
100 109
100 110
100 127
100 131
100 161
100 178
100 203
100 210
100 223
100 233
100 265
100 276
100 281
100 285
100 307
100 311
100 312
100 319
100 342
101 125
101 129
101 149
101 165
101 171
101 173
101 182
101 194
101 209
101 222
101 224
101 247
101 280
101 341
101 342
102 104
102 134
102 200
102 212
102 240
102 271
102 287
102 332
102 333
103 150
103 166
103 170
103 213
103 229
103 234
103 235
103 246
103 270
103 271
103 275
103 344
104 111
104 137
104 167
104 184
104 189
104 196
104 197
104 232
104 242
104 256
104 257
104 277
104 289
104 298
104 324
105 136
105 145
105 184
105 192
105 203
105 213
105 247
105 271
105 289
105 314
106 140
106 185
106 193
106 225
106 228
106 247
106 270
106 298
106 320
107 124
107 223
107 231
107 252
107 259
107 276
107 290
107 294
107 317
107 334
108 111
108 131
108 152
108 163
108 180
108 185
108 188
108 222
108 226
108 244
108 251
108 252
108 261
108 268
108 277
108 293
108 302
108 323
109 121
109 123
109 160
109 167
109 186
109 192
109 204
109 206
109 218
109 224
109 230
109 236
109 256
109 276
109 278
109 313
109 330
109 336
109 343
110 126
110 128
110 130
110 131
110 138
110 152
110 166
110 190
110 219
110 258
110 262
110 264
110 299
110 306
110 310
110 322
110 338
111 123
111 156
111 157
111 223
111 227
111 246
111 254
111 259
111 306
111 321
112 113
112 135
112 156
112 162
112 191
112 227
112 234
112 273
112 301
113 163
113 166
113 174
113 185
113 193
113 205
113 236
113 244
113 295
113 297
113 314
113 316
113 336
113 339
113 343
114 120
114 133
114 200
114 202
114 218
114 233
114 245
114 251
114 253
114 256
114 263
114 282
114 304
115 164
115 179
115 222
115 234
115 251
115 257
115 268
115 305
116 129
116 190
116 191
116 206
116 235
116 279
116 315
116 320
116 323
116 340
117 133
117 135
117 148
117 160
117 164
117 178
117 206
117 207
117 211
117 225
117 230
117 245
117 253
117 272
117 281
117 290
117 302
117 318
117 329
117 334
117 348
118 140
118 181
118 186
118 236
118 239
118 242
118 266
118 271
118 275
118 288
118 313
118 324
118 345
119 142
119 190
119 196
119 257
120 137
120 185
120 187
120 209
120 241
120 254
120 276
120 325
120 329
120 335
121 141
121 164
121 174
121 175
121 184
121 205
121 211
121 226
121 237
121 243
121 278
121 294
121 306
121 315
121 327
122 145
122 154
122 166
122 169
122 179
122 240
122 265
122 270
122 275
122 340
123 126
123 185
123 189
123 209
123 222
123 236
123 278
123 317
123 322
123 327
124 128
124 136
124 151
124 176
124 177
124 199
124 219
124 225
124 249
124 265
124 268
124 272
124 278
124 279
124 324
124 348
125 141
125 142
125 145
125 202
125 225
125 270
125 282
125 298
125 320
125 321
125 339
126 132
126 163
126 165
126 198
126 200
126 209
126 282
126 316
127 140
127 146
127 151
127 190
127 210
127 266
127 288
127 289
127 294
127 301
127 304
127 322
128 138
128 143
128 171
128 198
128 199
128 222
128 256
128 268
128 294
128 303
128 325
129 137
129 227
129 235
129 237
129 243
129 247
129 277
129 288
129 302
129 345
129 347
130 134
130 166
130 193
130 211
130 221
130 225
130 242
130 253
130 289
130 323
130 328
130 335
131 137
131 158
131 206
131 217
131 223
131 230
131 253
131 256
131 294
131 329
132 148
132 164
132 198
132 225
132 228
132 236
132 241
132 247
132 258
132 263
132 322
133 202
133 236
133 252
133 263
133 269
133 278
133 318
133 334
133 345
134 213
134 218
134 220
134 249
134 287
134 329
134 342
135 143
135 147
135 171
135 176
135 270
135 296
135 326
135 333
136 229
136 262
136 263
136 278
136 283
136 291
136 302
136 313
136 319
136 334
136 346
137 171
137 184
137 252
137 263
137 307
137 326
137 331
137 342
138 150
138 155
138 157
138 158
138 161
138 188
138 225
138 233
138 255
138 277
138 284
138 289
138 301
138 314
138 317
138 324
138 327
138 336
138 337
139 193
139 197
139 209
139 212
139 242
139 249
139 277
139 283
139 318
139 325
140 151
140 173
140 178
140 183
140 198
140 223
140 283
140 304
140 347
141 170
141 180
141 183
141 184
141 185
141 195
141 275
141 292
141 297
141 300
141 322
141 349
142 150
142 170
142 199
142 217
142 226
142 272
142 291
142 322
143 151
143 180
143 185
143 199
143 229
143 239
143 274
143 284
143 312
144 148
144 174
144 182
144 206
144 258
144 277
144 303
144 317
144 334
144 348
145 161
145 198
145 209
145 266
145 301
145 322
145 338
145 340
146 149
146 204
146 213
146 241
146 250
146 254
146 275
146 279
146 322
146 347
147 177
147 201
147 226
147 230
147 242
147 260
147 294
147 333
147 346
147 348
148 186
148 187
148 236
148 271
148 288
148 297
148 324
149 160
149 165
149 215
149 219
149 221
149 223
149 233
149 299
149 301
149 312
149 343
149 347
150 154
150 219
150 226
150 242
150 256
150 278
150 295
150 329
150 337
150 348
151 167
151 238
151 241
151 244
151 256
151 260
151 337
152 189
152 192
152 209
152 210
152 227
152 239
152 245
152 263
152 301
152 305
152 320
152 332
153 172
153 225
153 234
153 304
154 235
154 254
154 278
154 305
154 313
154 337
154 345
155 177
155 206
155 211
155 243
155 280
155 282
155 308
155 343
155 345
155 346
156 190
156 207
156 263
156 283
156 295
156 299
157 230
157 232
157 234
157 235
157 242
157 265
157 289
157 317
157 338
158 186
158 210
158 211
158 226
158 250
158 286
158 287
158 302
158 339
159 194
159 215
159 242
159 245
159 262
159 271
159 279
159 280
159 294
159 343
160 205
160 208
160 293
160 297
160 346
161 170
161 197
161 203
161 225
161 238
161 258
161 266
161 337
161 341
162 174
162 188
162 206
162 227
162 236
162 254
162 260
162 262
162 292
162 309
162 338
163 192
163 254
163 263
163 270
163 281
163 300
164 167
164 182
164 207
164 214
164 219
164 240
164 247
164 270
164 311
164 330
164 340
165 178
165 223
165 228
165 253
165 274
165 287
165 324
165 339
165 347
166 202
166 213
166 218
166 224
166 237
166 257
166 296
166 304
166 332
166 348
167 175
167 182
167 211
167 222
167 233
167 255
167 268
167 288
167 298
167 308
167 336
168 170
168 174
168 215
168 247
168 263
168 268
168 274
168 285
168 300
168 325
169 186
169 223
169 228
169 234
169 265
169 280
169 281
169 317
170 178
170 182
170 214
170 217
170 249
170 253
170 254
170 263
170 282
170 302
170 317
170 335
171 172
171 198
171 218
171 270
171 278
171 307
171 318
171 322
171 335
172 174
172 196
172 208
172 232
172 268
172 270
172 307
172 318
172 338
173 219
173 226
173 232
173 256
173 268
173 284
173 292
173 308
173 327
173 343
174 232
174 249
174 255
174 298
174 345
174 349
175 199
175 201
175 224
175 251
175 338
176 179
176 184
176 189
176 200
176 239
176 271
176 279
176 295
176 304
176 319
176 345
177 199
177 202
177 211
177 276
177 285
177 315
177 327
177 342
178 182
178 189
178 190
178 194
178 202
178 204
178 218
178 238
178 248
178 265
178 273
178 291
178 299
178 307
178 331
179 188
179 201
179 232
179 256
179 279
179 299
179 305
179 326
179 345
180 185
180 256
180 277
180 295
180 297
180 314
180 323
180 330
180 349
181 201
181 202
181 261
181 266
181 281
181 282
181 288
181 322
181 334
182 198
182 205
182 221
182 226
182 247
182 302
182 331
182 348
183 188
183 217
183 247
183 262
183 265
183 306
183 321
183 325
183 328
183 337
183 341
184 211
184 218
184 237
184 277
184 283
184 306
184 339
184 342
185 203
185 216
185 291
185 314
186 204
186 210
186 218
186 260
186 262
186 325
186 336
186 348
187 206
187 285
187 298
187 309
187 331
188 200
188 217
188 221
188 301
189 193
189 200
189 210
189 227
189 236
189 302
189 303
189 311
189 313
189 314
189 319
189 326
190 201
190 205
190 239
190 251
190 264
190 265
190 274
190 288
190 343
191 228
191 253
191 262
191 276
191 313
191 328
191 330
192 241
192 250
192 253
192 255
192 307
192 316
193 209
193 227
193 233
193 255
193 282
193 348
194 212
194 213
194 219
194 223
194 307
194 319
194 329
195 208
195 211
195 242
195 257
195 264
195 283
195 303
195 311
195 322
196 217
196 256
196 265
196 287
196 289
197 202
197 208
197 247
197 249
197 255
197 316
198 207
198 293
198 298
198 301
198 305
198 313
198 320
199 207
199 226
199 233
199 255
199 256
199 267
199 269
199 282
199 288
199 300
199 315
199 330
200 221
200 232
200 257
200 258
200 288
200 306
200 309
200 319
201 203
201 226
201 227
201 260
201 291
201 338
201 341
202 211
202 233
202 239
202 263
202 266
202 287
202 294
202 321
202 347
203 230
203 246
203 250
203 270
203 276
203 303
203 325
203 345
204 216
204 220
204 232
204 250
204 254
204 257
204 290
204 323
204 338
205 259
205 294
205 326
205 332
206 209
206 235
206 238
206 337
207 215
207 236
207 250
207 266
207 336
208 210
208 239
208 242
208 266
208 272
208 281
208 287
208 299
208 312
208 336
208 346
209 214
209 243
209 250
209 266
209 275
209 290
209 301
209 327
209 339
210 223
210 242
210 249
210 250
210 294
210 324
211 251
211 281
211 315
211 321
211 343
212 213
212 223
212 228
212 243
212 274
212 279
212 281
212 335
212 346
213 218
213 237
213 248
213 267
213 337
213 338
213 342
214 222
214 238
214 272
214 289
214 297
214 298
214 306
214 314
215 226
215 227
215 241
215 245
215 266
215 268
215 287
215 300
215 304
215 338
215 339
215 340
215 344
215 346
216 223
216 232
216 247
216 248
216 269
216 297
216 312
216 329
217 220
217 227
217 284
218 241
218 242
218 249
218 267
218 303
218 308
218 343
218 345
219 234
219 277
219 294
219 315
220 236
220 248
220 279
220 283
220 284
220 291
220 311
220 321
220 330
220 333
221 226
221 227
221 275
221 283
222 235
222 247
222 248
222 251
222 253
222 263
222 284
222 294
222 307
222 328
223 230
223 321
224 237
224 243
224 249
224 261
224 312
224 340
225 255
225 265
225 271
225 307
225 315
225 325
226 243
226 257
226 279
226 292
226 304
226 344
227 248
227 252
227 268
227 270
227 294
227 304
227 348
228 234
228 243
228 266
228 320
228 343
229 236
229 252
229 256
229 257
229 275
229 288
229 336
230 239
230 260
230 264
230 273
230 294
230 308
230 316
230 325
230 346
231 250
231 269
231 295
231 302
231 335
232 325
232 345
233 263
233 272
233 274
233 287
233 289
233 296
233 324
234 252
234 284
234 317
234 325
235 251
235 263
235 292
235 316
235 329
235 333
236 241
236 265
236 268
236 277
236 285
236 293
236 295
236 303
236 308
236 332
237 250
237 265
237 293
238 263
238 284
238 325
238 335
238 344
239 272
239 282
239 288
239 293
239 295
239 297
239 310
239 343
240 260
240 264
240 279
240 312
240 316
240 318
241 256
241 264
241 271
241 322
242 253
242 271
242 288
242 299
242 314
242 318
242 331
242 332
242 338
242 348
243 251
243 254
243 270
243 303
243 325
244 246
244 260
244 266
244 280
244 281
244 292
244 304
244 323
244 326
244 330
245 254
245 314
245 343
246 252
246 257
246 292
246 296
246 309
247 258
247 263
247 273
247 292
247 323
247 338
247 342
248 265
248 279
248 285
248 332
249 269
249 307
249 322
249 346
250 257
250 265
250 269
250 293
250 327
250 331
251 292
251 312
251 318
252 321
252 342
252 348
253 263
253 281
254 270
254 274
254 276
254 306
254 340
254 341
254 344
255 267
255 290
255 326
255 339
256 296
256 300
256 328
256 341
257 268
257 271
257 306
257 312
257 328
257 336
257 345
257 348
258 267
258 287
258 300
258 311
258 316
259 291
259 331
259 335
260 275
260 324
261 328
262 312
262 333
262 339
263 270
263 271
263 326
263 329
264 265
264 291
264 305
264 345
265 309
265 312
265 344
265 347
266 291
266 293
266 300
266 346
267 282
267 284
267 299
267 308
267 322
267 325
267 335
268 269
268 300
268 324
269 281
269 301
270 331
271 280
271 323
273 314
273 330
274 279
274 290
274 324
275 329
276 296
276 346
277 281
277 307
277 309
277 349
278 281
278 284
278 346
279 284
279 296
279 307
279 325
280 300
280 302
280 307
280 316
280 319
280 327
280 329
280 330
280 342
280 343
281 288
281 290
281 346
281 347
282 283
282 297
282 305
282 316
282 335
282 343
283 313
283 316
283 328
284 292
284 311
285 292
285 320
285 334
285 339
286 321
287 306
287 329
289 318
289 321
289 326
289 331
289 341
290 335
290 344
291 311
291 312
292 315
292 325
292 329
293 332
294 307
294 321
294 339
295 298
295 300
295 317
295 330
296 297
296 298
296 314
296 339
297 299
297 333
297 345
298 306
298 312
298 331
298 341
300 310
300 311
300 328
301 305
303 309
303 319
303 320
303 321
303 323
304 311
304 345
305 309
305 312
305 318
306 337
307 308
307 325
308 310
308 349
309 314
309 340
310 320
310 321
310 327
310 348
313 327
313 334
314 340
315 340
316 338
318 322
320 334
320 339
320 348
321 332
322 334
322 347
324 344
326 342
326 344
327 329
327 341
328 342
329 339
331 333
331 335
331 336
331 337
331 341
333 337
335 343
336 340
337 339
337 343
342 345
344 345
346 348
