0 1
0 349
0 2
0 348
0 252
1 2
1 270
2 3
2 4
2 254
3 4
3 5
3 196
4 274
4 249
5 6
5 219
6 8
6 110
7 8
7 287
7 220
8 9
8 10
9 10
9 11
10 11
10 12
10 202
11 12
11 13
12 13
12 281
13 14
13 15
14 15
14 16
15 16
15 17
16 17
16 18
16 151
17 278
17 276
18 19
18 161
19 20
19 21
19 56
20 21
20 22
20 43
21 22
21 77
21 56
22 23
22 24
23 24
23 25
23 194
24 25
24 26
24 188
25 26
25 27
26 27
26 211
27 28
27 29
27 76
28 29
28 30
28 95
29 30
29 31
30 31
30 32
30 198
31 32
31 33
32 33
32 346
33 34
33 35
34 35
34 36
35 36
35 37
36 37
36 38
36 96
37 38
37 39
38 39
38 40
39 40
39 41
40 41
40 42
40 178
41 42
41 43
42 43
42 44
43 44
44 45
44 46
45 46
45 47
46 48
46 349
47 48
47 49
48 49
48 261
49 50
49 51
50 51
50 282
51 52
51 53
52 53
52 54
52 170
53 55
53 281
54 56
54 94
54 317
55 56
55 57
56 58
56 170
56 349
57 58
57 59
57 101
58 59
58 60
59 60
59 61
60 61
60 62
60 346
61 62
61 178
62 63
62 64
63 64
63 65
64 65
64 66
64 302
65 66
65 67
65 304
66 67
66 68
66 71
67 68
67 69
68 69
68 70
69 70
69 71
70 71
70 72
71 73
72 73
72 74
73 74
73 75
74 261
74 116
75 76
75 77
75 204
76 78
77 79
78 79
78 80
79 80
79 81
80 84
80 276
81 82
81 83
82 83
82 84
83 84
83 85
84 85
84 86
84 308
85 86
85 87
85 182
85 137
86 240
86 157
86 299
87 88
87 89
88 89
88 90
89 90
89 91
90 91
90 92
91 92
91 93
92 93
92 94
93 94
93 95
94 95
94 96
95 96
96 97
97 98
97 99
98 99
98 100
99 100
99 101
100 101
100 102
101 103
102 103
102 104
103 104
103 105
104 105
104 106
105 106
105 107
106 107
106 108
107 108
107 122
108 109
108 110
109 110
109 335
110 111
110 112
110 264
111 112
111 113
112 300
112 248
113 114
113 115
114 115
114 116
115 117
115 304
116 117
116 307
117 118
117 119
118 119
118 120
119 120
119 121
120 121
120 122
121 122
121 123
122 123
122 124
123 124
123 125
124 125
124 126
125 126
125 127
126 127
126 128
127 128
127 129
128 129
128 284
129 130
129 131
130 131
130 132
131 132
131 133
132 133
132 134
133 134
133 135
134 135
134 136
135 136
135 137
136 137
136 138
137 138
138 139
138 140
139 140
139 141
140 141
140 142
140 293
141 142
141 143
142 143
142 144
143 144
143 145
143 155
144 145
144 146
144 239
145 146
145 147
146 147
146 148
147 148
147 149
148 149
148 150
149 150
149 151
150 151
150 321
151 153
152 153
152 154
153 155
153 235
154 155
154 156
155 157
156 157
156 158
157 158
157 180
158 159
158 160
159 160
159 161
160 161
160 192
160 328
161 162
161 163
162 163
162 164
163 164
163 165
164 165
164 166
165 167
165 327
166 167
166 168
167 168
167 169
168 169
168 170
169 170
169 171
171 172
171 173
172 173
172 174
173 174
173 175
174 175
174 176
175 176
175 177
176 177
176 178
177 178
177 179
178 180
179 180
179 181
180 181
180 182
181 182
181 319
182 184
183 184
183 185
184 185
184 186
185 186
185 187
186 187
186 188
187 188
187 189
188 189
189 190
189 191
190 191
190 192
191 192
191 193
192 193
192 194
193 194
193 195
194 195
195 196
195 197
196 269
197 198
197 199
198 199
199 200
199 201
200 201
200 202
201 202
201 203
202 204
203 204
203 205
204 205
205 206
205 207
206 207
206 208
207 208
207 209
208 209
208 210
209 210
209 211
210 211
210 212
211 212
211 213
212 213
212 214
212 326
213 214
213 215
214 215
214 216
214 335
215 216
215 217
216 217
216 218
217 218
217 219
217 344
218 219
218 220
219 220
219 221
220 221
220 222
221 222
221 223
222 223
222 224
223 224
223 225
224 226
224 245
225 226
225 227
226 227
226 228
227 228
227 229
228 229
228 230
228 318
229 230
229 231
230 231
230 232
231 232
231 233
232 233
232 234
233 234
233 235
234 235
234 236
235 236
235 237
236 237
236 238
237 238
237 239
238 239
238 307
239 241
240 241
240 242
241 242
241 243
242 243
242 244
243 244
243 245
244 245
244 246
245 246
245 247
246 247
246 248
247 248
247 249
248 249
248 250
249 250
249 251
250 251
250 252
251 252
251 253
252 253
253 254
253 255
254 255
255 256
255 257
255 291
256 257
256 300
257 258
257 259
258 259
258 260
259 260
259 261
260 261
260 262
261 262
261 263
261 324
262 263
262 264
263 264
263 265
264 266
265 266
265 267
266 267
266 287
267 268
267 269
268 269
268 270
269 271
269 321
270 271
270 272
270 329
271 272
271 273
272 273
272 274
273 274
273 275
274 275
274 276
275 276
275 277
276 277
276 278
277 278
277 279
277 347
278 279
278 280
279 280
279 281
280 281
280 282
281 282
281 283
282 283
282 284
283 284
283 285
284 285
284 286
285 286
285 287
286 287
286 288
287 289
288 289
288 290
289 290
289 291
290 291
290 292
290 294
291 292
292 293
292 294
293 295
294 296
295 296
295 297
296 297
296 298
297 299
297 322
298 299
298 300
299 300
300 301
300 302
301 302
301 303
302 304
303 304
303 305
304 306
305 306
305 307
306 307
306 308
307 308
307 309
308 309
309 310
309 311
310 311
310 312
311 312
311 313
312 313
312 314
313 314
313 315
314 315
314 316
315 316
315 317
316 317
316 318
317 319
318 320
319 320
319 321
320 321
320 322
321 322
321 323
322 323
322 324
323 324
323 325
324 325
325 326
325 327
326 328
327 328
327 329
328 329
329 331
330 331
330 332
331 332
331 333
332 333
332 334
333 334
333 335
334 335
334 336
335 336
336 337
336 338
337 338
337 339
338 339
338 340
339 340
339 341
340 341
340 342
341 342
341 343
342 343
342 344
343 344
343 345
344 346
345 346
345 347
346 347
347 349
348 349
