0 1
0 499
0 2
0 498
1 2
1 3
1 499
2 3
2 4
3 4
3 5
4 5
4 146
5 6
5 7
6 8
6 276
7 8
7 9
7 18
8 9
8 10
9 10
9 11
10 11
10 12
11 12
11 13
12 13
12 14
13 15
13 116
14 15
14 471
15 17
15 233
16 17
16 18
17 18
17 19
17 497
18 19
19 20
19 21
20 22
20 218
20 35
21 23
21 474
22 23
22 24
23 24
23 25
24 25
24 26
25 26
25 27
26 27
26 28
27 29
27 391
28 29
28 30
29 30
29 31
30 31
30 32
31 32
31 33
32 33
32 89
32 167
33 35
33 462
34 35
34 36
35 36
36 37
36 38
37 38
37 39
38 39
38 40
39 40
39 41
40 41
40 42
41 42
41 43
42 43
42 44
42 296
43 45
43 129
44 45
44 46
45 46
45 47
46 47
46 364
47 48
47 49
48 49
48 50
49 50
49 114
50 51
50 52
50 165
51 52
51 53
52 53
52 54
53 54
53 55
54 55
54 56
55 56
55 57
56 57
56 58
57 58
57 59
58 59
58 320
59 60
59 321
59 336
60 61
60 62
60 99
61 62
61 276
62 63
62 64
63 64
63 65
63 479
64 65
64 66
65 66
65 67
66 67
66 68
66 460
67 68
67 69
67 311
68 69
68 70
69 70
69 71
70 72
70 429
70 191
71 73
71 197
72 74
72 453
73 75
73 241
74 75
74 76
75 76
75 77
76 77
76 78
76 199
77 78
77 79
77 131
78 79
78 80
79 80
79 81
80 81
80 82
80 441
81 82
81 83
82 83
82 84
83 84
83 85
84 85
84 86
85 86
85 110
86 88
86 220
86 204
87 88
87 89
87 310
88 89
88 90
89 90
89 91
90 91
90 92
91 92
91 93
91 201
92 93
92 94
93 94
93 95
94 95
94 96
95 96
95 97
96 97
96 98
97 99
97 294
98 99
98 100
99 100
100 101
100 365
100 395
101 102
101 103
102 103
102 104
103 104
103 105
104 105
104 106
105 106
105 107
106 107
106 108
107 108
107 109
108 109
108 110
109 111
109 211
110 111
110 112
111 112
111 113
112 113
112 114
113 114
113 115
114 115
114 116
115 116
115 117
116 117
116 488
117 118
117 119
118 119
118 120
119 120
119 121
120 121
120 122
121 122
121 447
121 256
122 124
122 308
123 124
123 125
124 125
124 126
125 127
125 453
126 127
126 128
127 128
127 129
128 129
128 130
129 130
129 161
130 131
130 132
131 133
132 133
132 134
133 134
133 135
134 135
134 136
135 136
135 137
136 137
136 138
137 138
137 139
138 139
138 140
138 364
139 140
139 158
139 339
140 141
140 142
141 142
141 143
142 144
142 190
143 144
143 145
144 145
144 146
145 146
145 147
146 147
146 148
147 148
147 149
148 149
148 150
149 150
149 151
150 151
150 152
151 152
151 153
152 153
152 154
153 154
153 155
154 156
154 195
155 156
155 157
156 157
156 158
157 158
157 159
158 319
159 160
159 161
160 161
160 162
161 162
161 163
161 382
162 163
162 164
162 270
163 164
163 165
163 231
164 165
164 166
165 167
166 167
166 168
167 168
168 169
168 170
169 170
169 171
170 171
170 172
171 172
171 173
172 173
172 174
173 174
173 175
173 409
174 175
174 176
175 176
175 177
176 177
176 178
177 178
177 179
178 180
178 198
179 180
179 181
180 181
180 182
181 182
181 319
182 183
182 184
182 415
183 184
183 185
184 185
184 186
184 323
184 261
185 186
185 187
186 187
186 188
187 188
187 189
188 189
188 190
189 190
189 191
190 191
190 192
191 192
192 193
192 194
193 194
193 195
194 195
194 196
195 197
195 335
196 197
196 198
196 378
197 198
197 199
198 199
198 200
199 201
200 201
200 202
201 202
202 203
202 204
203 204
203 205
204 206
205 206
205 207
206 207
206 208
207 208
207 209
208 209
208 210
208 313
209 210
209 211
210 211
210 212
211 212
211 349
212 213
212 214
213 214
213 215
214 216
214 409
214 399
215 216
215 217
216 217
216 218
217 219
217 290
218 219
218 220
219 220
219 221
220 221
220 222
221 222
221 223
222 223
222 224
223 224
223 225
224 225
224 226
225 226
225 227
226 227
226 228
227 228
227 229
227 236
227 247
228 229
228 419
229 230
229 231
229 252
230 231
230 232
231 232
232 233
232 234
233 234
233 289
233 291
234 235
234 236
235 236
235 237
236 237
237 238
237 239
238 239
238 240
239 240
239 241
240 241
240 242
241 243
241 358
242 243
242 244
243 244
243 245
244 245
244 246
244 339
245 246
245 247
246 247
246 248
247 248
248 249
248 250
249 250
249 251
250 252
250 448
251 252
251 253
252 254
252 414
253 254
253 255
254 255
254 256
255 256
255 257
255 288
256 258
256 456
257 258
257 259
258 260
258 410
259 260
259 261
260 261
260 262
261 262
262 263
262 264
263 264
263 265
264 265
264 266
265 266
265 267
266 267
266 268
267 268
267 269
268 269
268 270
269 270
269 271
270 272
271 272
271 273
272 273
272 274
273 274
273 275
274 275
274 276
275 276
275 277
276 277
276 278
277 278
277 279
278 280
278 447
279 280
279 281
280 281
280 282
281 282
281 283
282 283
282 284
283 284
283 285
284 285
284 286
285 286
285 287
286 287
286 288
287 288
287 289
288 290
288 346
289 291
290 291
290 292
291 292
291 293
292 293
292 294
293 294
293 295
294 295
294 296
295 296
295 297
295 358
296 298
297 298
297 299
298 299
298 300
299 300
299 301
300 301
300 302
300 355
301 302
301 303
302 303
302 421
302 339
303 304
303 305
304 305
304 306
305 306
305 307
306 308
306 431
307 308
307 309
308 309
308 310
309 310
309 311
310 312
311 313
312 313
312 314
313 314
314 315
314 316
315 316
315 317
316 317
316 318
317 318
317 319
318 319
318 320
319 320
319 321
319 465
320 321
320 322
321 322
321 323
322 323
322 324
323 325
324 325
324 326
325 326
325 327
325 355
326 327
326 328
327 329
327 488
328 329
328 330
329 330
329 331
330 331
330 332
331 332
331 333
332 333
332 334
333 334
333 335
334 335
334 336
335 336
335 337
336 337
337 338
337 339
338 339
338 340
340 341
340 342
341 342
341 343
342 343
342 344
343 344
343 345
344 345
344 346
345 346
345 347
346 348
347 348
347 349
348 349
348 350
349 350
349 351
350 351
350 352
351 352
351 353
352 353
352 354
353 354
353 355
353 375
354 355
354 356
356 357
356 358
357 358
357 359
358 359
359 360
359 361
360 361
360 362
361 362
361 363
362 363
362 364
363 364
363 365
364 366
365 367
366 367
366 368
367 368
367 369
368 369
368 370
369 370
369 371
370 371
370 372
371 372
371 373
372 373
372 374
372 442
373 374
373 375
374 375
374 376
375 376
376 377
376 378
377 378
377 379
378 380
379 380
379 381
380 381
380 382
381 382
381 383
382 383
383 384
383 385
384 385
384 386
385 386
385 387
386 387
386 388
387 388
387 389
388 389
388 422
389 390
389 391
390 391
390 392
391 392
391 393
392 393
392 394
393 394
393 395
394 395
394 396
395 396
395 397
396 397
396 398
397 398
397 399
398 399
398 400
399 401
400 401
400 402
401 402
401 403
402 404
402 460
403 404
403 405
404 405
404 406
405 406
405 407
406 407
406 408
407 408
407 409
408 409
408 410
409 411
410 411
410 412
411 412
411 413
412 413
412 414
413 414
413 415
414 415
415 416
416 417
416 418
417 418
417 419
418 419
418 420
419 420
419 421
420 421
420 422
421 422
421 423
422 423
422 424
423 424
423 425
424 425
424 426
425 426
425 427
426 427
426 428
427 428
427 429
428 429
428 430
429 430
429 431
430 431
430 432
431 432
431 433
432 433
432 434
433 434
433 435
434 436
434 478
435 436
435 437
436 437
436 438
437 438
437 439
438 439
438 440
438 460
439 440
439 441
440 442
440 455
441 442
442 443
443 444
443 445
444 445
444 446
445 446
445 447
446 447
446 448
447 449
448 449
448 450
449 450
449 451
450 451
450 452
451 452
451 453
452 453
452 454
453 454
453 455
454 455
454 456
455 456
455 457
456 457
456 458
457 458
457 459
458 459
458 460
459 460
459 461
461 462
461 463
462 463
462 464
463 464
463 465
464 465
464 466
465 466
466 467
466 468
467 468
467 469
468 469
468 470
469 470
469 471
470 471
470 472
471 472
471 473
472 473
472 474
473 474
473 475
474 475
474 476
475 476
475 477
476 477
476 478
477 478
477 479
478 479
478 480
479 480
480 481
480 482
481 482
481 483
482 483
482 484
483 484
483 485
484 485
484 486
485 486
485 487
486 487
486 488
487 488
487 489
488 489
488 490
489 490
489 491
490 491
490 492
491 492
491 493
492 493
492 494
493 494
493 495
494 495
494 496
495 496
495 497
496 497
496 498
497 499
498 499
