0 1
0 199
0 2
0 198
1 2
1 3
1 199
2 4
2 7
3 4
3 5
4 5
4 6
5 6
5 7
6 7
6 100
7 9
7 73
8 9
8 104
9 10
9 11
9 123
10 11
10 39
11 12
11 13
12 13
12 14
13 15
13 137
14 15
14 16
15 16
15 198
16 17
16 18
17 18
17 19
18 19
18 20
19 20
19 21
20 21
20 22
21 22
21 23
21 97
22 23
22 24
23 24
23 25
23 93
24 25
24 26
25 26
25 27
26 27
26 28
26 150
27 28
27 182
28 29
28 30
29 31
29 55
30 31
30 32
31 33
31 125
32 33
32 34
33 34
33 35
34 35
34 36
34 133
35 37
35 176
36 37
36 38
37 38
37 39
38 39
38 40
39 40
39 41
40 41
40 42
41 42
41 43
41 46
42 43
42 58
43 44
43 45
44 45
44 46
45 46
45 47
46 47
47 48
47 49
48 49
48 50
49 50
49 51
50 51
50 52
51 52
51 53
52 53
52 54
52 142
52 98
53 54
53 55
54 55
54 56
55 56
55 57
55 194
56 57
56 58
57 58
57 59
57 184
58 59
58 60
59 60
59 61
60 61
60 62
61 62
61 63
62 63
62 64
63 64
63 65
64 65
64 66
64 130
65 66
65 67
66 67
66 68
67 68
67 69
67 81
68 69
68 70
69 70
69 71
69 103
70 71
70 72
71 72
71 73
72 73
72 74
73 74
73 75
74 75
74 76
74 192
75 76
75 77
75 157
76 77
76 78
77 78
77 79
78 79
78 80
79 80
79 81
80 81
80 82
81 173
82 83
82 84
83 85
83 97
84 86
84 155
85 86
85 87
86 87
86 88
87 88
87 89
88 89
88 90
88 159
89 90
89 91
89 124
90 91
90 92
91 92
91 93
92 93
92 94
93 121
94 95
94 96
95 96
95 97
96 97
96 98
97 98
98 99
99 100
99 101
100 101
100 102
101 102
101 103
102 103
102 158
103 104
104 105
104 106
105 106
105 148
106 107
106 108
107 108
107 109
108 109
108 110
108 153
109 110
109 111
110 111
110 112
111 112
111 113
112 113
112 114
113 114
113 115
114 115
114 116
115 116
115 117
116 117
116 118
117 118
117 119
118 119
118 120
119 120
119 121
120 121
120 122
121 122
121 123
122 123
122 124
123 124
124 125
125 126
125 127
126 128
126 145
127 128
127 129
128 129
128 130
129 130
129 131
130 195
131 132
131 133
132 133
132 170
133 135
134 135
134 145
135 136
135 137
136 137
136 138
137 138
137 139
138 139
138 140
139 140
139 141
140 141
140 155
141 142
141 143
142 144
143 144
143 145
144 145
144 146
145 146
145 147
146 147
146 148
147 148
147 149
148 149
148 150
149 150
149 151
150 151
151 152
151 153
152 153
152 154
153 155
154 155
154 156
155 156
155 157
156 157
156 158
157 159
158 159
158 160
159 161
160 161
160 162
161 162
161 163
162 163
162 164
163 164
163 165
164 165
164 166
165 166
165 167
166 167
166 168
167 168
167 169
168 169
168 170
169 170
169 171
170 171
170 172
171 172
171 173
172 173
172 174
173 174
173 175
174 175
174 176
175 176
175 177
176 177
176 178
176 184
177 178
177 179
178 179
178 180
179 180
179 181
180 181
180 182
181 182
181 183
182 183
182 184
183 184
183 185
185 186
185 187
186 187
186 188
187 188
187 189
188 189
188 190
189 190
189 191
190 191
190 192
191 192
191 193
192 193
193 194
193 195
194 196
195 196
195 197
196 197
196 198
197 198
197 199
198 199
