0 1
0 2
0 3
0 4
0 5
0 6
0 7
0 8
0 9
0 10
0 11
0 13
0 15
0 16
0 17
0 18
0 21
0 22
0 23
0 24
0 25
0 27
0 28
0 29
0 36
0 40
0 41
0 42
0 43
0 47
0 48
0 50
0 51
0 54
0 56
0 57
0 58
0 64
0 69
0 74
0 75
0 84
0 86
0 93
0 96
0 97
0 100
0 101
0 107
0 110
0 117
0 123
0 130
0 131
0 134
0 137
0 141
0 144
0 145
0 148
0 149
0 152
0 153
0 157
0 160
0 166
0 183
0 187
0 199
0 203
0 208
0 217
0 222
0 224
0 227
0 243
0 246
0 247
0 248
1 9
1 10
1 11
1 19
1 29
1 30
1 34
1 36
1 47
1 64
1 69
1 70
1 72
1 78
1 83
1 107
1 135
1 162
1 184
1 200
1 206
1 235
1 240
2 9
2 10
2 11
2 12
2 15
2 16
2 20
2 22
2 23
2 29
2 35
2 36
2 37
2 40
2 56
2 61
2 62
2 72
2 78
2 82
2 84
2 109
2 110
2 119
2 127
2 152
2 155
2 175
2 176
2 184
2 212
2 215
2 216
2 231
2 234
2 238
2 243
2 247
3 10
3 14
3 20
3 25
3 31
3 32
3 34
3 46
3 67
3 76
3 90
3 95
3 102
3 114
3 126
3 133
3 134
3 138
3 149
3 175
3 177
3 185
3 188
3 194
3 224
3 247
3 248
3 249
4 9
4 10
4 11
4 12
4 13
4 14
4 16
4 17
4 18
4 19
4 20
4 21
4 22
4 24
4 25
4 26
4 27
4 28
4 33
4 36
4 37
4 51
4 53
4 57
4 62
4 64
4 68
4 74
4 77
4 89
4 92
4 96
4 98
4 100
4 102
4 103
4 105
4 112
4 113
4 121
4 125
4 131
4 132
4 135
4 137
4 157
4 161
4 169
4 178
4 182
4 186
4 187
4 194
4 195
4 202
4 207
4 212
4 223
4 239
5 9
5 10
5 11
5 12
5 13
5 14
5 15
5 16
5 17
5 18
5 22
5 25
5 31
5 34
5 41
5 42
5 43
5 66
5 68
5 76
5 81
5 88
5 97
5 115
5 117
5 119
5 126
5 128
5 133
5 136
5 145
5 154
5 160
5 170
5 188
5 191
5 195
5 205
5 214
5 230
5 233
6 9
6 14
6 21
6 22
6 27
6 41
6 44
6 49
6 78
6 91
6 104
6 145
6 148
6 161
6 208
6 216
7 9
7 10
7 11
7 12
7 13
7 23
7 25
7 35
7 36
7 42
7 45
7 50
7 62
7 63
7 68
7 70
7 93
7 129
7 133
7 151
7 167
7 181
7 196
7 199
7 203
7 220
7 230
7 240
8 9
8 12
8 13
8 14
8 20
8 22
8 26
8 36
8 38
8 40
8 46
8 48
8 58
8 59
8 62
8 64
8 68
8 92
8 116
8 134
8 150
8 156
8 165
8 170
8 175
8 183
8 199
8 201
8 220
8 221
8 226
8 235
8 239
9 10
9 11
9 12
9 13
9 14
9 15
9 16
9 17
9 18
9 20
9 21
9 23
9 24
9 25
9 26
9 27
9 30
9 32
9 34
9 39
9 41
9 43
9 44
9 45
9 46
9 48
9 50
9 53
9 54
9 58
9 59
9 61
9 62
9 63
9 65
9 69
9 72
9 73
9 75
9 76
9 77
9 79
9 88
9 98
9 106
9 107
9 118
9 121
9 123
9 125
9 127
9 128
9 129
9 132
9 137
9 139
9 140
9 142
9 144
9 146
9 150
9 153
9 155
9 156
9 165
9 180
9 181
9 185
9 192
9 198
9 205
9 206
9 219
9 223
9 229
9 236
9 237
9 249
10 11
10 12
10 13
10 14
10 16
10 17
10 18
10 19
10 22
10 23
10 29
10 30
10 32
10 33
10 34
10 35
10 39
10 43
10 44
10 45
10 47
10 50
10 54
10 56
10 57
10 60
10 62
10 63
10 66
10 71
10 73
10 78
10 83
10 86
10 94
10 95
10 106
10 109
10 113
10 115
10 125
10 126
10 128
10 136
10 142
10 143
10 147
10 154
10 155
10 157
10 158
10 161
10 162
10 172
10 173
10 179
10 184
10 187
10 192
10 211
10 213
10 214
10 226
10 227
10 229
10 231
11 12
11 15
11 18
11 19
11 20
11 24
11 27
11 28
11 31
11 39
11 51
11 55
11 65
11 70
11 81
11 83
11 86
11 100
11 107
11 109
11 113
11 115
11 122
11 127
11 131
11 137
11 152
11 159
11 161
11 169
11 186
11 202
11 204
11 215
11 222
11 226
11 243
12 13
12 15
12 16
12 17
12 18
12 19
12 26
12 29
12 37
12 44
12 47
12 49
12 52
12 58
12 62
12 67
12 68
12 80
12 81
12 86
12 87
12 89
12 90
12 106
12 108
12 142
12 146
12 168
12 171
12 193
12 221
12 239
12 245
13 14
13 15
13 17
13 20
13 21
13 22
13 23
13 25
13 26
13 28
13 30
13 38
13 43
13 45
13 53
13 59
13 60
13 71
13 74
13 75
13 77
13 79
13 80
13 81
13 90
13 94
13 95
13 98
13 108
13 116
13 120
13 122
13 128
13 131
13 132
13 149
13 160
13 167
13 169
13 184
13 187
13 203
13 205
13 213
13 233
13 243
13 248
14 15
14 16
14 19
14 29
14 32
14 40
14 42
14 47
14 54
14 57
14 59
14 65
14 66
14 70
14 74
14 76
14 78
14 83
14 91
14 94
14 97
14 100
14 101
14 108
14 116
14 118
14 124
14 130
14 140
14 141
14 142
14 143
14 145
14 162
14 166
14 170
14 181
14 193
14 209
14 215
14 223
14 238
14 244
14 248
15 17
15 23
15 24
15 26
15 28
15 34
15 40
15 41
15 42
15 56
15 58
15 60
15 62
15 68
15 72
15 76
15 77
15 84
15 87
15 91
15 97
15 101
15 110
15 112
15 114
15 115
15 116
15 119
15 122
15 123
15 129
15 139
15 146
15 147
15 156
15 169
15 173
15 183
15 190
15 193
15 207
15 211
15 212
15 218
15 220
15 228
15 230
15 241
16 18
16 19
16 20
16 21
16 23
16 24
16 27
16 30
16 31
16 32
16 34
16 40
16 52
16 53
16 55
16 56
16 64
16 65
16 71
16 80
16 82
16 93
16 94
16 108
16 110
16 135
16 154
16 166
16 167
16 192
16 205
16 211
16 220
17 24
17 25
17 27
17 28
17 32
17 34
17 35
17 36
17 38
17 42
17 43
17 48
17 56
17 63
17 66
17 82
17 84
17 88
17 92
17 98
17 102
17 112
17 119
17 121
17 124
17 150
17 157
17 163
17 175
17 185
17 200
17 205
17 223
17 227
17 232
18 19
18 24
18 30
18 35
18 37
18 44
18 53
18 61
18 87
18 107
18 111
18 121
18 143
18 144
18 148
18 203
18 214
19 21
19 27
19 31
19 79
19 142
19 145
19 196
19 232
20 21
20 29
20 30
20 32
20 37
20 38
20 39
20 41
20 45
20 46
20 49
20 52
20 60
20 61
20 67
20 71
20 82
20 86
20 109
20 115
20 121
20 133
20 134
20 140
20 162
20 163
20 165
20 169
20 172
20 190
20 193
20 198
20 234
20 245
21 49
21 66
21 81
21 89
21 140
21 183
21 206
22 46
22 54
22 55
22 57
22 80
22 88
22 105
22 112
22 117
22 123
22 134
22 160
22 170
22 182
22 185
22 190
22 194
22 205
22 207
22 234
22 243
23 26
23 28
23 31
23 32
23 37
23 44
23 47
23 55
23 57
23 59
23 64
23 65
23 72
23 73
23 74
23 84
23 93
23 96
23 99
23 104
23 107
23 112
23 126
23 130
23 133
23 134
23 147
23 157
23 161
23 165
23 174
23 176
23 186
23 189
23 201
23 241
24 26
24 33
24 46
24 47
24 48
24 75
24 81
24 92
24 100
24 110
24 124
24 137
24 140
24 157
24 179
24 192
24 234
25 29
25 35
25 41
25 49
25 50
25 55
25 59
25 60
25 72
25 98
25 101
25 120
25 139
25 148
25 152
25 172
25 186
25 204
25 210
25 228
25 241
26 30
26 33
26 36
26 38
26 39
26 43
26 65
26 73
26 76
26 111
26 133
26 138
26 218
26 219
26 220
26 240
27 28
27 33
27 39
27 40
27 49
27 52
27 55
27 69
27 77
27 81
27 82
27 103
27 104
27 106
27 120
27 127
27 144
27 158
27 164
27 165
27 173
27 193
27 197
27 219
28 35
28 38
28 41
28 48
28 53
28 61
28 72
28 77
28 79
28 80
28 82
28 90
28 92
28 94
28 96
28 99
28 102
28 141
28 143
28 153
28 163
28 168
28 172
28 186
28 201
28 205
28 208
28 229
28 242
29 31
29 33
29 40
29 43
29 54
29 63
29 120
29 156
29 238
30 31
30 33
30 37
30 38
30 44
30 49
30 56
30 60
30 61
30 70
30 84
30 85
30 91
30 102
30 117
30 124
30 130
30 139
30 141
30 151
30 155
30 166
30 174
30 197
30 241
30 244
30 245
30 247
31 33
31 42
31 45
31 66
31 91
31 102
31 113
31 151
31 172
32 39
32 50
32 69
32 86
32 95
32 146
32 171
32 195
32 204
32 236
32 237
33 35
33 42
33 44
33 66
33 69
33 73
33 88
33 92
33 98
33 104
33 122
33 240
34 47
34 53
34 59
34 73
34 74
34 85
34 87
34 97
34 99
34 128
34 148
34 149
34 199
34 231
35 37
35 49
35 58
35 93
35 126
35 128
35 141
35 145
35 172
35 188
35 208
35 216
35 233
35 238
36 38
36 46
36 60
36 64
36 70
36 75
36 78
36 94
36 122
36 132
36 177
36 242
37 53
37 59
37 71
37 87
37 117
37 122
37 128
37 154
37 201
38 39
38 54
38 80
38 85
38 89
38 94
38 103
38 115
38 120
38 124
38 148
38 153
38 218
38 244
39 51
39 52
39 63
39 67
39 70
39 74
39 80
39 85
39 90
39 91
39 109
39 114
39 121
39 147
39 155
39 162
39 173
39 214
39 231
40 70
40 96
40 100
40 101
40 117
40 181
40 217
41 45
41 51
41 79
41 86
41 95
41 106
41 125
41 146
41 156
41 186
41 194
41 196
41 230
42 48
42 51
42 52
42 57
42 82
42 85
42 169
42 216
42 239
43 46
43 50
43 67
43 68
43 82
43 106
43 109
43 124
43 129
43 132
43 151
43 162
43 163
43 198
43 204
44 45
44 50
44 55
44 61
44 67
44 83
44 88
44 96
44 99
44 105
44 114
44 143
44 146
44 171
44 178
44 243
45 48
45 52
45 54
45 57
45 58
45 67
45 72
45 75
45 102
45 103
45 110
45 119
45 121
45 123
45 125
45 138
45 156
45 160
45 187
45 206
45 210
45 228
46 80
46 84
46 87
46 114
46 118
46 182
46 232
46 247
47 51
47 65
47 66
47 100
47 116
47 127
47 131
47 135
47 176
47 179
47 216
47 236
48 64
48 78
48 84
48 85
48 107
48 210
48 242
49 51
49 99
49 105
49 119
49 131
49 157
49 231
49 236
50 60
50 71
50 76
50 89
50 105
50 106
50 115
50 125
50 151
50 158
50 187
50 189
50 191
50 195
50 202
50 209
50 217
51 52
51 68
51 73
51 79
51 110
51 161
51 166
51 173
51 195
51 211
52 69
52 109
52 111
52 123
52 137
52 151
52 158
52 168
52 183
52 184
52 188
52 235
52 236
53 55
53 67
53 71
53 94
53 104
53 120
53 136
53 156
53 164
53 165
53 183
53 240
54 89
54 90
54 114
54 132
54 232
55 56
55 61
55 63
55 75
55 121
55 147
55 153
55 164
55 172
55 196
55 222
55 223
56 63
56 65
56 69
56 92
56 95
56 102
56 103
56 108
56 113
56 129
56 147
56 167
56 176
56 181
56 189
56 198
56 199
56 200
56 203
56 205
56 208
56 246
56 248
57 58
57 104
57 111
57 123
58 73
58 74
58 81
58 101
58 113
58 122
58 130
58 132
58 210
59 71
59 140
59 159
59 183
59 194
59 229
60 78
60 116
60 129
60 153
60 161
60 173
60 189
61 77
61 95
61 111
61 174
61 182
61 190
61 192
62 141
62 198
63 76
63 79
63 92
63 101
63 112
63 126
63 150
64 85
64 114
64 150
64 155
64 180
64 213
64 223
64 239
64 244
64 245
64 247
65 103
65 125
65 154
65 173
65 183
65 246
66 77
66 127
66 139
66 167
66 201
66 224
66 242
67 108
67 124
67 130
67 132
67 212
67 219
67 235
68 103
68 104
68 105
69 83
69 145
69 167
70 79
70 86
70 113
70 124
70 129
70 159
71 160
72 103
72 166
72 175
72 249
73 83
73 85
73 116
73 118
73 170
73 177
73 188
73 191
73 192
73 227
73 228
73 244
74 75
74 87
74 110
74 112
74 156
74 189
74 197
74 232
75 88
75 91
75 153
75 166
75 180
76 89
76 157
76 184
76 198
76 209
76 217
76 233
76 239
77 90
77 101
77 105
77 123
77 143
77 191
77 204
77 220
78 88
78 98
78 120
78 138
78 143
78 144
78 164
78 168
78 173
78 174
78 181
78 187
78 189
78 212
78 225
78 245
79 83
79 89
79 91
79 97
79 138
79 141
79 158
79 162
79 174
79 240
80 90
80 97
80 189
80 193
80 237
81 109
81 111
81 230
81 244
81 249
82 87
82 93
82 95
82 125
82 177
82 212
82 242
83 108
83 151
83 221
83 224
83 235
84 96
84 99
84 117
84 135
84 136
84 149
84 170
84 187
84 202
84 207
84 219
84 229
84 233
85 97
85 99
85 159
85 200
85 222
85 233
86 93
86 177
86 195
86 201
87 119
87 185
87 225
87 227
87 230
87 237
88 93
88 98
88 99
88 104
88 106
88 107
88 119
88 122
88 139
88 148
88 168
88 189
88 207
88 209
88 235
89 144
89 152
89 222
89 228
90 100
90 146
90 214
90 236
91 149
91 164
91 191
91 196
91 209
92 105
92 112
92 134
92 140
92 155
92 246
93 118
93 178
93 179
93 213
93 214
94 128
94 146
94 147
94 226
95 96
95 111
95 211
96 108
96 127
96 139
96 159
96 174
97 113
97 133
97 142
97 179
97 184
97 190
97 193
97 232
98 131
98 135
98 168
98 194
98 231
99 177
100 130
100 150
100 152
100 179
100 180
100 188
100 218
100 224
100 226
100 242
101 228
102 141
102 152
102 164
102 178
102 188
102 198
103 118
103 135
103 137
103 154
103 182
103 227
104 118
104 120
104 136
104 148
104 179
104 197
104 228
105 111
105 115
105 117
105 138
105 149
105 161
105 168
105 176
105 191
105 209
105 215
105 225
106 149
106 154
106 158
107 177
107 184
108 114
108 147
108 155
108 174
108 215
108 226
108 230
109 142
109 208
109 210
109 218
110 169
110 171
110 222
112 118
112 181
112 198
112 222
113 194
113 197
113 219
113 226
114 116
114 126
114 136
114 142
114 208
114 218
114 235
115 150
115 154
115 207
116 185
116 215
117 129
117 140
117 166
117 176
117 197
118 171
118 194
118 210
118 215
119 131
119 163
119 220
120 165
120 199
120 202
120 203
120 213
120 224
121 130
121 138
121 145
121 176
122 126
122 134
122 136
122 138
122 169
122 186
122 200
122 237
123 127
123 159
123 200
123 249
124 168
124 237
124 241
125 190
125 196
125 210
125 214
125 236
126 167
126 211
126 246
128 182
128 240
129 136
129 137
129 143
129 175
129 208
129 215
129 241
130 135
130 180
130 182
131 221
132 133
132 233
133 139
133 180
133 195
133 217
133 229
134 164
134 214
134 225
134 237
135 188
135 199
136 144
136 158
136 160
136 171
136 178
136 180
136 199
136 213
136 249
137 190
137 222
138 159
138 162
139 192
140 144
140 151
141 153
141 159
141 209
141 218
141 245
142 212
142 225
143 150
143 174
143 178
143 232
143 242
144 163
144 178
144 203
144 204
144 212
145 164
145 201
145 230
146 160
146 204
148 165
148 185
148 242
150 152
150 167
150 236
151 163
152 163
152 193
152 196
152 244
154 221
155 170
155 195
155 206
155 223
155 234
156 158
156 175
156 200
156 213
156 238
157 180
157 246
159 191
160 177
160 216
161 191
162 181
162 221
162 232
162 244
164 172
164 211
164 234
165 171
165 178
165 213
165 245
167 176
167 240
168 170
168 171
169 228
170 175
170 182
170 219
171 186
171 249
172 196
172 204
172 221
173 179
173 203
173 207
173 209
173 217
173 224
173 231
174 202
174 243
177 239
179 185
179 202
179 219
179 246
180 190
181 233
182 202
182 238
182 249
183 206
183 220
183 224
183 225
183 227
184 206
186 238
187 197
189 192
189 206
189 217
189 225
190 200
190 211
191 225
192 197
192 201
192 234
193 207
193 210
194 216
195 231
195 241
196 216
197 234
199 218
203 247
204 227
206 245
208 223
209 226
210 248
212 229
213 247
214 221
215 246
216 217
216 235
220 243
222 229
222 241
227 248
228 239
229 238
232 248
234 237
