0 1
0 2
0 4
0 8
0 14
0 19
0 24
0 26
0 34
0 45
0 53
0 55
0 70
0 78
0 82
0 91
0 163
0 174
0 184
0 249
1 3
1 5
1 6
1 10
1 11
1 12
1 13
1 15
1 24
1 25
1 37
1 45
1 47
1 48
1 64
1 65
1 75
1 87
1 101
1 102
1 121
1 131
1 145
1 162
1 194
1 195
1 218
1 221
1 242
2 3
2 4
2 5
2 9
2 18
2 28
2 35
2 83
2 91
2 96
2 132
2 143
2 236
3 12
3 33
3 51
3 137
3 149
3 191
3 232
3 247
4 7
4 58
4 85
4 90
4 97
4 167
4 194
4 222
4 228
5 6
5 7
5 11
5 17
5 19
5 36
5 38
5 49
5 62
5 72
5 83
5 92
5 100
5 105
5 114
5 161
5 175
5 186
5 189
5 196
5 197
5 236
6 8
6 9
6 17
6 18
6 21
6 25
6 27
6 29
6 33
6 38
6 60
6 67
6 74
6 76
6 80
6 84
6 94
6 99
6 113
6 135
6 171
6 187
6 199
6 208
6 219
6 244
7 10
7 13
7 37
7 51
7 57
7 68
7 82
7 149
7 200
7 237
8 16
8 20
8 69
8 72
8 74
8 86
8 94
8 101
8 110
8 129
8 142
9 34
9 39
9 75
10 22
10 44
10 58
10 84
10 139
10 153
10 206
10 232
10 243
11 42
11 127
11 160
11 161
11 182
12 14
12 16
12 21
12 23
12 59
12 97
12 104
12 127
12 143
12 154
12 203
12 237
13 15
13 20
13 23
13 27
13 32
13 50
13 66
13 77
13 90
13 108
13 117
13 153
13 175
13 199
13 201
14 52
14 79
14 111
14 126
14 185
14 188
15 88
15 107
15 152
15 168
16 44
16 66
16 170
17 36
17 47
17 49
17 112
17 125
17 136
17 148
17 179
17 181
17 217
17 229
18 22
18 52
18 61
18 67
18 76
18 109
18 137
18 151
18 172
18 210
18 215
19 32
19 245
20 65
20 151
20 202
20 231
20 235
21 54
21 144
22 56
22 85
22 126
22 155
22 190
22 209
22 223
23 30
23 41
23 128
23 209
23 225
24 30
24 35
24 41
24 50
24 54
24 64
24 71
24 73
24 87
24 136
24 205
24 239
25 26
25 70
25 130
27 28
27 29
27 31
27 43
27 53
27 103
27 119
27 164
27 173
27 214
27 238
28 42
28 46
28 56
28 69
28 107
28 115
28 145
28 178
28 193
28 233
29 55
29 119
30 31
30 39
30 121
31 40
31 59
31 186
31 239
33 40
33 78
33 86
33 120
34 128
34 140
34 162
35 46
36 134
37 48
37 98
37 111
37 197
38 57
38 198
38 224
38 230
39 108
39 152
40 43
40 95
40 118
40 124
40 138
40 169
40 214
41 122
41 176
44 61
44 80
44 120
44 134
45 62
45 81
45 114
45 123
45 204
46 144
46 204
47 124
47 164
47 211
47 249
48 63
48 183
48 238
49 73
49 81
49 150
49 165
49 205
50 187
51 89
51 103
51 109
52 60
52 77
52 79
52 223
53 68
53 142
53 195
53 202
53 207
53 230
54 71
54 98
54 104
54 182
54 210
54 240
55 132
55 157
55 201
55 241
57 89
58 63
58 105
59 118
59 150
60 102
61 168
61 193
61 220
62 92
62 147
62 156
62 171
62 191
62 211
62 224
64 154
64 198
67 213
70 139
71 88
71 146
71 159
73 93
73 95
73 140
73 141
73 166
74 130
78 96
78 115
78 192
78 242
79 131
79 158
79 245
80 177
80 184
81 158
81 176
81 217
81 234
82 178
83 185
84 155
85 177
88 216
89 106
89 219
90 235
91 93
92 112
92 169
92 173
92 247
93 246
94 99
94 100
94 190
95 123
95 135
96 174
96 240
97 110
97 166
98 106
99 138
99 146
100 113
100 200
101 163
101 180
102 244
103 116
103 133
104 216
105 172
106 160
106 207
107 116
107 189
108 117
111 141
111 246
112 122
113 221
119 157
120 125
121 180
121 192
123 159
124 203
125 133
125 148
128 129
128 179
129 231
132 183
132 220
132 243
134 206
137 147
139 156
140 188
141 196
152 248
155 167
156 170
156 181
156 208
156 227
161 165
161 234
162 241
166 226
169 225
170 227
171 212
175 215
185 218
190 212
192 228
198 222
204 226
207 213
212 229
216 248
217 233
