0 1
0 2
0 3
0 4
0 5
0 6
0 7
0 8
0 9
0 10
0 11
0 12
0 13
0 14
0 15
0 16
0 17
0 18
0 19
0 20
0 21
0 28
0 30
0 33
0 34
0 35
0 37
0 38
0 43
0 46
0 48
0 52
0 64
0 65
0 70
0 75
0 81
0 87
0 94
0 105
0 117
0 128
0 131
0 135
0 138
0 142
0 144
0 145
0 155
0 157
0 159
0 167
0 174
0 175
0 176
0 194
0 197
0 202
0 207
0 233
0 237
0 239
0 243
0 247
0 249
1 9
1 11
1 12
1 14
1 20
1 25
1 29
1 30
1 33
1 39
1 44
1 49
1 58
1 70
1 75
1 79
1 80
1 100
1 105
1 108
1 114
1 116
1 131
1 136
1 155
1 156
1 164
1 175
1 177
1 194
1 218
1 246
2 9
2 10
2 13
2 14
2 22
2 23
2 24
2 30
2 42
2 53
2 57
2 81
2 83
2 89
2 96
2 97
2 101
2 107
2 137
2 165
2 175
2 178
2 186
2 217
2 228
2 236
2 238
3 9
3 10
3 11
3 12
3 13
3 15
3 16
3 18
3 20
3 21
3 22
3 23
3 36
3 41
3 45
3 46
3 52
3 56
3 60
3 70
3 71
3 73
3 75
3 82
3 89
3 90
3 93
3 95
3 103
3 109
3 113
3 114
3 125
3 138
3 139
3 143
3 144
3 148
3 149
3 153
3 161
3 198
3 217
3 222
3 229
3 242
3 248
4 10
4 11
4 13
4 14
4 15
4 16
4 17
4 21
4 25
4 26
4 32
4 42
4 48
4 88
4 92
4 94
4 114
4 169
4 170
4 172
4 203
4 222
5 9
5 11
5 15
5 16
5 19
5 20
5 22
5 23
5 27
5 37
5 47
5 48
5 49
5 53
5 56
5 57
5 59
5 61
5 64
5 68
5 71
5 80
5 85
5 97
5 101
5 118
5 126
5 134
5 136
5 171
5 176
5 194
5 225
5 226
5 230
6 9
6 10
6 11
6 12
6 13
6 15
6 16
6 21
6 27
6 28
6 29
6 34
6 39
6 40
6 41
6 43
6 46
6 48
6 50
6 59
6 63
6 67
6 80
6 99
6 103
6 121
6 125
6 151
6 159
6 163
6 168
6 171
6 177
6 179
6 182
6 196
6 200
6 215
6 227
6 228
6 229
7 9
7 10
7 12
7 13
7 14
7 18
7 20
7 21
7 22
7 23
7 25
7 27
7 29
7 30
7 31
7 36
7 37
7 46
7 47
7 49
7 55
7 65
7 73
7 91
7 106
7 110
7 125
7 141
7 166
7 187
7 194
7 228
8 9
8 10
8 188
9 10
9 11
9 12
9 13
9 14
9 15
9 17
9 18
9 22
9 25
9 26
9 31
9 34
9 35
9 40
9 42
9 44
9 45
9 46
9 53
9 66
9 70
9 73
9 76
9 78
9 84
9 94
9 98
9 101
9 103
9 104
9 111
9 112
9 117
9 121
9 123
9 124
9 127
9 135
9 141
9 143
9 146
9 155
9 156
9 178
9 184
9 198
9 199
9 201
9 215
9 217
9 220
9 224
9 228
9 247
10 11
10 12
10 14
10 16
10 17
10 18
10 19
10 20
10 24
10 25
10 26
10 27
10 28
10 30
10 34
10 35
10 37
10 47
10 48
10 50
10 53
10 54
10 58
10 59
10 62
10 81
10 85
10 86
10 92
10 99
10 102
10 115
10 118
10 124
10 132
10 134
10 135
10 142
10 145
10 149
10 150
10 156
10 163
10 164
10 178
10 197
10 203
10 211
10 212
10 219
10 230
11 12
11 13
11 17
11 18
11 19
11 22
11 26
11 27
11 29
11 31
11 32
11 34
11 38
11 40
11 41
11 55
11 57
11 58
11 59
11 61
11 65
11 77
11 87
11 88
11 94
11 111
11 122
11 127
11 132
11 144
11 154
11 159
11 162
11 163
11 166
11 192
11 194
11 204
11 209
11 210
11 218
11 221
11 234
12 17
12 21
12 75
12 87
12 88
12 97
12 101
12 105
12 116
12 137
12 148
12 184
12 187
12 189
12 205
12 211
13 14
13 15
13 16
13 17
13 18
13 19
13 24
13 31
13 38
13 39
13 41
13 45
13 58
13 67
13 71
13 77
13 80
13 85
13 87
13 90
13 97
13 124
13 126
13 139
13 140
13 146
13 153
13 167
13 171
13 180
13 209
13 217
13 248
14 15
14 16
14 19
14 20
14 23
14 24
14 26
14 27
14 31
14 34
14 35
14 36
14 38
14 43
14 44
14 47
14 51
14 52
14 54
14 60
14 63
14 66
14 77
14 82
14 88
14 113
14 114
14 122
14 126
14 138
14 146
14 152
14 158
14 167
14 179
14 190
14 200
14 208
14 215
14 221
14 227
14 241
15 17
15 22
15 25
15 26
15 37
15 42
15 51
15 57
15 63
15 64
15 67
15 71
15 89
15 95
15 98
15 107
15 111
15 114
15 117
15 122
15 126
15 142
15 143
15 147
15 159
15 162
15 189
15 200
15 215
15 229
15 233
15 235
16 18
16 24
16 27
16 28
16 32
16 38
16 39
16 41
16 44
16 47
16 68
16 69
16 70
16 78
16 79
16 81
16 95
16 99
16 106
16 119
16 166
16 167
16 171
16 174
16 181
16 196
16 219
16 220
16 242
17 19
17 20
17 25
17 27
17 29
17 32
17 36
17 39
17 41
17 43
17 44
17 57
17 58
17 61
17 62
17 64
17 66
17 69
17 70
17 78
17 79
17 91
17 111
17 116
17 121
17 134
17 138
17 141
17 149
17 182
17 192
17 198
17 210
17 226
17 237
18 19
18 22
18 23
18 24
18 26
18 28
18 29
18 30
18 31
18 32
18 33
18 37
18 49
18 54
18 59
18 63
18 69
18 70
18 74
18 79
18 84
18 85
18 91
18 92
18 95
18 98
18 104
18 113
18 126
18 128
18 130
18 141
18 143
18 144
18 152
18 170
18 177
18 181
18 182
18 189
18 204
18 234
18 240
18 249
19 21
19 23
19 28
19 29
19 33
19 36
19 37
19 38
19 39
19 40
19 43
19 46
19 51
19 61
19 64
19 66
19 67
19 83
19 86
19 87
19 88
19 92
19 96
19 98
19 110
19 112
19 114
19 119
19 136
19 151
19 168
19 201
19 203
19 208
19 221
19 223
19 248
20 21
20 23
20 26
20 32
20 40
20 43
20 50
20 52
20 55
20 59
20 68
20 72
20 76
20 78
20 79
20 86
20 95
20 101
20 108
20 110
20 120
20 121
20 129
20 130
20 136
20 138
20 155
20 167
20 171
20 185
20 198
20 207
20 208
20 229
20 230
20 232
21 24
21 33
21 36
21 47
21 50
21 52
21 71
21 74
21 76
21 86
21 93
21 96
21 106
21 109
21 119
21 120
21 131
21 133
21 140
21 172
21 208
21 212
21 228
21 241
22 24
22 31
22 35
22 36
22 42
22 53
22 58
22 61
22 62
22 68
22 70
22 73
22 77
22 78
22 79
22 84
22 96
22 107
22 110
22 142
22 150
22 156
22 159
22 163
22 169
22 187
22 196
22 216
22 232
22 233
22 235
22 242
22 244
23 34
23 44
23 45
23 49
23 52
23 53
23 54
23 60
23 61
23 83
23 88
23 90
23 95
23 102
23 104
23 111
23 112
23 113
23 115
23 142
23 150
23 164
23 169
23 173
23 182
23 208
23 213
23 223
23 237
24 25
24 28
24 29
24 30
24 35
24 39
24 40
24 42
24 45
24 46
24 49
24 51
24 63
24 67
24 79
24 84
24 90
24 93
24 94
24 100
24 107
24 118
24 121
24 125
24 129
24 139
24 143
24 159
24 164
24 184
24 196
24 199
24 222
24 232
25 28
25 31
25 38
25 39
25 47
25 60
25 61
25 67
25 87
25 97
25 104
25 111
25 113
25 120
25 122
25 127
25 132
25 142
25 147
25 166
25 176
25 186
25 206
25 223
26 32
26 33
26 43
26 53
26 75
26 100
26 104
26 105
26 130
26 228
27 30
27 33
27 45
27 73
27 74
27 77
27 107
27 124
27 131
27 137
27 150
27 169
27 176
27 228
28 37
28 38
28 40
28 51
28 55
28 75
28 80
28 81
28 84
28 86
28 91
28 105
28 110
28 139
28 152
28 162
28 165
28 168
28 187
28 213
28 221
28 227
28 231
29 35
29 36
29 42
29 43
29 45
29 54
29 56
29 58
29 59
29 68
29 69
29 71
29 74
29 80
29 86
29 88
29 100
29 109
29 133
29 134
29 136
29 139
29 141
29 148
29 157
29 165
29 170
29 179
29 181
29 219
29 222
29 233
29 249
30 32
30 35
30 44
30 66
30 69
30 82
30 93
30 123
30 124
30 177
30 185
30 209
30 223
30 243
30 245
30 249
31 33
31 34
31 66
31 71
31 117
31 119
31 123
31 127
31 145
31 151
31 165
31 174
31 177
31 181
31 191
31 209
31 234
31 249
32 46
32 49
32 80
32 95
32 108
32 190
32 229
33 45
33 96
33 118
33 133
33 140
33 145
33 159
33 160
33 186
33 204
33 221
34 41
34 50
34 62
34 65
34 68
34 80
34 115
34 122
34 127
34 135
34 172
34 213
35 41
35 44
35 57
35 72
35 76
35 108
35 126
35 174
35 191
35 222
36 48
36 72
36 83
36 132
36 135
36 178
36 214
36 226
37 56
37 89
37 98
37 102
37 105
37 106
37 123
37 131
37 134
37 154
37 203
37 238
37 243
37 247
38 51
38 53
38 56
38 59
38 60
38 69
38 83
38 109
38 120
38 125
38 160
38 161
38 163
38 166
38 173
38 190
38 231
38 233
39 40
39 48
39 60
39 66
39 68
39 77
39 91
39 102
39 111
39 117
39 135
39 145
39 172
39 174
39 181
39 202
39 204
39 206
39 215
39 216
39 225
40 52
40 62
40 64
40 104
40 107
40 116
40 162
40 182
40 184
40 185
40 188
40 190
41 42
41 48
41 49
41 55
41 60
41 67
41 69
41 72
41 98
41 117
41 119
41 129
41 141
41 144
41 158
41 180
41 205
41 213
41 217
41 233
41 237
42 47
42 50
42 63
42 74
42 83
42 91
42 98
42 126
42 130
42 170
42 175
42 188
42 199
42 207
43 50
43 54
43 57
43 75
43 99
43 101
43 132
43 169
43 192
43 236
44 51
44 62
44 67
44 69
44 74
44 75
44 84
44 89
44 101
44 103
44 112
44 125
44 138
44 145
44 160
44 171
44 176
44 197
44 203
44 206
44 210
44 211
44 216
44 241
45 51
45 54
45 56
45 63
45 65
45 155
45 166
45 168
45 183
45 235
45 244
46 76
46 93
46 117
46 124
46 155
46 156
46 168
46 174
46 180
46 205
46 207
46 224
46 231
46 238
47 52
47 55
47 56
47 73
47 90
47 189
48 50
48 55
48 65
48 84
48 131
48 137
48 145
48 173
48 181
48 208
48 239
49 54
49 55
49 63
49 65
49 68
49 72
49 82
49 89
49 110
49 121
49 137
49 144
49 161
49 176
49 180
49 182
49 206
49 248
50 73
50 74
50 78
50 81
50 104
50 105
50 125
50 178
50 179
50 185
50 192
50 197
50 206
50 214
50 240
51 62
51 114
51 149
51 164
51 167
51 195
52 56
52 64
52 72
52 83
52 121
52 138
52 151
52 160
52 212
53 58
53 60
53 66
53 82
53 91
53 147
53 217
54 57
54 61
54 62
54 90
54 102
54 124
54 145
54 153
54 156
54 161
54 180
54 200
55 79
55 89
55 105
55 128
55 139
55 140
55 170
55 186
55 190
55 224
55 239
56 72
56 73
56 108
56 127
56 157
56 190
57 64
57 78
57 88
57 90
57 93
57 119
57 120
57 158
57 164
57 172
57 177
57 193
57 210
57 227
57 242
58 81
58 93
58 123
58 131
58 132
58 154
58 163
58 172
58 197
59 72
59 92
59 96
59 104
59 108
59 115
59 198
59 246
60 65
60 76
60 77
60 87
60 100
60 147
60 149
60 198
60 219
60 247
61 82
61 86
61 91
61 112
61 127
61 165
61 188
61 225
61 243
61 245
62 116
62 130
62 148
62 156
62 185
63 112
63 118
63 133
63 149
63 160
63 170
63 174
63 193
63 201
63 222
63 234
63 237
64 71
64 86
64 98
64 99
64 106
64 109
64 123
64 224
64 234
64 236
65 82
65 94
65 120
65 128
65 132
65 152
65 210
65 241
66 76
66 81
66 101
66 140
66 150
66 173
66 182
66 210
67 74
67 89
67 99
67 109
67 116
67 133
67 134
67 136
67 147
67 149
67 203
67 230
68 246
68 247
69 87
69 96
69 97
69 103
69 125
69 133
69 153
69 173
69 187
69 195
69 208
69 210
69 226
69 232
69 235
69 246
70 118
70 123
70 137
70 138
70 160
70 161
70 171
70 201
70 211
70 212
70 220
70 232
71 78
71 109
71 119
71 153
71 183
72 76
72 84
72 85
72 97
72 100
72 122
72 150
72 151
72 167
72 212
73 77
73 158
73 168
73 194
73 231
73 245
74 92
74 103
74 152
74 158
74 161
74 190
74 192
74 214
75 85
75 127
75 175
75 191
75 197
75 207
75 215
75 243
76 82
76 107
76 114
76 122
76 227
77 99
77 100
77 106
77 110
77 115
77 121
77 133
77 205
77 234
78 97
78 107
78 113
78 116
78 130
78 140
78 148
78 149
78 153
78 216
78 225
78 230
78 248
79 94
79 108
79 146
79 158
79 187
79 204
80 85
80 131
80 173
80 211
80 233
80 237
80 240
81 83
81 85
81 92
81 94
81 171
81 214
81 218
82 93
82 152
82 199
82 221
83 95
83 151
83 154
83 164
83 179
83 180
84 92
84 110
84 112
84 120
84 129
84 164
84 183
84 226
84 239
85 102
85 103
85 116
85 118
85 132
85 162
85 179
85 189
85 204
85 214
85 220
85 232
85 235
86 124
86 130
86 147
86 186
86 187
86 199
86 218
86 225
86 234
87 129
87 139
87 209
88 118
88 170
88 226
89 90
89 106
89 109
89 134
89 179
89 198
89 214
89 247
90 103
90 115
90 146
90 157
90 185
90 247
91 102
91 122
91 181
91 195
91 207
91 223
91 235
92 96
92 102
92 153
92 165
92 173
92 183
92 208
92 227
93 113
93 140
93 157
93 245
94 106
94 111
94 200
94 231
95 146
96 115
96 220
97 99
97 245
98 142
98 166
98 169
98 178
98 180
99 100
100 113
100 135
100 162
100 185
100 191
101 126
101 192
101 237
102 178
102 193
102 194
102 195
102 202
102 214
103 136
103 191
103 201
103 237
103 244
104 108
104 157
104 162
104 244
105 112
105 115
105 137
105 140
105 143
105 183
106 181
106 206
106 216
106 222
106 246
107 129
107 189
107 218
107 238
107 240
108 177
108 201
109 178
109 209
110 213
110 245
111 146
111 205
111 219
112 143
112 153
112 167
112 168
112 189
112 246
113 117
113 144
113 148
113 160
113 193
113 202
114 128
114 184
114 196
114 199
114 202
114 205
114 232
114 236
115 119
115 146
115 154
115 158
115 175
115 186
115 196
115 204
115 229
116 120
116 128
117 137
117 185
117 220
118 183
118 249
119 129
119 154
119 169
119 205
119 206
119 232
120 147
121 129
121 165
121 184
122 123
122 135
122 148
122 231
123 128
123 136
123 154
123 175
125 143
125 152
125 155
125 248
126 130
126 200
126 201
126 202
127 128
127 133
127 197
127 205
128 141
128 170
128 189
128 197
128 200
128 218
128 236
129 166
129 188
129 190
129 239
130 211
130 219
131 151
131 224
132 134
132 141
132 148
132 193
132 195
132 213
132 217
133 139
133 150
133 151
133 186
133 206
134 144
134 156
135 165
135 248
136 193
136 218
137 172
137 183
137 210
138 147
138 195
139 150
140 142
140 157
140 159
140 233
140 244
141 152
142 191
142 240
143 155
143 173
143 187
143 243
145 163
145 188
145 242
146 245
148 157
148 161
148 217
148 229
149 161
149 223
149 231
150 154
150 193
150 195
150 220
150 221
150 228
150 245
151 163
151 236
152 160
154 158
154 184
154 199
154 244
155 168
155 209
155 220
156 224
157 202
159 193
159 216
160 162
160 183
160 192
160 212
160 229
160 238
161 174
161 201
162 191
162 211
163 175
163 184
164 192
165 176
165 203
167 169
167 180
167 207
168 172
168 177
168 202
168 204
169 176
169 186
169 188
169 240
170 214
171 207
172 179
173 194
175 195
175 226
176 182
177 196
178 203
178 219
179 198
179 240
180 242
181 200
181 241
181 243
183 224
183 231
183 249
185 188
186 199
186 215
187 242
189 196
189 226
190 191
191 235
193 211
193 240
193 241
195 209
195 239
195 243
196 221
197 249
198 216
198 219
198 225
198 246
199 212
199 248
200 216
201 223
202 223
202 238
203 227
203 235
204 215
205 225
205 241
206 213
206 230
206 242
209 238
210 212
211 218
212 213
212 224
212 230
213 225
213 234
215 230
215 241
218 236
220 239
221 222
222 227
223 238
226 236
231 244
231 246
232 239
237 244
242 247
