0 1
0 2
0 3
0 5
0 7
0 11
0 33
0 38
0 49
0 52
0 53
0 59
0 84
0 125
0 164
0 198
1 3
1 5
1 10
1 17
1 24
1 28
1 37
1 56
1 69
1 70
1 83
1 106
1 136
1 147
1 155
1 161
1 192
1 197
2 4
2 19
2 45
2 54
2 73
2 123
2 148
3 4
3 6
3 7
3 9
3 41
3 48
3 57
3 74
3 78
3 117
3 215
4 6
4 8
4 10
4 11
4 12
4 14
4 15
4 17
4 18
4 20
4 21
4 25
4 26
4 27
4 28
4 34
4 36
4 39
4 50
4 52
4 57
4 64
4 78
4 79
4 103
4 107
4 108
4 112
4 139
4 140
4 144
4 159
4 163
4 164
4 175
4 178
4 182
4 183
4 186
4 190
4 210
4 217
4 218
4 228
5 58
5 98
5 103
5 226
6 8
6 12
6 16
6 22
6 23
6 30
6 63
6 76
6 87
6 88
6 94
6 165
6 173
6 188
6 200
7 13
7 14
7 32
7 38
7 39
7 95
7 134
7 169
7 198
8 9
8 62
8 91
8 101
8 108
8 133
8 170
8 176
8 192
8 203
8 211
8 226
8 232
8 236
9 20
9 35
9 40
9 97
9 207
9 249
10 13
10 15
10 18
10 41
10 58
10 64
10 65
10 69
10 96
10 99
10 126
10 207
10 238
11 19
11 35
11 47
11 53
11 55
11 71
11 89
11 205
11 211
11 242
11 245
12 22
12 59
12 63
12 100
12 145
12 181
12 213
12 239
13 116
13 225
14 21
14 24
14 26
14 155
14 174
14 176
14 179
14 202
14 246
15 16
15 73
15 75
15 109
15 139
15 217
16 159
17 23
17 45
17 46
17 163
17 237
18 230
19 27
19 31
19 32
19 43
19 87
19 91
19 116
19 126
19 157
19 214
19 222
19 233
20 29
20 31
20 40
20 49
20 102
20 234
20 249
21 146
21 185
21 216
22 29
22 50
22 118
22 127
22 224
23 34
23 113
23 127
23 187
23 240
24 25
24 30
24 33
24 42
24 43
24 55
24 71
24 96
24 106
24 117
24 128
24 129
24 138
24 150
24 151
24 153
24 166
24 168
24 244
25 170
26 42
26 51
26 65
26 86
26 94
26 97
26 194
27 60
27 82
27 128
27 137
28 48
28 119
28 169
29 37
29 44
29 60
29 67
29 70
29 72
29 75
29 85
29 119
29 124
29 131
29 147
29 177
29 182
29 185
29 194
29 206
29 229
30 67
30 133
30 180
30 199
30 242
30 243
30 248
31 36
31 44
31 54
31 61
31 68
31 101
31 121
31 122
31 125
31 137
31 148
31 153
31 167
31 220
32 47
32 235
33 66
33 134
33 197
33 209
34 82
35 189
36 80
36 109
36 232
37 80
37 111
37 149
37 160
37 168
37 178
38 149
39 104
39 114
40 74
40 113
40 173
40 188
40 195
40 215
40 223
40 236
41 90
41 216
43 135
44 66
44 183
45 46
46 51
46 92
46 122
46 175
46 238
47 68
47 93
47 95
47 110
47 141
47 160
47 201
47 225
48 114
49 62
49 81
49 83
49 107
49 166
49 181
49 186
49 219
49 221
51 56
51 89
51 118
51 190
54 72
54 77
54 81
54 112
54 247
57 61
57 132
58 99
58 144
58 162
58 208
60 172
61 115
61 129
61 151
62 104
62 132
62 214
64 90
65 85
65 229
67 115
67 204
67 210
67 230
68 152
69 98
69 105
69 241
71 76
71 174
73 77
73 130
73 141
73 150
73 204
75 146
76 84
76 140
77 88
77 130
77 213
78 79
78 100
78 142
78 157
79 86
79 92
80 105
80 195
81 120
82 131
82 158
82 191
82 203
86 201
89 93
89 124
89 158
90 110
90 191
91 111
91 142
91 184
91 237
93 102
95 161
95 218
96 172
97 136
97 219
99 233
99 234
102 121
102 187
103 120
103 135
103 189
103 221
104 212
105 196
107 162
107 208
107 239
110 224
110 227
111 143
112 171
114 209
114 244
115 123
116 152
117 177
117 193
119 154
122 143
122 156
124 138
126 165
129 248
135 167
135 171
138 193
139 145
139 156
141 184
143 235
150 179
151 200
153 154
155 246
159 196
164 243
165 231
168 180
171 227
175 199
189 202
196 231
198 206
198 220
198 228
199 241
200 212
203 205
208 222
212 247
222 223
236 240
243 245
