0 1
0 5
0 7
0 10
0 12
0 18
0 19
0 36
0 40
0 43
0 45
0 49
0 52
0 58
0 59
0 67
0 69
0 77
0 83
0 84
0 88
0 89
0 93
0 94
0 99
0 101
0 107
0 120
0 121
0 123
0 125
0 135
0 137
0 138
0 149
0 153
0 160
0 161
0 162
0 166
0 168
0 180
0 182
0 195
0 198
0 209
0 217
0 218
0 219
0 224
0 228
0 229
0 230
0 231
0 233
0 235
0 236
0 238
0 241
0 247
0 248
1 3
1 4
1 8
1 9
1 12
1 16
1 18
1 19
1 24
1 27
1 35
1 39
1 40
1 53
1 54
1 62
1 66
1 67
1 69
1 73
1 74
1 84
1 86
1 100
1 103
1 105
1 109
1 110
1 114
1 123
1 124
1 131
1 132
1 142
1 143
1 149
1 151
1 153
1 181
1 185
1 187
1 194
1 197
1 199
1 202
1 205
1 217
1 221
1 226
1 229
1 231
1 235
1 236
1 240
1 242
1 249
2 9
2 12
2 15
2 18
2 22
2 23
2 27
2 33
2 34
2 35
2 39
2 44
2 48
2 63
2 86
2 88
2 96
2 97
2 98
2 102
2 105
2 115
2 121
2 122
2 124
2 128
2 129
2 130
2 132
2 134
2 143
2 154
2 158
2 161
2 170
2 172
2 173
2 175
2 178
2 179
2 193
2 195
2 200
2 206
2 209
2 211
2 217
2 226
2 230
2 231
2 233
2 239
2 240
2 242
2 243
2 245
2 247
3 5
3 6
3 9
3 12
3 19
3 20
3 29
3 36
3 38
3 40
3 44
3 46
3 48
3 50
3 52
3 55
3 58
3 61
3 71
3 73
3 75
3 77
3 78
3 80
3 84
3 85
3 87
3 91
3 93
3 98
3 102
3 105
3 110
3 113
3 117
3 120
3 126
3 129
3 131
3 132
3 136
3 140
3 142
3 157
3 158
3 174
3 181
3 187
3 189
3 194
3 195
3 198
3 205
3 208
3 213
3 220
3 223
3 226
3 227
3 238
3 239
3 249
4 6
4 17
4 18
4 21
4 23
4 24
4 25
4 28
4 40
4 41
4 45
4 47
4 49
4 51
4 56
4 64
4 78
4 79
4 81
4 82
4 95
4 98
4 99
4 104
4 106
4 116
4 121
4 125
4 130
4 132
4 135
4 136
4 137
4 141
4 148
4 153
4 154
4 156
4 161
4 163
4 171
4 173
4 174
4 176
4 182
4 191
4 193
4 199
4 202
4 206
4 217
4 221
4 223
4 230
4 240
4 247
4 248
5 6
5 8
5 9
5 17
5 21
5 29
5 35
5 36
5 38
5 44
5 47
5 56
5 61
5 64
5 65
5 69
5 75
5 77
5 83
5 90
5 100
5 103
5 106
5 114
5 117
5 123
5 130
5 135
5 139
5 140
5 145
5 148
5 149
5 156
5 171
5 174
5 175
5 176
5 181
5 183
5 188
5 201
5 203
5 206
5 210
5 218
5 223
5 227
5 232
5 233
5 242
5 244
5 248
6 8
6 13
6 14
6 16
6 21
6 29
6 31
6 32
6 34
6 36
6 40
6 41
6 53
6 54
6 58
6 63
6 65
6 66
6 67
6 69
6 75
6 88
6 89
6 94
6 95
6 97
6 99
6 101
6 105
6 107
6 109
6 119
6 120
6 125
6 130
6 132
6 135
6 137
6 140
6 141
6 142
6 149
6 150
6 169
6 170
6 175
6 180
6 185
6 188
6 194
6 198
6 203
6 220
6 221
6 224
6 230
6 232
6 239
6 240
6 249
7 9
7 14
7 15
7 16
7 20
7 24
7 28
7 29
7 33
7 35
7 38
7 40
7 41
7 49
7 54
7 59
7 67
7 80
7 91
7 94
7 99
7 102
7 108
7 109
7 112
7 115
7 116
7 119
7 120
7 126
7 134
7 136
7 137
7 140
7 147
7 150
7 153
7 155
7 156
7 158
7 161
7 162
7 164
7 168
7 170
7 173
7 176
7 179
7 188
7 190
7 198
7 205
7 215
7 218
7 224
7 227
7 228
7 232
7 236
7 237
7 238
7 239
7 247
7 249
8 10
8 16
8 18
8 21
8 29
8 30
8 34
8 37
8 38
8 42
8 44
8 47
8 56
8 65
8 67
8 68
8 80
8 81
8 82
8 86
8 91
8 95
8 96
8 112
8 119
8 122
8 123
8 127
8 135
8 138
8 151
8 153
8 155
8 156
8 162
8 171
8 180
8 183
8 184
8 189
8 195
8 196
8 199
8 200
8 203
8 211
8 214
8 224
8 227
8 228
8 229
8 231
8 232
8 235
8 236
8 241
8 242
9 10
9 14
9 16
9 21
9 24
9 26
9 27
9 32
9 40
9 44
9 46
9 47
9 48
9 52
9 60
9 62
9 63
9 64
9 67
9 68
9 71
9 73
9 77
9 83
9 84
9 92
9 108
9 111
9 112
9 117
9 119
9 122
9 129
9 133
9 134
9 135
9 136
9 137
9 138
9 141
9 147
9 154
9 158
9 160
9 164
9 165
9 167
9 184
9 185
9 192
9 197
9 198
9 200
9 208
9 211
9 214
9 215
9 217
9 218
9 219
9 222
9 226
9 232
9 236
9 238
9 243
10 11
10 19
10 20
10 22
10 25
10 26
10 28
10 29
10 33
10 42
10 44
10 51
10 66
10 68
10 69
10 83
10 98
10 111
10 117
10 119
10 121
10 122
10 123
10 127
10 128
10 132
10 135
10 139
10 146
10 152
10 157
10 162
10 165
10 167
10 168
10 169
10 175
10 177
10 181
10 182
10 190
10 195
10 201
10 202
10 203
10 208
10 210
10 211
10 212
10 216
10 227
10 234
10 241
10 243
10 247
10 248
11 14
11 15
11 16
11 18
11 19
11 27
11 28
11 34
11 35
11 45
11 49
11 54
11 58
11 61
11 68
11 69
11 70
11 80
11 85
11 88
11 89
11 93
11 101
11 102
11 103
11 104
11 107
11 109
11 111
11 121
11 124
11 129
11 130
11 136
11 142
11 144
11 146
11 147
11 153
11 156
11 158
11 169
11 171
11 176
11 179
11 189
11 196
11 204
11 212
11 215
11 217
11 224
11 227
11 234
11 238
11 239
11 241
11 246
11 247
12 13
12 16
12 21
12 24
12 28
12 29
12 30
12 32
12 38
12 39
12 41
12 43
12 45
12 48
12 51
12 52
12 53
12 56
12 58
12 65
12 66
12 67
12 68
12 72
12 75
12 78
12 82
12 88
12 89
12 91
12 92
12 105
12 126
12 133
12 137
12 138
12 147
12 150
12 154
12 157
12 168
12 175
12 180
12 181
12 183
12 191
12 193
12 204
12 206
12 208
12 216
12 223
12 224
12 234
12 235
12 241
12 246
12 247
12 249
13 15
13 25
13 26
13 27
13 38
13 39
13 46
13 54
13 57
13 61
13 68
13 69
13 70
13 72
13 75
13 76
13 79
13 82
13 95
13 98
13 113
13 114
13 115
13 116
13 125
13 130
13 131
13 137
13 145
13 146
13 151
13 154
13 158
13 170
13 171
13 173
13 176
13 179
13 182
13 184
13 185
13 187
13 191
13 205
13 206
13 217
13 218
13 219
13 221
13 223
13 226
13 229
13 232
13 239
13 240
13 247
13 248
14 29
14 32
14 46
14 47
14 49
14 61
14 66
14 68
14 75
14 76
14 77
14 79
14 88
14 90
14 91
14 100
14 109
14 110
14 111
14 114
14 115
14 117
14 121
14 122
14 131
14 133
14 138
14 143
14 147
14 149
14 152
14 158
14 159
14 162
14 165
14 172
14 175
14 177
14 179
14 186
14 196
14 199
14 212
14 213
14 215
14 218
14 220
14 227
14 232
14 236
14 241
15 19
15 30
15 32
15 37
15 39
15 49
15 56
15 60
15 64
15 66
15 71
15 73
15 79
15 83
15 87
15 90
15 95
15 98
15 108
15 109
15 118
15 122
15 123
15 125
15 127
15 128
15 129
15 132
15 136
15 140
15 141
15 143
15 147
15 149
15 166
15 167
15 189
15 194
15 198
15 203
15 206
15 207
15 217
15 218
15 221
15 227
15 229
15 233
15 239
15 244
15 248
16 23
16 44
16 46
16 52
16 55
16 57
16 64
16 66
16 74
16 83
16 94
16 103
16 110
16 111
16 113
16 114
16 115
16 117
16 118
16 124
16 130
16 134
16 140
16 148
16 154
16 157
16 159
16 160
16 163
16 166
16 167
16 175
16 176
16 178
16 181
16 182
16 185
16 188
16 189
16 190
16 192
16 196
16 200
16 201
16 203
16 207
16 210
16 211
16 212
16 215
16 216
16 218
16 226
16 227
16 228
16 230
16 231
16 232
16 237
16 242
16 244
17 19
17 20
17 22
17 23
17 33
17 34
17 37
17 42
17 44
17 45
17 46
17 47
17 49
17 57
17 60
17 61
17 68
17 71
17 73
17 75
17 80
17 82
17 84
17 86
17 90
17 91
17 93
17 96
17 98
17 103
17 104
17 106
17 112
17 115
17 122
17 129
17 132
17 134
17 137
17 138
17 143
17 145
17 154
17 160
17 162
17 163
17 164
17 165
17 171
17 185
17 189
17 190
17 193
17 205
17 206
17 212
17 214
17 221
17 222
17 225
17 228
17 237
18 22
18 31
18 34
18 47
18 50
18 53
18 55
18 56
18 57
18 58
18 62
18 63
18 67
18 70
18 89
18 93
18 94
18 95
18 96
18 107
18 108
18 110
18 118
18 119
18 123
18 128
18 130
18 132
18 139
18 143
18 144
18 146
18 153
18 158
18 161
18 162
18 164
18 165
18 173
18 178
18 181
18 185
18 187
18 188
18 189
18 197
18 203
18 207
18 209
18 213
18 220
18 235
18 240
18 242
18 243
18 245
18 246
18 249
19 26
19 27
19 29
19 32
19 34
19 36
19 41
19 43
19 47
19 48
19 51
19 53
19 55
19 56
19 57
19 70
19 76
19 82
19 90
19 92
19 95
19 98
19 101
19 106
19 110
19 125
19 126
19 132
19 136
19 143
19 151
19 153
19 156
19 162
19 173
19 174
19 181
19 182
19 185
19 187
19 189
19 190
19 192
19 198
19 199
19 205
19 206
19 208
19 214
19 217
19 219
19 224
19 226
19 230
19 233
19 234
19 236
19 237
19 244
19 245
20 21
20 28
20 35
20 38
20 41
20 42
20 44
20 45
20 46
20 52
20 53
20 54
20 57
20 58
20 60
20 63
20 64
20 67
20 70
20 71
20 75
20 77
20 78
20 79
20 82
20 85
20 109
20 119
20 122
20 123
20 126
20 131
20 138
20 139
20 145
20 149
20 155
20 162
20 163
20 165
20 167
20 169
20 177
20 178
20 180
20 185
20 186
20 187
20 188
20 189
20 194
20 205
20 209
20 212
20 215
20 218
20 224
20 229
20 232
20 236
20 237
21 25
21 26
21 33
21 35
21 39
21 41
21 45
21 46
21 55
21 67
21 72
21 76
21 83
21 86
21 87
21 90
21 94
21 101
21 103
21 106
21 109
21 114
21 116
21 119
21 130
21 139
21 140
21 141
21 142
21 143
21 144
21 147
21 148
21 156
21 158
21 165
21 166
21 167
21 168
21 179
21 181
21 204
21 221
21 225
21 229
21 230
21 233
21 235
21 237
22 28
22 34
22 39
22 42
22 47
22 54
22 62
22 67
22 68
22 69
22 70
22 71
22 72
22 75
22 78
22 79
22 88
22 91
22 92
22 93
22 94
22 98
22 102
22 105
22 113
22 115
22 119
22 134
22 135
22 137
22 138
22 146
22 157
22 166
22 167
22 169
22 173
22 191
22 195
22 206
22 210
22 211
22 214
22 217
22 218
22 226
22 227
22 229
22 231
22 232
22 235
22 240
22 244
22 245
22 246
23 30
23 37
23 38
23 41
23 42
23 43
23 45
23 46
23 47
23 49
23 50
23 54
23 67
23 72
23 75
23 81
23 83
23 84
23 87
23 91
23 92
23 93
23 95
23 96
23 98
23 105
23 106
23 107
23 112
23 114
23 116
23 121
23 123
23 124
23 127
23 128
23 130
23 133
23 136
23 137
23 139
23 141
23 142
23 144
23 147
23 149
23 151
23 154
23 155
23 157
23 159
23 165
23 170
23 171
23 172
23 173
23 185
23 190
23 194
23 195
23 199
23 205
23 206
23 211
23 218
23 222
23 231
23 239
23 245
23 246
24 26
24 27
24 28
24 29
24 36
24 44
24 45
24 52
24 54
24 58
24 62
24 65
24 69
24 73
24 80
24 82
24 99
24 100
24 104
24 115
24 118
24 119
24 124
24 125
24 128
24 137
24 140
24 144
24 156
24 157
24 158
24 159
24 160
24 163
24 167
24 168
24 170
24 176
24 180
24 182
24 194
24 202
24 208
24 215
24 217
24 219
24 222
24 229
24 231
24 232
24 239
24 244
24 246
24 247
25 29
25 35
25 38
25 40
25 52
25 56
25 58
25 60
25 61
25 62
25 64
25 78
25 82
25 84
25 86
25 87
25 91
25 93
25 95
25 96
25 98
25 100
25 106
25 109
25 129
25 130
25 131
25 136
25 137
25 141
25 144
25 145
25 146
25 148
25 151
25 163
25 166
25 175
25 184
25 187
25 188
25 189
25 190
25 191
25 193
25 200
25 205
25 209
25 210
25 215
25 218
25 221
25 224
25 230
25 234
25 242
25 247
26 28
26 34
26 37
26 40
26 44
26 47
26 51
26 58
26 60
26 61
26 63
26 66
26 70
26 71
26 76
26 80
26 82
26 83
26 86
26 93
26 95
26 101
26 102
26 106
26 109
26 123
26 124
26 125
26 139
26 143
26 155
26 157
26 160
26 163
26 168
26 171
26 172
26 173
26 175
26 180
26 186
26 191
26 197
26 198
26 200
26 201
26 202
26 206
26 207
26 210
26 216
26 219
26 221
26 227
26 228
26 229
26 235
26 241
26 242
26 244
26 245
26 249
27 29
27 30
27 33
27 35
27 42
27 43
27 44
27 45
27 46
27 50
27 56
27 73
27 74
27 79
27 85
27 86
27 89
27 96
27 98
27 104
27 130
27 134
27 146
27 151
27 155
27 160
27 164
27 165
27 167
27 169
27 170
27 171
27 172
27 173
27 175
27 178
27 189
27 196
27 197
27 221
27 222
27 230
27 231
27 232
27 235
27 241
27 245
27 248
27 249
28 32
28 35
28 36
28 40
28 42
28 44
28 48
28 49
28 50
28 51
28 52
28 58
28 60
28 64
28 65
28 73
28 74
28 78
28 84
28 90
28 91
28 95
28 98
28 99
28 100
28 105
28 108
28 110
28 112
28 116
28 117
28 122
28 125
28 144
28 146
28 157
28 163
28 169
28 170
28 178
28 179
28 180
28 184
28 186
28 193
28 194
28 198
28 203
28 208
28 211
28 213
28 221
28 226
28 232
28 233
28 235
28 237
28 239
28 245
28 246
29 37
29 38
29 40
29 42
29 43
29 44
29 47
29 49
29 53
29 57
29 58
29 60
29 63
29 69
29 71
29 76
29 85
29 93
29 97
29 100
29 103
29 109
29 119
29 122
29 132
29 133
29 144
29 145
29 146
29 152
29 161
29 168
29 174
29 179
29 181
29 187
29 188
29 192
29 199
29 201
29 205
29 210
29 217
29 223
29 225
29 227
29 243
29 246
29 247
30 38
30 43
30 47
30 49
30 51
30 54
30 55
30 61
30 62
30 66
30 68
30 72
30 73
30 74
30 83
30 87
30 88
30 89
30 92
30 95
30 96
30 97
30 99
30 115
30 116
30 118
30 124
30 125
30 127
30 138
30 140
30 142
30 143
30 152
30 154
30 157
30 158
30 160
30 164
30 167
30 170
30 173
30 176
30 183
30 185
30 186
30 187
30 190
30 193
30 196
30 197
30 200
30 203
30 205
30 207
30 208
30 209
30 213
30 218
30 221
30 226
30 230
30 231
30 241
31 32
31 34
31 36
31 37
31 44
31 45
31 49
31 53
31 56
31 57
31 60
31 63
31 65
31 66
31 72
31 83
31 84
31 86
31 87
31 88
31 89
31 95
31 106
31 109
31 117
31 120
31 121
31 126
31 131
31 132
31 136
31 143
31 149
31 151
31 152
31 161
31 167
31 169
31 170
31 173
31 174
31 176
31 178
31 182
31 190
31 191
31 196
31 201
31 203
31 205
31 211
31 215
31 217
31 220
31 224
31 236
31 238
31 242
31 243
31 247
32 40
32 43
32 44
32 46
32 48
32 56
32 57
32 60
32 61
32 62
32 63
32 69
32 72
32 74
32 76
32 85
32 86
32 87
32 88
32 89
32 91
32 98
32 99
32 103
32 104
32 107
32 109
32 111
32 112
32 113
32 119
32 120
32 123
32 124
32 127
32 128
32 131
32 133
32 137
32 149
32 150
32 153
32 158
32 161
32 162
32 167
32 168
32 170
32 175
32 181
32 183
32 188
32 193
32 196
32 198
32 199
32 204
32 210
32 213
32 214
32 221
32 225
32 240
32 242
32 248
33 34
33 38
33 39
33 41
33 44
33 46
33 54
33 55
33 69
33 70
33 72
33 74
33 78
33 92
33 97
33 98
33 104
33 107
33 108
33 111
33 112
33 114
33 115
33 119
33 125
33 134
33 136
33 138
33 141
33 146
33 153
33 174
33 179
33 184
33 185
33 186
33 189
33 202
33 208
33 212
33 215
33 216
33 237
33 238
33 239
33 245
33 248
34 40
34 42
34 43
34 46
34 48
34 53
34 58
34 59
34 64
34 88
34 90
34 91
34 94
34 99
34 100
34 106
34 110
34 113
34 117
34 128
34 132
34 133
34 137
34 139
34 140
34 147
34 156
34 161
34 162
34 171
34 172
34 175
34 187
34 200
34 204
34 205
34 210
34 215
34 222
34 224
34 228
34 229
34 233
34 236
34 238
34 242
34 243
35 37
35 40
35 41
35 47
35 49
35 52
35 54
35 56
35 58
35 60
35 62
35 65
35 66
35 77
35 81
35 83
35 90
35 97
35 100
35 105
35 114
35 116
35 118
35 119
35 121
35 129
35 137
35 143
35 144
35 152
35 153
35 157
35 158
35 169
35 170
35 174
35 178
35 179
35 181
35 182
35 183
35 188
35 192
35 194
35 201
35 204
35 205
35 206
35 211
35 213
35 221
35 225
35 232
35 240
35 241
35 243
35 246
36 39
36 40
36 50
36 52
36 57
36 58
36 59
36 60
36 62
36 67
36 80
36 81
36 82
36 83
36 86
36 88
36 92
36 104
36 107
36 108
36 109
36 112
36 128
36 132
36 133
36 141
36 148
36 153
36 156
36 159
36 168
36 170
36 171
36 173
36 175
36 177
36 180
36 183
36 190
36 191
36 193
36 199
36 200
36 207
36 209
36 220
36 225
36 228
36 230
36 240
36 242
36 248
36 249
37 47
37 48
37 50
37 53
37 59
37 60
37 64
37 65
37 68
37 71
37 75
37 80
37 84
37 90
37 91
37 92
37 96
37 100
37 102
37 103
37 105
37 133
37 139
37 140
37 148
37 154
37 157
37 161
37 168
37 176
37 178
37 179
37 182
37 185
37 186
37 187
37 197
37 198
37 205
37 219
37 229
37 239
37 245
37 247
38 46
38 47
38 48
38 56
38 61
38 62
38 63
38 69
38 70
38 72
38 74
38 75
38 76
38 77
38 79
38 82
38 84
38 90
38 93
38 108
38 109
38 111
38 115
38 120
38 140
38 142
38 144
38 145
38 155
38 167
38 168
38 177
38 178
38 187
38 188
38 190
38 195
38 203
38 204
38 206
38 209
38 210
38 216
38 220
38 221
38 223
38 226
38 227
38 233
38 244
39 41
39 50
39 55
39 60
39 62
39 65
39 66
39 69
39 71
39 72
39 73
39 76
39 82
39 85
39 88
39 93
39 100
39 102
39 105
39 109
39 111
39 112
39 113
39 115
39 116
39 120
39 122
39 123
39 125
39 129
39 130
39 140
39 142
39 152
39 158
39 159
39 162
39 174
39 175
39 184
39 187
39 188
39 191
39 198
39 199
39 200
39 206
39 211
39 214
39 219
39 220
39 235
39 239
39 241
39 247
40 44
40 45
40 47
40 50
40 51
40 52
40 54
40 60
40 73
40 76
40 77
40 78
40 88
40 93
40 97
40 98
40 105
40 109
40 110
40 111
40 112
40 135
40 137
40 140
40 143
40 147
40 150
40 152
40 153
40 159
40 161
40 167
40 176
40 178
40 182
40 191
40 192
40 193
40 195
40 196
40 197
40 198
40 201
40 204
40 205
40 208
40 212
40 213
40 216
40 221
40 224
40 228
40 229
40 230
40 233
40 234
40 236
40 239
40 247
40 248
40 249
41 44
41 45
41 61
41 64
41 66
41 67
41 69
41 72
41 77
41 80
41 81
41 85
41 87
41 90
41 96
41 102
41 105
41 107
41 113
41 114
41 115
41 116
41 117
41 120
41 125
41 134
41 135
41 137
41 138
41 147
41 149
41 150
41 152
41 154
41 158
41 163
41 168
41 171
41 172
41 173
41 182
41 187
41 189
41 190
41 191
41 197
41 198
41 202
41 204
41 206
41 209
41 218
41 226
41 230
41 231
41 238
41 240
41 245
41 249
42 47
42 54
42 55
42 62
42 66
42 67
42 70
42 75
42 80
42 81
42 84
42 89
42 90
42 93
42 94
42 95
42 97
42 99
42 106
42 115
42 120
42 122
42 128
42 132
42 134
42 143
42 146
42 147
42 151
42 154
42 157
42 160
42 165
42 166
42 171
42 175
42 176
42 180
42 185
42 192
42 201
42 206
42 208
42 211
42 212
42 219
42 220
42 223
42 225
42 228
42 236
42 238
42 248
43 44
43 57
43 65
43 67
43 72
43 73
43 74
43 75
43 80
43 82
43 84
43 85
43 87
43 88
43 89
43 90
43 96
43 100
43 101
43 102
43 103
43 105
43 113
43 116
43 117
43 120
43 121
43 124
43 131
43 134
43 135
43 147
43 150
43 158
43 160
43 166
43 169
43 185
43 189
43 193
43 197
43 199
43 207
43 208
43 209
43 220
43 221
43 222
43 230
43 232
43 237
43 240
43 241
43 242
43 247
44 67
44 68
44 70
44 71
44 76
44 85
44 89
44 91
44 94
44 99
44 102
44 104
44 111
44 112
44 119
44 121
44 124
44 126
44 127
44 130
44 132
44 138
44 151
44 152
44 161
44 173
44 180
44 183
44 185
44 186
44 187
44 189
44 190
44 191
44 193
44 211
44 217
44 224
44 239
44 243
44 249
45 47
45 49
45 54
45 55
45 59
45 66
45 67
45 68
45 71
45 72
45 80
45 89
45 97
45 98
45 101
45 103
45 108
45 110
45 112
45 113
45 118
45 120
45 125
45 137
45 138
45 144
45 145
45 146
45 153
45 159
45 162
45 164
45 168
45 169
45 170
45 173
45 182
45 193
45 204
45 205
45 206
45 207
45 223
45 227
45 231
45 236
45 249
46 47
46 51
46 52
46 53
46 57
46 61
46 62
46 63
46 65
46 67
46 69
46 71
46 79
46 80
46 83
46 89
46 93
46 96
46 102
46 104
46 109
46 112
46 115
46 117
46 123
46 126
46 127
46 132
46 156
46 158
46 167
46 173
46 176
46 180
46 181
46 186
46 190
46 191
46 193
46 198
46 204
46 210
46 213
46 215
46 224
46 225
46 234
46 237
46 245
46 247
46 249
47 52
47 53
47 54
47 59
47 61
47 62
47 66
47 71
47 73
47 82
47 83
47 88
47 89
47 90
47 92
47 98
47 103
47 107
47 112
47 118
47 121
47 125
47 126
47 127
47 128
47 136
47 142
47 143
47 148
47 150
47 152
47 153
47 154
47 155
47 157
47 160
47 162
47 164
47 172
47 174
47 176
47 181
47 182
47 183
47 187
47 188
47 189
47 191
47 192
47 195
47 198
47 200
47 204
47 207
47 210
47 211
47 212
47 225
47 240
48 50
48 65
48 73
48 76
48 77
48 80
48 83
48 84
48 89
48 90
48 95
48 98
48 99
48 102
48 106
48 107
48 110
48 114
48 115
48 118
48 121
48 123
48 124
48 126
48 128
48 129
48 133
48 137
48 138
48 142
48 144
48 147
48 149
48 151
48 155
48 157
48 169
48 173
48 175
48 177
48 178
48 180
48 184
48 188
48 190
48 195
48 199
48 201
48 202
48 206
48 219
48 231
48 235
48 237
48 238
48 247
48 248
49 50
49 51
49 54
49 55
49 63
49 64
49 65
49 67
49 68
49 76
49 77
49 79
49 81
49 83
49 84
49 89
49 92
49 94
49 102
49 109
49 113
49 124
49 127
49 128
49 130
49 131
49 137
49 139
49 150
49 154
49 155
49 157
49 159
49 161
49 162
49 165
49 169
49 177
49 178
49 186
49 196
49 200
49 209
49 210
49 213
49 215
49 216
49 223
49 230
49 231
49 234
49 247
50 53
50 54
50 55
50 56
50 59
50 63
50 65
50 71
50 81
50 87
50 95
50 96
50 97
50 107
50 109
50 110
50 112
50 116
50 121
50 123
50 124
50 126
50 128
50 129
50 141
50 142
50 143
50 145
50 147
50 149
50 154
50 156
50 168
50 171
50 172
50 174
50 177
50 180
50 186
50 191
50 193
50 196
50 198
50 209
50 220
50 227
50 229
50 233
50 244
51 54
51 55
51 57
51 62
51 67
51 69
51 74
51 76
51 84
51 87
51 91
51 94
51 97
51 98
51 105
51 107
51 112
51 113
51 130
51 131
51 133
51 137
51 138
51 140
51 144
51 152
51 153
51 158
51 159
51 162
51 163
51 167
51 170
51 177
51 179
51 183
51 184
51 190
51 199
51 200
51 245
52 55
52 59
52 65
52 69
52 70
52 72
52 75
52 76
52 81
52 92
52 97
52 98
52 102
52 106
52 109
52 112
52 117
52 122
52 124
52 125
52 129
52 138
52 146
52 147
52 148
52 155
52 172
52 173
52 175
52 179
52 181
52 195
52 199
52 200
52 201
52 202
52 208
52 215
52 217
52 219
52 221
52 227
52 231
52 233
52 234
52 236
52 237
52 240
52 244
53 58
53 59
53 62
53 64
53 66
53 67
53 68
53 69
53 77
53 87
53 93
53 97
53 99
53 104
53 108
53 109
53 110
53 114
53 118
53 119
53 123
53 127
53 135
53 140
53 143
53 146
53 148
53 154
53 155
53 157
53 158
53 159
53 161
53 163
53 167
53 171
53 177
53 178
53 184
53 197
53 204
53 216
53 220
53 221
53 232
54 56
54 58
54 60
54 62
54 64
54 72
54 81
54 84
54 91
54 96
54 99
54 101
54 110
54 117
54 122
54 123
54 124
54 132
54 144
54 145
54 148
54 150
54 152
54 154
54 161
54 164
54 166
54 174
54 179
54 183
54 186
54 192
54 198
54 199
54 201
54 205
54 207
54 214
54 217
54 220
54 221
54 222
54 225
54 230
54 237
55 61
55 63
55 71
55 72
55 73
55 75
55 76
55 82
55 85
55 89
55 91
55 94
55 96
55 98
55 100
55 102
55 103
55 108
55 119
55 120
55 121
55 123
55 124
55 135
55 146
55 152
55 157
55 158
55 165
55 171
55 177
55 182
55 186
55 192
55 194
55 196
55 198
55 201
55 203
55 206
55 207
55 208
55 216
55 220
55 222
55 223
55 226
55 228
55 231
55 234
55 237
55 238
55 241
55 243
55 244
55 245
55 247
56 68
56 70
56 74
56 77
56 81
56 88
56 92
56 98
56 102
56 103
56 105
56 117
56 126
56 127
56 128
56 130
56 135
56 141
56 147
56 151
56 156
56 160
56 163
56 169
56 171
56 172
56 176
56 181
56 182
56 187
56 199
56 205
56 208
56 214
56 215
56 220
56 225
56 227
56 231
56 233
56 237
56 238
56 243
56 244
56 245
56 247
56 248
57 61
57 63
57 64
57 65
57 66
57 78
57 89
57 91
57 94
57 95
57 99
57 100
57 107
57 111
57 112
57 121
57 125
57 129
57 130
57 138
57 141
57 159
57 166
57 168
57 171
57 173
57 179
57 183
57 187
57 189
57 191
57 197
57 204
57 214
57 216
57 217
57 223
57 226
57 233
57 239
58 60
58 74
58 76
58 82
58 83
58 84
58 85
58 88
58 89
58 90
58 95
58 96
58 102
58 103
58 107
58 110
58 111
58 115
58 116
58 124
58 129
58 134
58 139
58 142
58 153
58 155
58 156
58 163
58 164
58 167
58 175
58 181
58 187
58 190
58 194
58 197
58 200
58 202
58 207
58 212
58 214
58 216
58 225
58 230
58 236
58 237
58 242
58 249
59 64
59 66
59 70
59 76
59 85
59 86
59 98
59 100
59 102
59 104
59 105
59 108
59 110
59 113
59 114
59 115
59 121
59 122
59 129
59 135
59 136
59 140
59 142
59 143
59 154
59 156
59 160
59 161
59 165
59 166
59 167
59 170
59 175
59 183
59 186
59 188
59 189
59 199
59 202
59 203
59 204
59 209
59 214
59 219
59 222
59 223
59 226
59 240
59 242
60 61
60 64
60 67
60 70
60 72
60 74
60 90
60 91
60 92
60 96
60 102
60 110
60 112
60 113
60 119
60 120
60 125
60 128
60 136
60 137
60 142
60 144
60 150
60 152
60 153
60 157
60 163
60 167
60 168
60 171
60 172
60 180
60 181
60 190
60 195
60 197
60 199
60 203
60 210
60 214
60 215
60 220
60 223
60 225
60 229
60 232
60 237
60 238
60 243
60 244
60 248
61 68
61 76
61 83
61 86
61 87
61 94
61 96
61 102
61 104
61 113
61 114
61 116
61 117
61 120
61 124
61 127
61 129
61 130
61 131
61 133
61 135
61 158
61 168
61 170
61 174
61 179
61 184
61 187
61 188
61 190
61 192
61 195
61 198
61 200
61 201
61 207
61 209
61 210
61 217
61 220
61 222
61 230
61 233
61 238
61 240
61 247
62 67
62 69
62 70
62 71
62 76
62 80
62 81
62 83
62 84
62 91
62 92
62 93
62 94
62 95
62 96
62 98
62 100
62 106
62 121
62 126
62 132
62 137
62 144
62 148
62 151
62 153
62 162
62 165
62 171
62 172
62 173
62 174
62 186
62 188
62 190
62 192
62 198
62 199
62 203
62 204
62 206
62 235
62 238
62 241
62 245
63 74
63 75
63 83
63 84
63 85
63 86
63 94
63 96
63 98
63 99
63 100
63 104
63 106
63 110
63 111
63 113
63 116
63 117
63 120
63 128
63 131
63 134
63 139
63 140
63 142
63 143
63 147
63 151
63 153
63 164
63 167
63 173
63 176
63 184
63 186
63 189
63 196
63 199
63 202
63 203
63 206
63 207
63 211
63 221
63 225
63 229
63 231
63 236
63 239
63 241
63 243
63 245
63 248
64 67
64 70
64 75
64 79
64 83
64 86
64 90
64 94
64 96
64 101
64 106
64 110
64 115
64 117
64 119
64 121
64 123
64 126
64 130
64 131
64 132
64 138
64 140
64 141
64 143
64 144
64 147
64 149
64 154
64 155
64 159
64 160
64 161
64 163
64 169
64 175
64 177
64 178
64 180
64 181
64 188
64 194
64 195
64 196
64 208
64 211
64 214
64 220
64 222
64 226
64 227
64 229
64 240
64 246
64 249
65 70
65 71
65 78
65 79
65 80
65 81
65 87
65 90
65 92
65 98
65 105
65 107
65 110
65 116
65 120
65 123
65 132
65 140
65 143
65 150
65 155
65 156
65 157
65 163
65 165
65 167
65 172
65 175
65 179
65 180
65 185
65 192
65 193
65 196
65 197
65 202
65 206
65 210
65 213
65 214
65 216
65 223
65 226
65 228
65 230
65 232
65 236
65 239
65 248
65 249
66 67
66 69
66 70
66 71
66 74
66 77
66 78
66 83
66 91
66 92
66 105
66 114
66 117
66 118
66 121
66 126
66 128
66 130
66 132
66 133
66 134
66 138
66 140
66 141
66 145
66 147
66 150
66 174
66 180
66 186
66 195
66 197
66 198
66 201
66 207
66 209
66 212
66 218
66 223
66 224
66 226
66 230
66 233
66 235
66 238
66 243
66 249
67 69
67 72
67 82
67 86
67 88
67 98
67 99
67 101
67 103
67 104
67 105
67 106
67 108
67 112
67 114
67 117
67 121
67 128
67 130
67 142
67 155
67 156
67 158
67 160
67 163
67 164
67 165
67 168
67 171
67 173
67 174
67 178
67 181
67 182
67 192
67 195
67 197
67 201
67 209
67 210
67 211
67 217
67 219
67 223
67 228
67 233
67 237
67 239
67 241
67 248
68 73
68 76
68 77
68 78
68 79
68 82
68 88
68 91
68 93
68 97
68 98
68 99
68 100
68 111
68 114
68 115
68 119
68 121
68 122
68 124
68 135
68 138
68 140
68 141
68 142
68 153
68 154
68 160
68 164
68 166
68 182
68 189
68 190
68 193
68 194
68 195
68 206
68 220
68 222
68 225
68 237
68 239
68 243
69 71
69 73
69 80
69 89
69 107
69 112
69 114
69 115
69 118
69 121
69 125
69 126
69 127
69 136
69 143
69 144
69 145
69 146
69 148
69 149
69 153
69 155
69 157
69 160
69 162
69 164
69 165
69 166
69 169
69 172
69 174
69 176
69 177
69 178
69 186
69 188
69 189
69 199
69 203
69 206
69 210
69 211
69 217
69 218
69 222
69 229
69 234
69 237
69 240
69 244
69 247
70 71
70 72
70 79
70 83
70 91
70 95
70 102
70 104
70 111
70 124
70 133
70 134
70 145
70 151
70 153
70 155
70 156
70 157
70 159
70 163
70 166
70 167
70 174
70 179
70 180
70 181
70 183
70 191
70 192
70 193
70 197
70 200
70 201
70 206
70 208
70 210
70 214
70 216
70 220
70 228
70 229
70 238
70 243
70 249
71 73
71 88
71 91
71 94
71 104
71 105
71 109
71 111
71 112
71 115
71 116
71 117
71 127
71 131
71 132
71 135
71 140
71 155
71 157
71 162
71 166
71 167
71 168
71 180
71 183
71 193
71 204
71 205
71 206
71 208
71 222
71 224
71 229
71 237
72 73
72 75
72 79
72 80
72 87
72 88
72 90
72 91
72 92
72 93
72 96
72 100
72 113
72 116
72 121
72 127
72 128
72 139
72 143
72 144
72 145
72 147
72 153
72 154
72 164
72 169
72 170
72 173
72 176
72 177
72 186
72 192
72 193
72 195
72 198
72 199
72 202
72 210
72 212
72 213
72 217
72 221
72 227
72 229
72 233
72 234
72 236
72 238
72 245
72 247
72 249
73 78
73 83
73 84
73 85
73 87
73 98
73 103
73 104
73 107
73 116
73 117
73 128
73 129
73 131
73 133
73 138
73 143
73 145
73 151
73 155
73 159
73 161
73 162
73 168
73 169
73 173
73 185
73 197
73 202
73 203
73 205
73 207
73 208
73 212
73 226
73 235
73 237
73 238
73 239
73 242
73 249
74 82
74 85
74 89
74 94
74 102
74 104
74 107
74 108
74 112
74 115
74 127
74 128
74 130
74 133
74 134
74 135
74 140
74 141
74 142
74 150
74 151
74 155
74 158
74 161
74 163
74 164
74 170
74 176
74 177
74 182
74 184
74 189
74 196
74 208
74 209
74 211
74 221
74 225
74 229
74 230
74 232
74 234
74 236
74 238
75 88
75 93
75 95
75 103
75 104
75 109
75 117
75 120
75 121
75 126
75 135
75 136
75 137
75 139
75 141
75 149
75 153
75 159
75 161
75 164
75 169
75 172
75 175
75 180
75 190
75 196
75 198
75 204
75 219
75 221
75 223
75 230
75 235
75 236
75 243
76 85
76 98
76 100
76 102
76 104
76 108
76 109
76 110
76 118
76 123
76 128
76 135
76 137
76 138
76 139
76 141
76 146
76 147
76 153
76 159
76 161
76 168
76 171
76 173
76 174
76 179
76 180
76 181
76 185
76 192
76 202
76 203
76 206
76 211
76 214
76 215
76 218
76 220
76 222
76 223
76 224
76 239
76 245
77 90
77 92
77 99
77 105
77 108
77 109
77 110
77 113
77 118
77 125
77 135
77 136
77 139
77 140
77 149
77 153
77 163
77 164
77 165
77 166
77 168
77 174
77 182
77 185
77 192
77 197
77 199
77 205
77 211
77 213
77 216
77 219
77 230
77 233
77 240
77 245
77 249
78 81
78 84
78 85
78 98
78 101
78 105
78 107
78 110
78 112
78 117
78 120
78 126
78 130
78 131
78 135
78 138
78 140
78 148
78 150
78 153
78 154
78 159
78 163
78 164
78 169
78 171
78 172
78 173
78 174
78 179
78 181
78 184
78 186
78 189
78 192
78 194
78 196
78 198
78 200
78 203
78 218
78 219
78 221
78 228
78 234
78 241
78 242
78 243
78 245
78 246
79 82
79 83
79 88
79 89
79 97
79 98
79 99
79 102
79 106
79 116
79 125
79 126
79 133
79 135
79 144
79 149
79 151
79 152
79 154
79 158
79 161
79 169
79 173
79 175
79 176
79 177
79 178
79 180
79 183
79 186
79 188
79 198
79 199
79 202
79 207
79 208
79 213
79 217
79 222
79 226
79 228
79 234
79 236
79 242
79 245
79 247
80 86
80 87
80 88
80 89
80 91
80 103
80 106
80 108
80 116
80 121
80 122
80 126
80 132
80 139
80 140
80 146
80 156
80 157
80 159
80 167
80 169
80 173
80 177
80 179
80 184
80 189
80 192
80 193
80 198
80 206
80 208
80 217
80 224
80 225
80 226
80 230
80 234
80 236
80 247
81 82
81 87
81 96
81 100
81 103
81 105
81 108
81 109
81 111
81 117
81 119
81 121
81 124
81 130
81 139
81 141
81 147
81 149
81 152
81 157
81 159
81 163
81 164
81 180
81 183
81 184
81 185
81 190
81 199
81 202
81 203
81 204
81 211
81 219
81 222
81 231
81 235
81 237
81 245
81 248
82 83
82 94
82 98
82 114
82 119
82 120
82 121
82 137
82 141
82 142
82 153
82 155
82 159
82 165
82 177
82 178
82 180
82 184
82 187
82 188
82 190
82 191
82 192
82 196
82 201
82 207
82 209
82 210
82 216
82 218
82 222
82 227
82 234
82 240
82 244
82 245
82 247
83 86
83 104
83 108
83 109
83 114
83 119
83 120
83 121
83 123
83 126
83 131
83 133
83 134
83 137
83 138
83 142
83 148
83 151
83 152
83 154
83 160
83 161
83 162
83 168
83 170
83 177
83 180
83 197
83 198
83 200
83 201
83 203
83 204
83 215
83 218
83 223
83 226
83 229
83 239
83 240
84 85
84 86
84 88
84 96
84 98
84 99
84 104
84 105
84 107
84 114
84 115
84 116
84 117
84 119
84 121
84 122
84 129
84 131
84 132
84 134
84 135
84 136
84 143
84 151
84 153
84 155
84 156
84 163
84 172
84 176
84 180
84 183
84 199
84 200
84 207
84 210
84 212
84 223
84 236
84 238
84 240
84 248
84 249
85 88
85 93
85 95
85 97
85 101
85 102
85 107
85 108
85 111
85 112
85 116
85 132
85 137
85 147
85 150
85 151
85 156
85 157
85 162
85 163
85 165
85 171
85 174
85 177
85 180
85 181
85 184
85 186
85 189
85 194
85 209
85 216
85 220
85 221
85 225
85 231
85 236
85 238
85 240
85 242
85 244
85 245
86 88
86 104
86 106
86 107
86 119
86 123
86 132
86 142
86 152
86 155
86 157
86 158
86 160
86 165
86 167
86 169
86 172
86 177
86 181
86 188
86 195
86 198
86 204
86 206
86 211
86 216
86 218
86 219
86 233
86 235
86 237
86 238
86 239
86 241
86 245
87 88
87 89
87 93
87 107
87 111
87 115
87 131
87 137
87 142
87 145
87 149
87 153
87 155
87 158
87 159
87 161
87 164
87 165
87 167
87 169
87 172
87 173
87 177
87 180
87 185
87 188
87 193
87 196
87 204
87 205
87 215
87 219
87 234
87 236
87 237
87 241
87 247
87 249
88 96
88 97
88 106
88 124
88 125
88 130
88 135
88 138
88 139
88 143
88 152
88 163
88 165
88 166
88 167
88 171
88 176
88 182
88 183
88 199
88 208
88 213
88 218
88 225
88 226
88 236
88 246
89 91
89 92
89 99
89 100
89 106
89 107
89 110
89 111
89 113
89 123
89 124
89 127
89 130
89 135
89 138
89 142
89 145
89 149
89 151
89 154
89 157
89 163
89 169
89 170
89 174
89 179
89 183
89 184
89 192
89 196
89 198
89 200
89 210
89 212
89 226
89 227
89 228
89 239
89 247
90 99
90 101
90 103
90 105
90 111
90 114
90 120
90 122
90 123
90 137
90 139
90 140
90 159
90 161
90 171
90 172
90 173
90 180
90 182
90 188
90 189
90 190
90 192
90 198
90 206
90 212
90 220
90 224
90 236
90 241
90 246
90 247
91 100
91 101
91 103
91 106
91 112
91 116
91 119
91 128
91 132
91 141
91 143
91 146
91 149
91 154
91 157
91 159
91 160
91 162
91 169
91 174
91 181
91 182
91 183
91 184
91 193
91 195
91 196
91 204
91 206
91 210
91 212
91 213
91 224
91 228
91 231
91 235
91 241
91 242
91 244
92 93
92 112
92 113
92 118
92 119
92 123
92 125
92 132
92 135
92 143
92 145
92 151
92 160
92 165
92 166
92 167
92 172
92 173
92 175
92 182
92 186
92 187
92 188
92 190
92 194
92 195
92 199
92 200
92 201
92 203
92 208
92 212
92 217
92 221
92 225
92 229
92 233
92 242
92 243
92 247
92 248
92 249
93 94
93 97
93 98
93 104
93 107
93 108
93 112
93 113
93 114
93 115
93 116
93 120
93 126
93 128
93 134
93 135
93 136
93 137
93 142
93 146
93 148
93 150
93 153
93 157
93 161
93 170
93 171
93 173
93 174
93 176
93 184
93 185
93 187
93 191
93 195
93 197
93 205
93 206
93 208
93 209
93 214
93 217
93 224
93 226
93 231
93 233
93 236
93 243
93 247
94 95
94 105
94 108
94 109
94 110
94 112
94 114
94 115
94 117
94 124
94 133
94 139
94 144
94 145
94 151
94 159
94 160
94 162
94 163
94 164
94 176
94 179
94 184
94 190
94 191
94 195
94 198
94 200
94 201
94 203
94 210
94 211
94 212
94 213
94 214
94 218
94 220
94 228
94 231
94 234
94 235
94 236
94 242
94 243
94 245
95 104
95 111
95 112
95 113
95 118
95 120
95 125
95 127
95 129
95 140
95 141
95 151
95 158
95 166
95 169
95 170
95 174
95 175
95 178
95 185
95 189
95 192
95 193
95 194
95 196
95 198
95 201
95 204
95 205
95 206
95 217
95 218
95 222
95 225
95 231
95 234
95 236
95 238
95 241
95 242
96 97
96 100
96 102
96 104
96 106
96 108
96 114
96 119
96 124
96 132
96 133
96 134
96 138
96 142
96 151
96 153
96 154
96 157
96 161
96 186
96 189
96 210
96 217
96 220
96 223
96 226
96 229
96 232
96 233
96 238
96 239
96 242
96 243
96 244
96 248
97 107
97 110
97 111
97 116
97 120
97 122
97 123
97 131
97 140
97 143
97 147
97 150
97 154
97 157
97 158
97 161
97 163
97 164
97 166
97 171
97 176
97 177
97 182
97 183
97 188
97 189
97 192
97 194
97 197
97 209
97 214
97 218
97 226
97 228
97 230
97 234
97 237
97 239
97 242
97 243
97 245
98 102
98 112
98 116
98 117
98 119
98 124
98 125
98 126
98 127
98 128
98 131
98 132
98 134
98 140
98 143
98 146
98 147
98 149
98 155
98 157
98 159
98 166
98 173
98 186
98 188
98 191
98 192
98 195
98 205
98 206
98 209
98 211
98 213
98 216
98 218
98 220
98 225
98 235
99 106
99 110
99 116
99 120
99 121
99 122
99 128
99 129
99 134
99 135
99 138
99 141
99 150
99 151
99 152
99 159
99 164
99 166
99 167
99 168
99 172
99 177
99 192
99 193
99 200
99 203
99 211
99 213
99 215
99 217
99 225
99 230
99 231
99 234
99 236
99 237
99 247
100 115
100 117
100 118
100 124
100 126
100 131
100 136
100 137
100 140
100 141
100 142
100 153
100 155
100 158
100 159
100 160
100 164
100 165
100 172
100 174
100 177
100 179
100 184
100 195
100 201
100 206
100 225
100 233
100 237
100 241
100 242
100 245
101 105
101 109
101 110
101 113
101 114
101 120
101 123
101 125
101 127
101 128
101 131
101 142
101 143
101 144
101 148
101 151
101 155
101 165
101 166
101 168
101 170
101 176
101 180
101 189
101 190
101 191
101 197
101 199
101 202
101 204
101 213
101 217
101 218
101 235
101 239
101 240
101 242
101 244
101 245
101 248
102 104
102 108
102 114
102 119
102 121
102 125
102 128
102 133
102 142
102 145
102 146
102 148
102 150
102 151
102 152
102 168
102 172
102 175
102 177
102 182
102 187
102 199
102 205
102 207
102 208
102 209
102 211
102 217
102 221
102 223
102 229
102 231
102 232
102 233
102 236
102 243
102 246
102 247
102 248
103 104
103 109
103 113
103 115
103 116
103 117
103 120
103 122
103 129
103 140
103 141
103 144
103 150
103 161
103 162
103 163
103 165
103 167
103 168
103 171
103 175
103 183
103 185
103 189
103 192
103 193
103 197
103 212
103 215
103 216
103 221
103 223
103 230
103 239
103 244
103 246
103 247
104 106
104 123
104 127
104 131
104 133
104 138
104 141
104 148
104 150
104 155
104 165
104 171
104 174
104 179
104 181
104 182
104 183
104 184
104 189
104 192
104 195
104 197
104 200
104 205
104 211
104 214
104 217
104 218
104 221
104 224
104 226
104 227
104 232
104 239
104 241
104 242
104 243
104 245
105 106
105 109
105 112
105 113
105 115
105 120
105 124
105 126
105 136
105 145
105 156
105 159
105 160
105 167
105 170
105 174
105 178
105 179
105 185
105 186
105 197
105 198
105 203
105 209
105 212
105 214
105 216
105 217
105 218
105 227
105 231
105 247
105 249
106 110
106 113
106 115
106 119
106 127
106 130
106 131
106 141
106 146
106 147
106 150
106 152
106 156
106 162
106 163
106 164
106 170
106 173
106 181
106 189
106 190
106 194
106 198
106 202
106 207
106 208
106 209
106 218
106 223
106 224
106 232
106 236
106 239
107 108
107 117
107 118
107 121
107 122
107 129
107 131
107 132
107 136
107 140
107 144
107 151
107 154
107 159
107 164
107 165
107 170
107 173
107 185
107 193
107 195
107 198
107 202
107 205
107 221
107 226
107 233
107 238
107 239
107 243
107 244
107 246
107 248
107 249
108 110
108 111
108 112
108 115
108 116
108 122
108 129
108 130
108 133
108 136
108 137
108 144
108 151
108 157
108 158
108 159
108 168
108 171
108 173
108 177
108 178
108 180
108 187
108 188
108 193
108 197
108 209
108 211
108 215
108 218
108 219
108 230
108 235
108 244
108 245
108 248
108 249
109 110
109 112
109 117
109 127
109 129
109 131
109 139
109 140
109 142
109 144
109 155
109 157
109 158
109 161
109 163
109 167
109 169
109 177
109 178
109 182
109 186
109 189
109 191
109 192
109 196
109 198
109 201
109 202
109 203
109 204
109 209
109 210
109 225
109 229
109 231
109 232
109 236
109 239
109 242
109 245
109 249
110 114
110 116
110 117
110 128
110 131
110 135
110 136
110 139
110 140
110 145
110 146
110 147
110 151
110 153
110 155
110 161
110 163
110 167
110 169
110 171
110 179
110 196
110 199
110 212
110 216
110 222
110 224
110 225
110 231
110 232
110 234
110 236
111 112
111 117
111 127
111 129
111 131
111 136
111 146
111 147
111 156
111 157
111 159
111 161
111 163
111 168
111 171
111 175
111 178
111 182
111 186
111 187
111 196
111 197
111 202
111 203
111 206
111 208
111 213
111 218
111 220
111 226
111 229
111 241
111 242
111 243
112 115
112 120
112 121
112 125
112 126
112 128
112 130
112 134
112 147
112 149
112 153
112 155
112 156
112 167
112 170
112 171
112 173
112 177
112 184
112 190
112 196
112 213
112 214
112 225
112 226
112 237
112 245
112 249
113 117
113 119
113 126
113 128
113 131
113 132
113 134
113 141
113 142
113 145
113 146
113 153
113 156
113 158
113 159
113 174
113 176
113 177
113 184
113 185
113 188
113 191
113 212
113 213
113 216
113 217
113 219
113 220
113 236
113 238
113 241
113 242
113 243
114 116
114 131
114 139
114 153
114 163
114 164
114 165
114 167
114 168
114 177
114 180
114 184
114 188
114 191
114 193
114 203
114 207
114 208
114 210
114 218
114 221
114 222
114 226
114 227
114 230
114 232
114 233
114 235
114 238
114 245
115 116
115 118
115 120
115 121
115 124
115 125
115 135
115 147
115 150
115 151
115 152
115 153
115 157
115 161
115 163
115 171
115 173
115 183
115 189
115 199
115 201
115 204
115 206
115 208
115 211
115 213
115 222
115 223
115 230
115 235
115 236
115 239
115 246
116 118
116 120
116 121
116 131
116 133
116 136
116 138
116 139
116 140
116 143
116 145
116 146
116 159
116 167
116 170
116 174
116 176
116 181
116 182
116 183
116 189
116 202
116 214
116 217
116 223
116 227
116 228
116 229
116 230
116 231
116 233
116 234
116 237
116 242
116 247
116 249
117 121
117 125
117 133
117 151
117 154
117 159
117 163
117 165
117 166
117 170
117 171
117 173
117 177
117 178
117 179
117 183
117 184
117 185
117 189
117 194
117 198
117 199
117 207
117 208
117 209
117 222
117 229
117 231
117 232
117 233
117 238
117 241
117 247
118 128
118 132
118 152
118 155
118 162
118 164
118 165
118 166
118 167
118 168
118 183
118 185
118 192
118 201
118 212
118 221
118 222
118 226
118 227
118 228
118 237
118 241
119 129
119 130
119 135
119 137
119 147
119 151
119 152
119 153
119 154
119 157
119 158
119 160
119 175
119 176
119 184
119 185
119 188
119 194
119 196
119 201
119 203
119 211
119 215
119 220
119 222
119 233
119 235
119 240
119 244
119 248
120 122
120 124
120 134
120 135
120 137
120 144
120 145
120 153
120 154
120 165
120 168
120 172
120 175
120 178
120 184
120 186
120 199
120 200
120 203
120 207
120 209
120 213
120 214
120 215
120 227
120 232
120 235
120 238
120 239
121 125
121 131
121 134
121 144
121 145
121 151
121 160
121 169
121 170
121 172
121 177
121 179
121 182
121 183
121 191
121 196
121 200
121 201
121 212
121 214
121 231
121 237
121 239
122 125
122 127
122 128
122 129
122 135
122 140
122 145
122 146
122 150
122 156
122 158
122 174
122 177
122 181
122 186
122 188
122 189
122 197
122 205
122 212
122 218
122 219
122 221
122 225
122 226
122 229
122 230
122 232
122 233
122 235
122 243
122 244
123 124
123 129
123 134
123 139
123 155
123 157
123 158
123 159
123 160
123 161
123 175
123 178
123 179
123 182
123 183
123 186
123 193
123 200
123 203
123 214
123 219
123 221
123 224
123 228
123 229
123 230
123 236
123 238
123 241
123 242
123 248
124 126
124 127
124 129
124 140
124 143
124 156
124 159
124 169
124 176
124 180
124 183
124 184
124 185
124 186
124 189
124 197
124 200
124 201
124 207
124 209
124 222
124 224
124 233
124 235
124 236
124 237
124 242
125 128
125 134
125 141
125 147
125 150
125 152
125 163
125 164
125 165
125 168
125 172
125 177
125 181
125 190
125 191
125 200
125 202
125 203
125 206
125 213
125 214
125 215
125 218
125 220
125 221
125 225
125 233
125 237
125 244
125 246
125 247
125 248
125 249
126 128
126 129
126 130
126 131
126 135
126 136
126 139
126 151
126 153
126 154
126 160
126 162
126 164
126 166
126 175
126 176
126 177
126 182
126 183
126 186
126 195
126 198
126 205
126 207
126 216
126 217
126 221
126 223
126 225
126 226
126 227
126 229
126 230
126 237
126 240
126 242
126 246
126 248
127 132
127 138
127 139
127 141
127 145
127 149
127 150
127 153
127 160
127 168
127 192
127 196
127 200
127 201
127 211
127 221
127 225
127 228
127 236
127 239
127 241
127 243
127 248
128 131
128 133
128 136
128 137
128 138
128 141
128 148
128 152
128 154
128 159
128 161
128 163
128 166
128 167
128 169
128 174
128 175
128 177
128 185
128 200
128 201
128 204
128 206
128 208
128 224
128 229
128 232
128 242
128 243
128 246
128 248
129 135
129 143
129 144
129 145
129 147
129 149
129 150
129 151
129 152
129 159
129 165
129 170
129 175
129 179
129 181
129 183
129 189
129 190
129 191
129 193
129 203
129 206
129 208
129 217
129 228
129 232
129 233
129 237
129 238
129 239
129 242
129 249
130 136
130 138
130 139
130 141
130 150
130 151
130 152
130 155
130 156
130 158
130 159
130 162
130 172
130 178
130 179
130 180
130 182
130 183
130 184
130 185
130 188
130 193
130 198
130 199
130 205
130 206
130 212
130 218
130 219
130 222
130 228
130 230
130 237
131 133
131 137
131 140
131 141
131 146
131 147
131 154
131 155
131 163
131 165
131 167
131 169
131 174
131 176
131 177
131 178
131 182
131 191
131 192
131 196
131 208
131 210
131 211
131 216
131 222
131 224
131 225
131 227
131 230
131 238
131 239
131 240
131 243
131 244
132 133
132 135
132 136
132 145
132 147
132 151
132 160
132 163
132 166
132 170
132 175
132 176
132 177
132 178
132 184
132 186
132 188
132 189
132 196
132 205
132 206
132 208
132 212
132 213
132 220
132 224
132 226
132 227
132 229
132 230
132 231
132 236
132 240
132 244
132 247
133 134
133 140
133 142
133 154
133 155
133 156
133 159
133 167
133 170
133 183
133 185
133 194
133 196
133 199
133 201
133 212
133 220
133 221
133 222
133 230
133 233
133 240
133 245
133 247
133 249
134 140
134 147
134 150
134 151
134 155
134 159
134 162
134 166
134 168
134 176
134 179
134 189
134 192
134 195
134 200
134 202
134 203
134 209
134 215
134 221
134 224
134 234
134 236
134 239
134 241
134 247
134 248
135 140
135 141
135 149
135 155
135 161
135 163
135 164
135 168
135 170
135 171
135 172
135 177
135 184
135 185
135 187
135 188
135 192
135 194
135 195
135 203
135 204
135 208
135 213
135 216
135 218
135 220
135 231
135 233
135 234
135 235
135 241
135 242
135 248
135 249
136 142
136 151
136 162
136 166
136 169
136 170
136 174
136 181
136 184
136 187
136 188
136 190
136 203
136 204
136 207
136 209
136 211
136 213
136 215
136 224
136 230
136 232
136 241
137 144
137 148
137 149
137 156
137 160
137 162
137 163
137 164
137 167
137 172
137 175
137 182
137 184
137 186
137 187
137 189
137 192
137 196
137 198
137 199
137 201
137 203
137 205
137 211
137 220
137 222
137 234
137 236
137 246
138 140
138 150
138 151
138 152
138 156
138 160
138 168
138 173
138 174
138 179
138 183
138 184
138 193
138 194
138 196
138 197
138 201
138 207
138 210
138 213
138 218
138 224
138 225
138 226
138 232
138 234
138 235
138 236
138 239
138 240
138 241
138 245
138 249
139 145
139 146
139 149
139 152
139 153
139 154
139 163
139 166
139 169
139 173
139 178
139 188
139 190
139 199
139 202
139 208
139 209
139 212
139 213
139 216
139 217
139 218
139 220
139 231
139 238
139 239
139 241
139 243
139 244
140 141
140 142
140 155
140 158
140 159
140 160
140 161
140 164
140 167
140 172
140 184
140 186
140 191
140 196
140 197
140 201
140 203
140 204
140 212
140 220
140 224
140 227
140 229
140 230
140 239
140 240
140 242
140 244
140 248
141 146
141 149
141 153
141 154
141 160
141 161
141 162
141 165
141 169
141 177
141 178
141 180
141 185
141 186
141 192
141 193
141 194
141 196
141 200
141 203
141 205
141 215
141 219
141 220
141 238
141 240
141 241
141 242
141 243
141 245
142 144
142 145
142 146
142 150
142 151
142 152
142 158
142 159
142 161
142 162
142 163
142 167
142 174
142 175
142 176
142 177
142 180
142 181
142 184
142 185
142 189
142 194
142 196
142 199
142 200
142 201
142 205
142 208
142 209
142 217
142 221
142 225
142 226
142 228
142 233
142 234
142 235
142 237
142 242
142 246
143 155
143 160
143 164
143 172
143 173
143 175
143 176
143 181
143 189
143 201
143 206
143 213
143 215
143 217
143 220
143 225
143 226
143 229
143 234
143 238
143 245
143 246
143 248
144 148
144 150
144 164
144 174
144 175
144 178
144 179
144 184
144 185
144 192
144 194
144 202
144 210
144 212
144 227
144 231
144 240
145 148
145 149
145 150
145 151
145 156
145 159
145 160
145 162
145 163
145 169
145 185
145 188
145 189
145 196
145 197
145 199
145 200
145 201
145 213
145 214
145 216
145 224
145 226
145 227
145 232
145 233
145 240
145 244
145 247
145 248
145 249
146 156
146 159
146 160
146 163
146 166
146 168
146 169
146 170
146 171
146 177
146 178
146 179
146 183
146 192
146 194
146 195
146 202
146 203
146 205
146 206
146 208
146 217
146 237
146 239
146 240
146 241
146 245
146 247
147 155
147 160
147 163
147 175
147 181
147 193
147 195
147 197
147 199
147 202
147 203
147 206
147 209
147 210
147 216
147 218
147 219
147 232
147 235
147 238
147 240
147 243
147 245
147 247
148 149
148 151
148 152
148 153
148 154
148 155
148 157
148 159
148 164
148 168
148 170
148 173
148 181
148 184
148 185
148 191
148 192
148 194
148 197
148 200
148 210
148 218
148 220
148 225
148 226
148 229
148 237
148 242
148 246
148 247
148 249
149 164
149 175
149 184
149 185
149 188
149 189
149 190
149 194
149 197
149 198
149 204
149 206
149 208
149 212
149 222
149 224
149 234
149 241
149 248
150 157
150 160
150 165
150 168
150 178
150 181
150 188
150 189
150 194
150 195
150 197
150 199
150 201
150 202
150 205
150 207
150 216
150 217
150 218
150 222
150 228
150 234
150 236
150 237
150 243
150 249
151 152
151 153
151 157
151 163
151 164
151 176
151 179
151 195
151 205
151 210
151 217
151 221
151 229
151 231
151 232
151 240
151 246
152 153
152 160
152 164
152 167
152 168
152 170
152 173
152 181
152 187
152 189
152 190
152 191
152 193
152 195
152 198
152 200
152 204
152 205
152 213
152 214
152 217
152 222
152 223
152 227
152 229
152 232
152 233
152 237
152 240
152 244
153 154
153 157
153 162
153 167
153 172
153 173
153 176
153 182
153 183
153 189
153 203
153 206
153 213
153 215
153 218
153 219
153 220
153 224
153 232
153 237
153 238
153 239
153 243
153 246
154 156
154 160
154 161
154 162
154 163
154 164
154 176
154 180
154 189
154 192
154 195
154 197
154 199
154 201
154 203
154 205
154 207
154 208
154 209
154 212
154 219
154 220
154 221
154 224
154 229
154 231
154 234
154 238
154 243
154 245
154 246
154 247
155 162
155 164
155 167
155 170
155 173
155 177
155 187
155 188
155 191
155 203
155 206
155 211
155 214
155 220
155 224
155 227
155 235
155 236
155 238
155 242
155 246
156 159
156 161
156 162
156 164
156 169
156 176
156 177
156 178
156 182
156 189
156 202
156 204
156 207
156 211
156 213
156 216
156 217
156 222
156 223
156 227
156 228
156 236
156 241
157 159
157 174
157 178
157 188
157 190
157 196
157 200
157 203
157 205
157 206
157 207
157 212
157 214
157 215
157 219
157 223
157 229
157 232
157 240
157 243
157 246
157 247
158 162
158 174
158 182
158 183
158 184
158 187
158 189
158 191
158 192
158 198
158 202
158 215
158 225
158 227
158 230
158 231
158 246
158 248
159 160
159 163
159 170
159 172
159 173
159 182
159 183
159 185
159 186
159 189
159 190
159 193
159 194
159 195
159 196
159 199
159 200
159 207
159 215
159 220
159 224
159 227
159 230
159 235
159 244
159 248
160 164
160 166
160 168
160 170
160 179
160 181
160 184
160 186
160 187
160 190
160 195
160 198
160 200
160 204
160 207
160 208
160 209
160 220
160 225
160 228
160 229
160 232
160 236
160 237
160 246
160 247
161 163
161 166
161 171
161 172
161 181
161 183
161 188
161 189
161 190
161 197
161 199
161 204
161 205
161 211
161 217
161 227
161 232
161 234
161 236
161 239
161 240
161 242
161 247
162 164
162 165
162 166
162 168
162 169
162 170
162 172
162 175
162 176
162 178
162 181
162 182
162 201
162 220
162 225
162 229
162 233
162 236
163 168
163 169
163 172
163 178
163 179
163 187
163 189
163 195
163 198
163 200
163 203
163 205
163 209
163 210
163 216
163 219
163 221
163 222
163 224
163 226
163 235
163 237
163 246
163 247
164 165
164 168
164 171
164 177
164 181
164 186
164 191
164 192
164 195
164 200
164 205
164 211
164 219
164 221
164 225
164 231
164 233
164 236
164 238
164 240
164 243
164 249
165 166
165 167
165 169
165 172
165 176
165 177
165 178
165 185
165 202
165 212
165 213
165 219
165 222
165 224
165 227
165 234
165 237
165 240
165 241
165 242
165 245
165 249
166 170
166 171
166 172
166 182
166 188
166 191
166 197
166 202
166 204
166 212
166 213
166 216
166 220
166 231
166 243
166 248
166 249
167 173
167 176
167 183
167 184
167 192
167 196
167 197
167 202
167 204
167 205
167 208
167 210
167 215
167 218
167 219
167 220
167 222
167 226
167 236
167 237
167 240
167 241
167 242
167 245
167 248
167 249
168 169
168 170
168 178
168 180
168 182
168 191
168 193
168 198
168 209
168 211
168 215
168 222
168 227
168 229
168 231
168 232
168 233
168 238
168 242
168 245
169 173
169 174
169 181
169 182
169 187
169 190
169 205
169 206
169 210
169 215
169 216
169 217
169 222
169 234
169 240
169 243
169 246
169 247
169 249
170 172
170 173
170 175
170 176
170 179
170 181
170 184
170 185
170 189
170 197
170 200
170 208
170 210
170 225
170 234
170 235
170 238
170 239
171 179
171 183
171 185
171 189
171 193
171 195
171 197
171 200
171 201
171 204
171 223
171 224
171 225
171 229
171 236
171 239
172 173
172 175
172 176
172 177
172 182
172 186
172 196
172 200
172 206
172 216
172 218
172 229
172 239
172 244
172 246
172 247
173 176
173 179
173 180
173 182
173 187
173 190
173 195
173 201
173 203
173 206
173 207
173 210
173 215
173 217
173 222
173 223
173 235
173 238
173 241
173 242
173 245
174 176
174 177
174 195
174 203
174 207
174 232
174 233
174 234
174 243
174 246
175 177
175 182
175 185
175 188
175 190
175 195
175 196
175 197
175 198
175 209
175 215
175 217
175 219
175 221
175 223
175 226
175 228
175 232
175 233
175 238
175 241
175 243
175 244
175 248
175 249
176 177
176 186
176 190
176 195
176 201
176 207
176 208
176 209
176 217
176 219
176 226
176 229
176 244
176 245
176 246
176 248
177 181
177 183
177 185
177 187
177 188
177 191
177 204
177 207
177 209
177 217
177 218
177 227
177 228
177 229
177 230
177 231
177 232
177 234
177 235
177 238
177 242
177 248
178 184
178 185
178 188
178 192
178 195
178 198
178 201
178 207
178 208
178 213
178 228
178 230
178 241
178 243
178 247
179 183
179 198
179 200
179 201
179 206
179 211
179 214
179 217
179 219
179 223
179 226
179 229
179 231
179 234
179 239
179 242
179 248
180 188
180 189
180 192
180 195
180 196
180 200
180 208
180 210
180 218
180 223
180 227
180 228
180 229
180 230
180 231
180 233
180 235
180 237
180 238
180 243
180 246
180 248
181 184
181 195
181 198
181 200
181 202
181 203
181 207
181 209
181 213
181 215
181 216
181 217
181 227
181 230
181 233
181 236
181 237
181 240
181 243
181 245
181 247
182 184
182 185
182 189
182 190
182 198
182 211
182 224
182 231
182 232
182 236
182 238
182 241
182 242
182 243
182 247
183 189
183 192
183 193
183 199
183 204
183 207
183 209
183 210
183 212
183 215
183 218
183 219
183 221
183 222
183 225
183 230
183 233
183 243
183 244
184 185
184 188
184 190
184 191
184 198
184 200
184 202
184 209
184 210
184 214
184 217
184 218
184 220
184 226
184 227
184 233
184 235
184 237
184 238
184 239
184 241
184 249
185 186
185 187
185 188
185 194
185 201
185 203
185 209
185 212
185 213
185 214
185 221
185 227
185 230
185 238
185 239
185 240
185 243
185 248
186 191
186 192
186 201
186 208
186 211
186 220
186 227
186 229
186 233
186 236
186 239
186 240
186 241
186 249
187 189
187 190
187 194
187 204
187 206
187 213
187 214
187 221
187 225
187 227
187 232
187 236
187 239
187 249
188 194
188 197
188 198
188 206
188 207
188 212
188 213
188 218
188 219
188 229
188 230
188 231
188 235
188 237
188 238
188 241
188 245
188 249
189 190
189 195
189 201
189 203
189 204
189 205
189 207
189 219
189 231
189 232
189 243
189 244
190 192
190 198
190 199
190 200
190 204
190 208
190 211
190 217
190 227
190 230
190 233
190 238
190 239
190 240
190 241
190 249
191 194
191 218
191 220
191 221
191 224
191 227
191 228
191 230
191 248
192 196
192 197
192 201
192 202
192 204
192 206
192 209
192 212
192 216
192 220
192 223
192 224
192 225
192 228
192 231
192 236
192 237
192 248
192 249
193 194
193 199
193 200
193 206
193 218
193 224
193 227
193 229
193 234
193 240
193 243
193 244
194 198
194 200
194 203
194 204
194 207
194 210
194 212
194 214
194 218
194 219
194 231
194 233
194 246
195 202
195 204
195 207
195 213
195 216
195 217
195 225
195 228
195 229
195 232
195 235
195 236
195 243
195 244
196 197
196 201
196 205
196 206
196 211
196 212
196 218
196 219
196 220
196 226
196 229
196 231
196 233
196 234
196 236
196 242
196 244
197 198
197 202
197 207
197 210
197 217
197 221
197 226
197 233
197 235
197 238
197 243
197 244
197 246
198 199
198 200
198 208
198 212
198 214
198 217
198 220
198 221
198 225
198 230
198 231
198 232
198 233
198 249
199 202
199 204
199 211
199 212
199 213
199 222
199 227
199 233
199 236
199 240
199 243
199 248
200 204
200 207
200 216
200 221
200 224
200 225
200 226
200 228
200 230
200 238
200 247
200 248
201 204
201 210
201 214
201 215
201 219
201 224
201 226
201 227
201 228
201 238
201 246
201 249
202 203
202 204
202 205
202 215
202 216
202 220
202 231
202 235
203 207
203 208
203 211
203 220
203 221
203 222
203 226
203 234
203 237
203 241
203 242
203 248
204 209
204 212
204 215
204 221
204 223
204 224
204 226
204 229
204 231
204 233
204 247
205 211
205 212
205 213
205 220
205 223
205 224
205 227
205 242
205 243
205 244
205 245
205 247
205 248
206 208
206 210
206 213
206 218
206 220
206 226
206 239
206 245
206 246
206 247
207 209
207 211
207 214
207 241
207 242
207 246
207 247
208 219
208 221
208 224
208 232
208 245
208 247
208 248
209 212
209 217
209 218
209 224
209 234
209 241
209 242
209 247
209 249
210 214
210 217
210 220
210 221
210 222
210 232
210 236
210 238
210 246
210 247
210 248
211 212
211 214
211 220
211 221
211 223
211 229
211 239
211 241
211 244
211 249
212 223
212 228
212 230
212 231
212 233
212 237
212 239
212 240
212 241
212 246
212 248
213 214
213 216
213 217
213 225
213 227
213 228
213 233
213 236
213 237
213 238
213 241
213 247
214 221
214 225
214 231
214 233
214 234
214 238
214 239
214 241
214 247
214 249
215 220
215 226
215 227
215 233
215 234
215 238
215 242
215 244
215 247
215 248
216 219
216 220
216 224
216 225
216 226
216 231
216 234
216 235
216 241
216 243
216 248
217 222
217 225
217 230
217 236
217 238
217 248
217 249
218 227
218 240
218 241
218 244
219 223
219 226
219 227
219 229
219 233
219 234
219 239
219 244
220 221
220 223
220 224
220 238
220 245
220 247
220 248
220 249
221 232
221 233
221 238
221 241
221 245
221 249
222 227
222 228
222 231
222 233
222 239
222 240
222 244
222 248
223 245
223 249
224 231
224 233
224 244
224 246
225 235
225 236
225 239
225 245
225 246
226 227
226 233
226 235
226 237
226 239
226 242
226 244
226 248
226 249
227 230
227 237
227 242
227 243
227 244
227 247
227 249
228 231
228 232
228 233
228 237
228 238
228 241
228 245
228 248
229 232
229 236
230 236
230 239
230 243
230 246
231 247
232 234
232 236
232 242
232 244
232 245
232 246
232 248
232 249
233 242
233 244
233 248
234 238
234 241
234 243
234 248
235 244
235 246
235 247
235 248
236 237
236 238
236 239
236 240
236 244
236 248
236 249
237 238
237 240
238 246
238 247
239 243
239 246
240 243
240 244
240 249
241 245
242 249
243 246
244 245
246 249
