0 3
0 6
0 7
0 8
0 9
0 10
0 13
0 15
0 20
0 22
0 25
0 28
0 32
0 34
0 37
0 38
0 42
0 44
0 50
0 54
0 59
0 61
0 65
0 66
0 68
0 78
0 81
0 82
0 91
0 92
0 93
0 94
0 104
0 105
0 110
0 111
0 114
0 115
0 118
0 121
0 123
0 126
0 127
0 130
0 138
0 139
0 143
0 144
0 145
0 151
0 153
0 154
0 157
0 162
0 167
0 168
0 171
0 181
0 182
0 185
0 201
0 202
0 204
0 206
0 209
0 212
0 214
0 223
0 227
0 231
0 233
0 234
0 236
0 238
0 245
0 246
0 248
1 2
1 8
1 17
1 21
1 24
1 25
1 31
1 40
1 42
1 44
1 48
1 55
1 57
1 62
1 63
1 70
1 72
1 75
1 82
1 85
1 90
1 93
1 97
1 105
1 114
1 116
1 117
1 119
1 121
1 124
1 138
1 146
1 150
1 156
1 157
1 158
1 164
1 165
1 167
1 168
1 169
1 173
1 175
1 182
1 184
1 185
1 192
1 200
1 206
1 220
1 221
1 225
1 226
1 228
1 230
1 233
1 234
1 235
1 247
1 249
2 10
2 12
2 13
2 14
2 15
2 16
2 17
2 18
2 22
2 25
2 27
2 36
2 39
2 41
2 44
2 48
2 50
2 51
2 53
2 57
2 58
2 59
2 60
2 61
2 67
2 68
2 69
2 76
2 78
2 81
2 87
2 88
2 89
2 90
2 96
2 101
2 102
2 109
2 110
2 114
2 117
2 119
2 122
2 127
2 132
2 137
2 146
2 147
2 148
2 150
2 151
2 153
2 155
2 158
2 159
2 161
2 162
2 164
2 165
2 169
2 171
2 177
2 179
2 184
2 187
2 191
2 193
2 195
2 196
2 197
2 198
2 200
2 206
2 207
2 215
2 217
2 219
2 220
2 225
2 228
2 230
2 232
2 238
2 242
2 243
3 5
3 6
3 10
3 13
3 14
3 16
3 20
3 21
3 23
3 25
3 31
3 32
3 33
3 36
3 37
3 43
3 46
3 47
3 49
3 51
3 52
3 57
3 59
3 64
3 69
3 77
3 78
3 80
3 85
3 88
3 91
3 94
3 95
3 96
3 110
3 111
3 112
3 114
3 117
3 119
3 128
3 133
3 134
3 139
3 145
3 146
3 150
3 152
3 154
3 157
3 163
3 164
3 168
3 169
3 171
3 172
3 177
3 180
3 181
3 188
3 193
3 199
3 200
3 201
3 207
3 208
3 209
3 213
3 218
3 227
3 228
3 231
3 233
3 238
3 244
3 246
3 248
4 6
4 7
4 10
4 13
4 16
4 18
4 19
4 27
4 29
4 37
4 48
4 49
4 50
4 56
4 58
4 62
4 63
4 66
4 70
4 75
4 76
4 77
4 81
4 82
4 85
4 89
4 93
4 97
4 102
4 109
4 112
4 115
4 116
4 118
4 119
4 120
4 125
4 127
4 129
4 133
4 137
4 142
4 151
4 154
4 156
4 158
4 161
4 162
4 166
4 167
4 175
4 182
4 183
4 185
4 186
4 191
4 194
4 199
4 204
4 205
4 207
4 215
4 217
4 220
4 223
4 224
4 226
4 227
4 230
4 234
4 237
4 244
4 248
5 14
5 15
5 22
5 25
5 33
5 35
5 37
5 41
5 45
5 46
5 49
5 53
5 56
5 57
5 59
5 61
5 62
5 63
5 71
5 73
5 74
5 76
5 77
5 78
5 79
5 80
5 87
5 91
5 93
5 97
5 98
5 99
5 102
5 109
5 118
5 124
5 130
5 131
5 138
5 140
5 142
5 147
5 151
5 152
5 156
5 157
5 159
5 162
5 163
5 164
5 168
5 174
5 177
5 182
5 183
5 186
5 199
5 206
5 210
5 213
5 214
5 219
5 220
5 221
5 226
5 228
5 229
5 230
5 233
5 234
5 237
5 239
5 241
6 11
6 13
6 19
6 23
6 29
6 32
6 37
6 38
6 42
6 45
6 49
6 57
6 58
6 59
6 61
6 62
6 67
6 68
6 71
6 76
6 81
6 82
6 83
6 85
6 88
6 89
6 90
6 92
6 94
6 97
6 103
6 106
6 109
6 120
6 124
6 132
6 136
6 138
6 142
6 149
6 152
6 158
6 159
6 162
6 165
6 168
6 170
6 173
6 176
6 177
6 178
6 181
6 182
6 183
6 186
6 187
6 194
6 196
6 197
6 198
6 204
6 206
6 207
6 218
6 223
6 227
6 232
6 235
6 240
6 243
6 244
6 245
6 247
7 8
7 9
7 15
7 16
7 17
7 21
7 22
7 25
7 26
7 27
7 28
7 32
7 39
7 42
7 52
7 54
7 61
7 63
7 68
7 74
7 80
7 81
7 84
7 89
7 90
7 91
7 94
7 99
7 100
7 111
7 112
7 116
7 124
7 127
7 134
7 135
7 136
7 138
7 141
7 142
7 147
7 156
7 160
7 164
7 165
7 167
7 168
7 170
7 171
7 175
7 179
7 180
7 181
7 185
7 187
7 192
7 193
7 195
7 199
7 200
7 209
7 210
7 218
7 219
7 220
7 221
7 227
7 228
7 232
7 238
7 240
8 9
8 10
8 11
8 14
8 16
8 19
8 20
8 22
8 45
8 46
8 49
8 50
8 59
8 65
8 67
8 68
8 71
8 73
8 77
8 80
8 84
8 93
8 94
8 95
8 96
8 102
8 104
8 107
8 111
8 112
8 114
8 116
8 118
8 120
8 121
8 129
8 131
8 132
8 136
8 142
8 143
8 147
8 148
8 149
8 151
8 152
8 158
8 159
8 160
8 165
8 166
8 167
8 174
8 176
8 187
8 189
8 191
8 193
8 198
8 199
8 212
8 215
8 216
8 224
8 227
8 229
8 233
8 237
8 239
8 240
8 244
8 245
8 247
8 248
9 10
9 14
9 15
9 16
9 22
9 23
9 24
9 25
9 27
9 31
9 44
9 46
9 51
9 54
9 56
9 60
9 66
9 67
9 72
9 75
9 78
9 83
9 89
9 92
9 94
9 95
9 100
9 101
9 102
9 103
9 104
9 109
9 110
9 112
9 116
9 118
9 125
9 130
9 132
9 138
9 139
9 140
9 141
9 142
9 143
9 145
9 149
9 153
9 156
9 161
9 162
9 166
9 172
9 183
9 184
9 190
9 193
9 195
9 196
9 198
9 199
9 205
9 206
9 211
9 219
9 220
9 221
9 222
9 224
9 225
9 226
9 229
9 230
9 233
9 235
9 239
9 241
9 244
9 247
10 11
10 16
10 20
10 21
10 23
10 26
10 27
10 34
10 36
10 39
10 41
10 43
10 52
10 55
10 58
10 62
10 68
10 72
10 73
10 81
10 83
10 84
10 89
10 92
10 93
10 98
10 99
10 101
10 106
10 109
10 112
10 113
10 114
10 120
10 121
10 122
10 132
10 133
10 136
10 141
10 142
10 146
10 150
10 154
10 155
10 157
10 162
10 163
10 166
10 169
10 172
10 175
10 182
10 184
10 187
10 188
10 190
10 195
10 196
10 197
10 201
10 203
10 204
10 206
10 210
10 211
10 216
10 219
10 220
10 222
10 223
10 224
10 226
10 231
10 234
10 237
10 241
10 243
10 249
11 16
11 18
11 21
11 24
11 25
11 26
11 27
11 28
11 30
11 33
11 34
11 36
11 39
11 42
11 43
11 45
11 46
11 50
11 51
11 56
11 57
11 61
11 65
11 66
11 68
11 73
11 75
11 82
11 85
11 88
11 96
11 98
11 100
11 102
11 107
11 108
11 117
11 126
11 127
11 130
11 135
11 136
11 137
11 146
11 155
11 158
11 176
11 177
11 178
11 181
11 182
11 188
11 190
11 193
11 195
11 197
11 200
11 201
11 204
11 207
11 212
11 213
11 220
11 224
11 226
11 235
11 238
11 240
11 246
11 248
12 21
12 25
12 27
12 28
12 35
12 37
12 39
12 45
12 48
12 53
12 54
12 55
12 58
12 60
12 61
12 62
12 64
12 65
12 69
12 72
12 84
12 86
12 100
12 101
12 103
12 105
12 107
12 108
12 111
12 117
12 119
12 121
12 131
12 132
12 135
12 138
12 146
12 151
12 152
12 154
12 156
12 159
12 162
12 172
12 173
12 177
12 179
12 181
12 186
12 197
12 205
12 210
12 212
12 221
12 224
12 230
12 231
12 233
12 234
12 237
12 238
12 244
12 245
12 246
12 247
12 248
12 249
13 17
13 30
13 33
13 39
13 40
13 41
13 46
13 47
13 50
13 56
13 60
13 63
13 65
13 66
13 74
13 79
13 88
13 91
13 92
13 93
13 94
13 98
13 104
13 109
13 111
13 112
13 114
13 120
13 124
13 131
13 132
13 133
13 134
13 136
13 137
13 139
13 140
13 141
13 143
13 148
13 153
13 155
13 158
13 159
13 163
13 165
13 166
13 169
13 172
13 176
13 184
13 186
13 189
13 191
13 194
13 196
13 198
13 204
13 206
13 207
13 209
13 217
13 218
13 224
13 238
13 241
13 244
13 249
14 15
14 20
14 33
14 38
14 39
14 41
14 45
14 54
14 57
14 61
14 64
14 69
14 71
14 72
14 74
14 75
14 76
14 78
14 81
14 84
14 106
14 114
14 115
14 116
14 117
14 120
14 126
14 128
14 130
14 131
14 143
14 145
14 149
14 154
14 155
14 176
14 177
14 181
14 184
14 186
14 190
14 193
14 196
14 198
14 204
14 206
14 208
14 215
14 222
14 223
14 234
14 236
14 240
14 243
14 249
15 16
15 20
15 23
15 25
15 27
15 30
15 34
15 37
15 39
15 40
15 42
15 44
15 47
15 50
15 54
15 55
15 62
15 63
15 65
15 66
15 67
15 75
15 77
15 80
15 83
15 86
15 87
15 88
15 92
15 96
15 103
15 106
15 118
15 123
15 124
15 125
15 129
15 136
15 137
15 143
15 145
15 148
15 149
15 158
15 160
15 162
15 171
15 173
15 174
15 175
15 179
15 180
15 181
15 185
15 188
15 189
15 190
15 195
15 197
15 199
15 200
15 212
15 213
15 215
15 217
15 218
15 219
15 220
15 223
15 226
15 231
15 240
15 244
15 246
16 17
16 20
16 24
16 33
16 36
16 38
16 43
16 48
16 49
16 50
16 51
16 54
16 62
16 63
16 71
16 72
16 78
16 80
16 83
16 85
16 86
16 88
16 92
16 93
16 95
16 101
16 105
16 108
16 113
16 114
16 118
16 120
16 121
16 127
16 128
16 131
16 136
16 142
16 143
16 153
16 157
16 166
16 169
16 172
16 174
16 182
16 183
16 184
16 188
16 195
16 200
16 214
16 217
16 218
16 220
16 221
16 222
16 224
16 225
16 227
16 233
16 238
16 240
16 241
16 245
16 247
17 18
17 19
17 20
17 26
17 32
17 36
17 37
17 38
17 43
17 45
17 46
17 47
17 52
17 53
17 57
17 61
17 62
17 66
17 80
17 81
17 87
17 90
17 96
17 99
17 102
17 103
17 104
17 105
17 106
17 113
17 115
17 119
17 122
17 123
17 125
17 126
17 130
17 147
17 153
17 154
17 155
17 157
17 158
17 173
17 175
17 182
17 183
17 189
17 191
17 192
17 193
17 194
17 196
17 198
17 199
17 202
17 206
17 208
17 209
17 213
17 214
17 215
17 224
17 226
17 227
17 239
17 241
17 248
18 20
18 22
18 24
18 26
18 27
18 30
18 32
18 38
18 41
18 43
18 48
18 54
18 56
18 58
18 60
18 61
18 69
18 73
18 76
18 77
18 81
18 84
18 85
18 89
18 96
18 97
18 101
18 104
18 108
18 110
18 113
18 118
18 125
18 126
18 131
18 133
18 141
18 143
18 146
18 150
18 153
18 154
18 165
18 173
18 174
18 176
18 184
18 185
18 187
18 188
18 193
18 200
18 202
18 204
18 211
18 212
18 213
18 219
18 222
18 224
18 225
18 227
18 232
18 233
18 241
18 242
18 246
19 20
19 21
19 22
19 29
19 37
19 42
19 43
19 45
19 46
19 51
19 52
19 54
19 63
19 64
19 65
19 71
19 78
19 81
19 90
19 101
19 106
19 111
19 124
19 133
19 137
19 141
19 142
19 145
19 146
19 147
19 154
19 173
19 180
19 181
19 183
19 184
19 185
19 186
19 191
19 192
19 196
19 197
19 198
19 199
19 205
19 215
19 218
19 224
19 225
19 233
19 234
19 238
19 239
19 241
19 242
19 247
19 248
20 21
20 28
20 29
20 30
20 35
20 37
20 38
20 42
20 43
20 45
20 47
20 49
20 53
20 55
20 57
20 59
20 60
20 62
20 70
20 75
20 81
20 89
20 90
20 91
20 92
20 93
20 95
20 97
20 98
20 99
20 100
20 105
20 107
20 110
20 112
20 118
20 120
20 121
20 122
20 126
20 127
20 131
20 136
20 143
20 144
20 145
20 146
20 148
20 152
20 156
20 161
20 169
20 176
20 183
20 186
20 188
20 190
20 192
20 196
20 197
20 199
20 200
20 201
20 202
20 212
20 215
20 216
20 219
20 223
20 227
20 230
20 231
20 235
20 239
20 241
20 246
20 247
20 249
21 23
21 25
21 26
21 27
21 31
21 44
21 45
21 48
21 50
21 52
21 60
21 61
21 63
21 70
21 76
21 77
21 82
21 90
21 91
21 94
21 96
21 108
21 111
21 112
21 119
21 120
21 124
21 125
21 128
21 131
21 137
21 140
21 141
21 142
21 144
21 146
21 149
21 152
21 156
21 157
21 159
21 162
21 167
21 172
21 174
21 176
21 179
21 182
21 190
21 193
21 200
21 203
21 204
21 207
21 219
21 221
21 226
21 229
21 233
21 235
21 237
21 239
21 243
21 245
21 246
21 247
21 249
22 27
22 28
22 30
22 31
22 32
22 33
22 36
22 40
22 47
22 50
22 54
22 58
22 67
22 71
22 72
22 73
22 75
22 76
22 79
22 82
22 85
22 86
22 87
22 88
22 91
22 94
22 98
22 101
22 106
22 108
22 110
22 114
22 118
22 123
22 125
22 133
22 134
22 135
22 140
22 147
22 149
22 151
22 155
22 158
22 161
22 167
22 178
22 179
22 180
22 182
22 187
22 189
22 191
22 194
22 200
22 201
22 202
22 204
22 208
22 209
22 210
22 212
22 215
22 219
22 222
22 232
22 236
22 237
22 239
22 246
22 249
23 24
23 26
23 27
23 28
23 31
23 33
23 34
23 35
23 38
23 42
23 45
23 47
23 48
23 56
23 58
23 59
23 62
23 64
23 77
23 86
23 89
23 92
23 108
23 110
23 112
23 113
23 116
23 119
23 121
23 122
23 123
23 133
23 144
23 145
23 146
23 147
23 150
23 151
23 156
23 157
23 158
23 162
23 163
23 165
23 167
23 172
23 174
23 180
23 181
23 184
23 189
23 190
23 197
23 201
23 203
23 206
23 207
23 209
23 216
23 225
23 226
23 229
23 233
23 235
23 237
23 238
23 239
23 242
23 243
23 245
23 248
24 26
24 34
24 35
24 37
24 38
24 39
24 41
24 43
24 44
24 50
24 51
24 52
24 56
24 60
24 64
24 65
24 66
24 68
24 69
24 70
24 73
24 76
24 77
24 83
24 84
24 87
24 88
24 91
24 92
24 93
24 101
24 102
24 104
24 110
24 111
24 117
24 120
24 124
24 126
24 130
24 140
24 144
24 145
24 146
24 150
24 151
24 152
24 156
24 157
24 158
24 161
24 163
24 165
24 166
24 172
24 173
24 179
24 196
24 198
24 205
24 207
24 211
24 213
24 219
24 222
24 226
24 236
24 237
24 239
24 243
24 249
25 26
25 29
25 34
25 36
25 37
25 39
25 40
25 43
25 48
25 49
25 50
25 51
25 53
25 54
25 58
25 59
25 62
25 63
25 71
25 75
25 76
25 83
25 84
25 85
25 86
25 94
25 95
25 96
25 104
25 106
25 107
25 111
25 113
25 114
25 115
25 122
25 123
25 133
25 135
25 145
25 152
25 154
25 156
25 159
25 163
25 173
25 175
25 176
25 179
25 183
25 184
25 185
25 188
25 189
25 191
25 194
25 200
25 205
25 208
25 210
25 214
25 222
25 223
25 231
25 233
25 234
25 239
25 243
25 248
26 30
26 32
26 33
26 40
26 42
26 50
26 56
26 57
26 59
26 60
26 64
26 72
26 75
26 77
26 78
26 81
26 83
26 88
26 92
26 94
26 96
26 98
26 101
26 106
26 117
26 118
26 120
26 124
26 133
26 136
26 139
26 144
26 146
26 150
26 153
26 167
26 175
26 177
26 180
26 181
26 185
26 186
26 191
26 195
26 196
26 197
26 201
26 203
26 204
26 212
26 216
26 217
26 222
26 224
26 226
26 227
26 228
26 232
26 245
26 246
27 29
27 37
27 42
27 43
27 52
27 56
27 60
27 62
27 66
27 69
27 71
27 72
27 79
27 84
27 85
27 87
27 91
27 96
27 100
27 111
27 112
27 115
27 116
27 117
27 119
27 123
27 127
27 141
27 143
27 148
27 149
27 151
27 153
27 154
27 156
27 157
27 159
27 161
27 168
27 173
27 178
27 186
27 189
27 202
27 211
27 212
27 214
27 218
27 222
27 223
27 224
27 225
27 226
27 227
27 240
27 243
27 246
27 247
28 29
28 36
28 39
28 42
28 43
28 45
28 46
28 51
28 53
28 54
28 56
28 61
28 68
28 73
28 78
28 80
28 82
28 89
28 91
28 93
28 99
28 105
28 106
28 107
28 108
28 109
28 110
28 115
28 118
28 122
28 128
28 129
28 132
28 133
28 134
28 136
28 137
28 139
28 147
28 155
28 158
28 159
28 160
28 163
28 166
28 169
28 171
28 172
28 174
28 176
28 177
28 184
28 185
28 186
28 187
28 189
28 191
28 199
28 201
28 215
28 216
28 218
28 221
28 222
28 230
28 231
28 233
28 241
28 244
28 245
29 30
29 31
29 34
29 35
29 36
29 37
29 39
29 44
29 46
29 49
29 53
29 54
29 58
29 66
29 67
29 78
29 83
29 85
29 86
29 87
29 88
29 95
29 96
29 98
29 104
29 105
29 110
29 111
29 113
29 115
29 120
29 124
29 125
29 130
29 131
29 136
29 141
29 145
29 151
29 154
29 157
29 167
29 168
29 172
29 173
29 176
29 178
29 181
29 183
29 186
29 188
29 191
29 192
29 193
29 197
29 198
29 200
29 206
29 207
29 208
29 210
29 211
29 212
29 214
29 216
29 221
29 223
29 226
29 227
29 229
29 231
29 236
29 238
29 241
29 242
29 247
30 31
30 32
30 34
30 37
30 40
30 49
30 50
30 56
30 59
30 61
30 71
30 74
30 76
30 77
30 79
30 86
30 94
30 95
30 96
30 98
30 99
30 100
30 103
30 106
30 110
30 114
30 116
30 120
30 127
30 131
30 132
30 138
30 139
30 142
30 143
30 145
30 150
30 151
30 153
30 155
30 158
30 161
30 167
30 172
30 173
30 177
30 183
30 187
30 189
30 190
30 196
30 200
30 208
30 209
30 211
30 215
30 216
30 220
30 221
30 224
30 225
30 227
30 230
30 232
30 233
30 234
30 236
30 238
30 243
30 244
30 247
30 249
31 37
31 38
31 39
31 46
31 49
31 64
31 68
31 69
31 75
31 79
31 82
31 88
31 89
31 92
31 96
31 97
31 99
31 102
31 103
31 104
31 106
31 123
31 124
31 131
31 133
31 139
31 140
31 141
31 147
31 151
31 153
31 154
31 162
31 165
31 168
31 171
31 175
31 178
31 180
31 181
31 183
31 188
31 189
31 190
31 192
31 196
31 205
31 206
31 207
31 209
31 215
31 217
31 220
31 221
31 222
31 225
31 229
31 230
31 236
31 238
31 240
31 241
31 243
32 33
32 43
32 44
32 49
32 52
32 55
32 62
32 63
32 64
32 67
32 73
32 78
32 80
32 81
32 82
32 86
32 88
32 89
32 93
32 102
32 104
32 106
32 112
32 115
32 118
32 119
32 121
32 123
32 127
32 138
32 140
32 143
32 146
32 148
32 166
32 169
32 170
32 174
32 179
32 183
32 184
32 185
32 190
32 191
32 194
32 196
32 199
32 205
32 206
32 212
32 213
32 214
32 218
32 219
32 220
32 221
32 225
32 228
32 232
32 235
32 236
32 243
32 244
32 245
32 247
33 40
33 45
33 47
33 49
33 51
33 53
33 56
33 60
33 61
33 65
33 70
33 78
33 79
33 85
33 86
33 88
33 94
33 95
33 102
33 104
33 107
33 108
33 110
33 117
33 120
33 121
33 122
33 123
33 125
33 135
33 140
33 142
33 147
33 150
33 154
33 159
33 174
33 177
33 179
33 184
33 186
33 187
33 190
33 194
33 195
33 196
33 197
33 203
33 206
33 212
33 218
33 222
33 229
33 231
33 236
33 238
33 242
33 243
33 245
33 249
34 35
34 36
34 41
34 42
34 46
34 55
34 56
34 57
34 62
34 65
34 69
34 76
34 78
34 80
34 85
34 87
34 90
34 91
34 93
34 95
34 109
34 114
34 116
34 118
34 122
34 125
34 126
34 128
34 134
34 137
34 138
34 147
34 150
34 155
34 158
34 162
34 165
34 168
34 170
34 174
34 185
34 188
34 191
34 193
34 195
34 203
34 204
34 211
34 214
34 215
34 218
34 227
34 229
34 231
34 232
34 233
34 237
34 244
34 246
34 249
35 40
35 41
35 45
35 46
35 48
35 49
35 52
35 55
35 57
35 61
35 63
35 65
35 66
35 73
35 75
35 78
35 79
35 81
35 86
35 87
35 91
35 94
35 98
35 103
35 105
35 106
35 107
35 109
35 115
35 121
35 122
35 124
35 125
35 130
35 135
35 145
35 152
35 154
35 155
35 156
35 158
35 159
35 161
35 163
35 164
35 167
35 168
35 177
35 178
35 179
35 180
35 183
35 184
35 186
35 189
35 201
35 206
35 207
35 208
35 209
35 222
35 224
35 227
35 228
35 230
35 237
35 238
35 241
35 242
36 38
36 40
36 43
36 44
36 45
36 46
36 48
36 50
36 54
36 55
36 56
36 60
36 72
36 75
36 77
36 81
36 85
36 87
36 88
36 90
36 94
36 102
36 105
36 112
36 116
36 118
36 127
36 128
36 133
36 137
36 140
36 151
36 153
36 154
36 162
36 165
36 168
36 175
36 178
36 180
36 183
36 186
36 189
36 191
36 194
36 200
36 203
36 205
36 207
36 209
36 210
36 214
36 219
36 220
36 221
36 223
36 226
36 228
36 232
36 234
36 237
36 239
36 245
37 41
37 42
37 55
37 57
37 60
37 73
37 77
37 78
37 79
37 80
37 91
37 92
37 98
37 103
37 106
37 115
37 116
37 119
37 120
37 128
37 131
37 133
37 136
37 138
37 139
37 141
37 147
37 152
37 155
37 156
37 158
37 159
37 160
37 161
37 166
37 167
37 169
37 170
37 171
37 173
37 174
37 176
37 177
37 182
37 185
37 189
37 194
37 198
37 210
37 214
37 224
37 225
37 227
37 231
37 237
37 238
37 239
37 249
38 39
38 41
38 42
38 45
38 50
38 51
38 52
38 54
38 57
38 61
38 64
38 68
38 69
38 80
38 84
38 87
38 92
38 94
38 96
38 98
38 100
38 101
38 103
38 106
38 107
38 108
38 113
38 116
38 119
38 121
38 125
38 126
38 129
38 132
38 134
38 138
38 146
38 153
38 158
38 169
38 170
38 171
38 178
38 185
38 188
38 191
38 192
38 195
38 198
38 200
38 201
38 202
38 203
38 206
38 217
38 219
38 220
38 225
38 226
38 227
38 228
38 237
38 241
38 242
38 246
39 43
39 47
39 51
39 53
39 54
39 56
39 61
39 62
39 64
39 71
39 75
39 78
39 84
39 85
39 86
39 88
39 92
39 93
39 94
39 95
39 98
39 100
39 102
39 107
39 116
39 126
39 135
39 137
39 143
39 144
39 149
39 152
39 155
39 157
39 160
39 163
39 167
39 168
39 171
39 172
39 173
39 177
39 179
39 180
39 182
39 185
39 186
39 190
39 201
39 203
39 205
39 206
39 209
39 212
39 213
39 217
39 218
39 219
39 220
39 224
39 227
39 229
39 230
39 234
39 236
39 237
39 238
39 242
39 244
39 248
40 41
40 44
40 45
40 46
40 52
40 61
40 65
40 68
40 69
40 71
40 73
40 74
40 78
40 81
40 82
40 85
40 86
40 89
40 92
40 93
40 96
40 100
40 105
40 109
40 112
40 113
40 125
40 126
40 132
40 133
40 137
40 138
40 140
40 141
40 142
40 144
40 147
40 148
40 151
40 152
40 153
40 165
40 166
40 167
40 168
40 171
40 174
40 175
40 179
40 183
40 185
40 189
40 190
40 192
40 197
40 198
40 199
40 204
40 214
40 217
40 227
40 233
40 234
40 239
40 240
40 248
40 249
41 44
41 47
41 49
41 51
41 56
41 60
41 63
41 66
41 67
41 71
41 74
41 76
41 78
41 79
41 84
41 86
41 88
41 93
41 96
41 98
41 99
41 100
41 105
41 106
41 113
41 114
41 115
41 119
41 122
41 123
41 130
41 133
41 134
41 145
41 146
41 149
41 151
41 155
41 156
41 160
41 161
41 162
41 166
41 167
41 170
41 176
41 192
41 193
41 198
41 199
41 204
41 206
41 209
41 216
41 217
41 219
41 221
41 223
41 225
41 226
41 227
41 234
41 235
41 240
41 247
41 249
42 43
42 50
42 52
42 58
42 59
42 61
42 62
42 63
42 66
42 69
42 75
42 76
42 77
42 80
42 82
42 83
42 85
42 86
42 90
42 95
42 96
42 99
42 100
42 103
42 106
42 107
42 108
42 110
42 114
42 115
42 116
42 119
42 125
42 128
42 133
42 134
42 137
42 138
42 144
42 150
42 158
42 159
42 162
42 163
42 167
42 170
42 171
42 179
42 190
42 194
42 195
42 196
42 209
42 212
42 215
42 218
42 220
42 224
42 230
42 234
42 241
43 46
43 52
43 54
43 62
43 63
43 65
43 67
43 68
43 71
43 84
43 88
43 94
43 97
43 99
43 100
43 111
43 113
43 115
43 116
43 121
43 122
43 124
43 127
43 132
43 135
43 136
43 140
43 142
43 143
43 145
43 153
43 158
43 174
43 175
43 177
43 180
43 181
43 183
43 186
43 187
43 189
43 192
43 194
43 199
43 200
43 202
43 206
43 219
43 220
43 221
43 224
43 232
43 233
43 238
43 240
43 241
43 247
43 248
44 46
44 47
44 56
44 57
44 64
44 67
44 69
44 71
44 78
44 84
44 85
44 86
44 90
44 96
44 97
44 101
44 107
44 109
44 115
44 123
44 124
44 125
44 127
44 130
44 136
44 137
44 143
44 146
44 157
44 159
44 164
44 166
44 170
44 172
44 180
44 182
44 184
44 185
44 192
44 193
44 194
44 195
44 197
44 199
44 202
44 203
44 207
44 208
44 209
44 210
44 211
44 214
44 216
44 218
44 219
44 222
44 223
44 225
44 229
44 237
44 246
44 249
45 47
45 49
45 51
45 55
45 58
45 60
45 62
45 64
45 66
45 70
45 75
45 76
45 84
45 85
45 87
45 89
45 93
45 101
45 103
45 105
45 107
45 109
45 113
45 114
45 119
45 122
45 129
45 131
45 132
45 138
45 142
45 147
45 158
45 161
45 165
45 174
45 175
45 183
45 187
45 191
45 201
45 202
45 203
45 207
45 209
45 212
45 214
45 222
45 224
45 228
45 230
45 232
45 235
45 238
45 248
46 47
46 50
46 55
46 63
46 66
46 70
46 71
46 76
46 77
46 78
46 84
46 87
46 89
46 91
46 95
46 98
46 100
46 102
46 110
46 112
46 114
46 127
46 128
46 129
46 132
46 134
46 137
46 141
46 144
46 146
46 149
46 151
46 158
46 160
46 170
46 174
46 177
46 178
46 183
46 185
46 186
46 189
46 193
46 197
46 201
46 206
46 214
46 216
46 217
46 221
46 226
46 227
46 231
46 233
46 236
46 239
46 243
46 245
46 247
46 248
47 51
47 55
47 56
47 60
47 61
47 66
47 72
47 75
47 77
47 89
47 90
47 97
47 101
47 102
47 108
47 112
47 117
47 119
47 121
47 123
47 131
47 132
47 139
47 155
47 157
47 158
47 160
47 162
47 168
47 169
47 171
47 172
47 177
47 178
47 179
47 183
47 184
47 188
47 191
47 197
47 203
47 205
47 206
47 209
47 211
47 216
47 217
47 223
47 237
47 238
47 239
47 241
47 242
47 244
47 246
48 56
48 59
48 60
48 61
48 66
48 67
48 74
48 79
48 85
48 87
48 90
48 95
48 99
48 101
48 104
48 107
48 108
48 121
48 122
48 124
48 129
48 132
48 133
48 135
48 142
48 145
48 155
48 163
48 165
48 173
48 175
48 176
48 181
48 182
48 196
48 197
48 200
48 207
48 208
48 210
48 213
48 217
48 218
48 219
48 221
48 224
48 227
48 229
48 231
48 241
48 243
48 244
48 246
48 247
49 58
49 59
49 61
49 65
49 70
49 71
49 77
49 78
49 85
49 87
49 89
49 97
49 99
49 107
49 108
49 111
49 114
49 115
49 122
49 123
49 126
49 129
49 132
49 135
49 138
49 141
49 142
49 144
49 145
49 151
49 153
49 158
49 164
49 168
49 175
49 177
49 180
49 181
49 182
49 187
49 189
49 194
49 196
49 198
49 199
49 201
49 204
49 208
49 210
49 211
49 212
49 213
49 214
49 219
49 221
49 224
49 227
49 228
49 231
49 236
49 237
49 245
50 54
50 56
50 58
50 59
50 62
50 64
50 76
50 77
50 78
50 79
50 80
50 84
50 86
50 87
50 92
50 94
50 95
50 96
50 98
50 100
50 102
50 105
50 106
50 109
50 125
50 127
50 129
50 130
50 132
50 133
50 134
50 139
50 141
50 144
50 148
50 149
50 162
50 163
50 164
50 168
50 169
50 172
50 175
50 177
50 178
50 179
50 181
50 186
50 191
50 194
50 195
50 202
50 203
50 206
50 209
50 210
50 214
50 217
50 218
50 219
50 224
50 226
50 227
50 235
50 239
50 240
50 246
51 52
51 53
51 56
51 57
51 61
51 63
51 65
51 74
51 78
51 81
51 86
51 91
51 93
51 95
51 99
51 100
51 103
51 106
51 112
51 117
51 131
51 133
51 134
51 139
51 143
51 147
51 149
51 151
51 152
51 153
51 156
51 161
51 162
51 164
51 166
51 167
51 170
51 172
51 179
51 183
51 193
51 202
51 204
51 205
51 206
51 209
51 219
51 226
51 227
51 230
51 237
51 238
51 242
51 245
52 59
52 65
52 67
52 68
52 70
52 72
52 73
52 74
52 76
52 78
52 82
52 83
52 84
52 85
52 89
52 91
52 94
52 97
52 102
52 104
52 112
52 113
52 116
52 117
52 118
52 120
52 122
52 123
52 125
52 126
52 132
52 133
52 135
52 137
52 143
52 145
52 150
52 152
52 154
52 161
52 165
52 171
52 172
52 175
52 182
52 185
52 186
52 191
52 193
52 196
52 197
52 207
52 209
52 215
52 222
52 230
52 231
52 236
52 243
52 245
52 246
52 249
53 54
53 55
53 56
53 58
53 63
53 65
53 67
53 68
53 69
53 71
53 72
53 76
53 79
53 81
53 87
53 103
53 105
53 107
53 109
53 114
53 117
53 127
53 133
53 138
53 146
53 147
53 149
53 150
53 152
53 154
53 156
53 160
53 161
53 163
53 164
53 166
53 167
53 168
53 174
53 180
53 181
53 182
53 187
53 189
53 192
53 194
53 197
53 198
53 203
53 206
53 211
53 226
53 236
53 243
53 245
54 57
54 64
54 68
54 69
54 73
54 74
54 76
54 91
54 92
54 93
54 98
54 99
54 103
54 106
54 111
54 115
54 116
54 120
54 136
54 139
54 140
54 148
54 149
54 153
54 154
54 156
54 158
54 163
54 165
54 166
54 169
54 172
54 177
54 183
54 187
54 192
54 194
54 196
54 200
54 204
54 205
54 209
54 213
54 217
54 220
54 223
54 224
54 229
54 231
54 233
54 235
54 240
54 241
54 245
54 247
55 56
55 57
55 58
55 61
55 62
55 67
55 68
55 71
55 73
55 74
55 80
55 81
55 82
55 83
55 85
55 91
55 92
55 96
55 98
55 99
55 104
55 107
55 108
55 121
55 122
55 123
55 125
55 129
55 135
55 137
55 138
55 146
55 150
55 151
55 155
55 156
55 160
55 162
55 168
55 170
55 171
55 177
55 179
55 181
55 186
55 187
55 193
55 194
55 195
55 197
55 198
55 199
55 200
55 207
55 208
55 211
55 212
55 213
55 219
55 221
55 222
55 223
55 224
55 228
55 230
55 235
55 237
55 239
55 240
55 242
55 244
55 246
56 64
56 66
56 67
56 71
56 74
56 76
56 83
56 86
56 88
56 95
56 97
56 98
56 99
56 100
56 106
56 107
56 110
56 111
56 116
56 120
56 121
56 124
56 128
56 131
56 134
56 135
56 136
56 137
56 140
56 148
56 149
56 150
56 155
56 157
56 158
56 159
56 161
56 164
56 166
56 171
56 176
56 178
56 184
56 185
56 190
56 191
56 192
56 196
56 212
56 213
56 217
56 219
56 222
56 223
56 224
56 225
56 227
56 231
56 237
56 239
56 242
56 243
56 245
57 60
57 61
57 78
57 79
57 80
57 81
57 83
57 88
57 91
57 95
57 98
57 103
57 117
57 125
57 128
57 130
57 138
57 146
57 150
57 154
57 159
57 161
57 164
57 170
57 174
57 176
57 179
57 180
57 186
57 188
57 192
57 193
57 194
57 195
57 207
57 209
57 211
57 218
57 221
57 225
57 226
57 233
57 234
57 235
57 236
57 238
57 239
57 240
57 244
57 245
58 60
58 71
58 73
58 74
58 76
58 81
58 82
58 83
58 85
58 86
58 90
58 93
58 100
58 103
58 105
58 106
58 111
58 115
58 123
58 127
58 128
58 130
58 133
58 135
58 142
58 147
58 150
58 151
58 152
58 153
58 164
58 165
58 172
58 173
58 177
58 178
58 182
58 183
58 185
58 187
58 193
58 194
58 195
58 196
58 201
58 204
58 217
58 218
58 221
58 224
58 226
58 235
58 244
58 246
58 249
59 62
59 63
59 64
59 66
59 70
59 74
59 80
59 83
59 85
59 89
59 94
59 96
59 99
59 112
59 117
59 122
59 132
59 138
59 141
59 145
59 149
59 150
59 154
59 159
59 161
59 165
59 170
59 175
59 180
59 186
59 187
59 190
59 191
59 192
59 195
59 197
59 199
59 200
59 204
59 210
59 222
59 226
59 228
59 229
59 231
59 234
59 235
59 236
59 241
59 245
59 246
60 61
60 62
60 63
60 64
60 72
60 77
60 79
60 81
60 83
60 87
60 88
60 92
60 97
60 99
60 104
60 110
60 115
60 116
60 117
60 124
60 126
60 128
60 129
60 139
60 141
60 142
60 143
60 144
60 147
60 152
60 157
60 158
60 160
60 162
60 163
60 165
60 168
60 175
60 176
60 180
60 185
60 186
60 189
60 190
60 192
60 194
60 195
60 201
60 206
60 209
60 210
60 214
60 218
60 221
60 223
60 224
60 226
60 228
60 229
60 232
60 236
60 237
60 238
60 241
60 244
60 246
60 247
60 249
61 68
61 71
61 74
61 75
61 87
61 88
61 90
61 92
61 94
61 102
61 104
61 108
61 109
61 113
61 116
61 123
61 126
61 128
61 130
61 134
61 137
61 138
61 140
61 144
61 146
61 148
61 149
61 150
61 151
61 155
61 156
61 159
61 164
61 168
61 175
61 177
61 190
61 191
61 194
61 195
61 197
61 198
61 200
61 201
61 204
61 208
61 211
61 222
61 223
61 224
61 225
61 227
61 231
61 233
61 236
61 238
61 248
62 67
62 73
62 75
62 79
62 90
62 92
62 97
62 98
62 99
62 100
62 105
62 111
62 113
62 125
62 129
62 130
62 135
62 142
62 144
62 153
62 154
62 155
62 156
62 158
62 161
62 164
62 166
62 169
62 172
62 175
62 178
62 187
62 192
62 193
62 195
62 196
62 197
62 203
62 213
62 222
62 224
62 225
62 229
62 236
62 237
62 241
62 246
63 64
63 68
63 69
63 70
63 71
63 74
63 75
63 77
63 85
63 86
63 88
63 98
63 104
63 107
63 108
63 112
63 113
63 115
63 117
63 118
63 126
63 134
63 144
63 147
63 153
63 156
63 168
63 169
63 172
63 176
63 182
63 184
63 189
63 193
63 194
63 196
63 203
63 207
63 209
63 210
63 211
63 214
63 216
63 220
63 223
63 228
63 229
63 230
63 235
63 236
63 240
63 241
63 246
64 75
64 82
64 89
64 93
64 95
64 96
64 99
64 101
64 105
64 107
64 112
64 119
64 122
64 123
64 127
64 128
64 130
64 132
64 135
64 144
64 145
64 148
64 149
64 151
64 154
64 157
64 158
64 159
64 162
64 169
64 174
64 176
64 178
64 180
64 182
64 185
64 188
64 189
64 190
64 201
64 207
64 210
64 218
64 225
64 227
64 229
64 230
64 231
64 235
64 238
64 239
64 240
64 245
65 67
65 68
65 69
65 70
65 71
65 72
65 79
65 81
65 83
65 84
65 85
65 92
65 95
65 96
65 106
65 107
65 108
65 117
65 131
65 132
65 134
65 140
65 143
65 144
65 145
65 146
65 148
65 150
65 155
65 159
65 160
65 165
65 166
65 168
65 170
65 174
65 178
65 179
65 185
65 188
65 190
65 191
65 196
65 198
65 202
65 203
65 204
65 205
65 209
65 211
65 217
65 228
65 238
65 239
65 242
65 244
65 246
65 248
66 68
66 76
66 79
66 85
66 86
66 90
66 94
66 100
66 102
66 109
66 114
66 116
66 117
66 118
66 120
66 123
66 125
66 127
66 129
66 135
66 139
66 140
66 141
66 145
66 149
66 151
66 152
66 153
66 154
66 155
66 156
66 160
66 161
66 167
66 170
66 173
66 178
66 180
66 184
66 189
66 190
66 192
66 195
66 196
66 200
66 201
66 202
66 203
66 206
66 207
66 211
66 212
66 215
66 216
66 219
66 225
66 228
66 233
66 238
66 249
67 72
67 83
67 85
67 86
67 87
67 89
67 93
67 94
67 102
67 106
67 109
67 110
67 112
67 114
67 117
67 119
67 120
67 121
67 124
67 125
67 126
67 130
67 131
67 135
67 141
67 143
67 145
67 147
67 154
67 155
67 157
67 158
67 165
67 169
67 176
67 183
67 187
67 189
67 192
67 200
67 205
67 209
67 210
67 213
67 217
67 220
67 221
67 222
67 225
67 226
67 228
67 229
67 230
67 232
67 233
67 234
67 237
67 240
67 243
67 244
68 69
68 70
68 73
68 76
68 83
68 84
68 85
68 86
68 89
68 92
68 94
68 97
68 98
68 103
68 107
68 110
68 114
68 115
68 121
68 122
68 123
68 126
68 128
68 131
68 134
68 136
68 137
68 143
68 146
68 147
68 148
68 150
68 160
68 162
68 163
68 165
68 169
68 170
68 174
68 179
68 180
68 182
68 186
68 199
68 200
68 201
68 202
68 204
68 208
68 211
68 220
68 229
68 239
68 242
68 243
68 247
69 74
69 78
69 80
69 85
69 87
69 90
69 91
69 97
69 98
69 102
69 104
69 106
69 107
69 109
69 111
69 114
69 118
69 120
69 123
69 130
69 132
69 135
69 136
69 140
69 142
69 148
69 152
69 158
69 162
69 169
69 170
69 173
69 174
69 180
69 189
69 190
69 191
69 193
69 194
69 195
69 196
69 200
69 202
69 205
69 217
69 219
69 224
69 226
69 228
69 230
69 231
69 236
69 238
69 246
69 248
70 74
70 80
70 81
70 83
70 85
70 87
70 88
70 100
70 101
70 107
70 112
70 115
70 118
70 124
70 129
70 137
70 145
70 149
70 153
70 155
70 158
70 160
70 175
70 181
70 188
70 189
70 190
70 192
70 201
70 202
70 209
70 213
70 215
70 216
70 217
70 223
70 224
70 226
70 233
70 235
70 247
71 72
71 73
71 79
71 82
71 83
71 84
71 86
71 89
71 97
71 107
71 108
71 109
71 110
71 111
71 117
71 122
71 126
71 127
71 130
71 137
71 138
71 144
71 148
71 151
71 152
71 154
71 161
71 163
71 164
71 165
71 167
71 169
71 170
71 173
71 178
71 181
71 185
71 188
71 195
71 197
71 199
71 201
71 203
71 209
71 217
71 220
71 223
71 225
71 227
71 229
71 230
71 231
71 235
71 237
71 238
71 240
71 247
72 73
72 76
72 77
72 78
72 81
72 84
72 85
72 87
72 92
72 93
72 94
72 96
72 98
72 103
72 104
72 106
72 108
72 109
72 110
72 115
72 116
72 119
72 129
72 132
72 134
72 136
72 141
72 143
72 152
72 153
72 154
72 159
72 167
72 168
72 173
72 178
72 180
72 185
72 189
72 196
72 198
72 203
72 205
72 207
72 210
72 211
72 216
72 217
72 218
72 221
72 227
72 231
72 237
72 244
72 245
72 246
73 76
73 78
73 85
73 86
73 89
73 99
73 104
73 108
73 109
73 111
73 112
73 114
73 115
73 116
73 117
73 122
73 129
73 135
73 138
73 140
73 149
73 155
73 159
73 162
73 170
73 176
73 178
73 180
73 182
73 183
73 185
73 189
73 192
73 194
73 196
73 208
73 212
73 217
73 218
73 221
73 223
73 236
74 78
74 83
74 84
74 96
74 106
74 113
74 114
74 115
74 117
74 120
74 124
74 126
74 128
74 133
74 136
74 137
74 139
74 146
74 156
74 158
74 159
74 162
74 163
74 165
74 166
74 167
74 168
74 169
74 176
74 178
74 181
74 183
74 184
74 190
74 192
74 196
74 197
74 198
74 202
74 209
74 217
74 218
74 227
74 228
74 229
74 241
74 244
74 245
75 78
75 85
75 86
75 91
75 92
75 93
75 95
75 97
75 99
75 104
75 109
75 113
75 114
75 116
75 121
75 122
75 123
75 125
75 128
75 129
75 137
75 138
75 140
75 148
75 150
75 151
75 153
75 155
75 156
75 157
75 160
75 161
75 164
75 166
75 168
75 174
75 177
75 180
75 181
75 187
75 190
75 192
75 195
75 197
75 214
75 220
75 223
75 228
75 233
75 239
75 241
75 244
76 77
76 82
76 83
76 87
76 89
76 92
76 97
76 99
76 100
76 101
76 103
76 105
76 109
76 111
76 113
76 114
76 119
76 124
76 128
76 130
76 131
76 133
76 135
76 139
76 140
76 142
76 143
76 146
76 148
76 150
76 151
76 158
76 161
76 168
76 170
76 180
76 181
76 184
76 187
76 195
76 204
76 207
76 208
76 211
76 213
76 214
76 217
76 218
76 220
76 221
76 224
76 229
76 233
76 235
76 239
76 244
76 247
77 86
77 91
77 94
77 99
77 101
77 102
77 104
77 105
77 109
77 121
77 126
77 130
77 136
77 138
77 142
77 143
77 148
77 150
77 158
77 164
77 166
77 167
77 170
77 171
77 172
77 181
77 182
77 185
77 186
77 188
77 190
77 195
77 196
77 203
77 206
77 207
77 209
77 210
77 212
77 214
77 222
77 223
77 224
77 230
77 234
77 237
77 238
77 239
77 242
77 247
78 82
78 90
78 93
78 95
78 100
78 101
78 103
78 110
78 117
78 120
78 126
78 127
78 131
78 132
78 133
78 135
78 138
78 139
78 140
78 147
78 150
78 153
78 154
78 156
78 160
78 175
78 180
78 185
78 186
78 196
78 199
78 203
78 204
78 205
78 209
78 212
78 217
78 219
78 223
78 224
78 226
78 230
78 232
78 234
78 239
78 242
78 244
78 245
78 246
78 248
79 81
79 84
79 87
79 101
79 105
79 106
79 110
79 111
79 112
79 113
79 114
79 126
79 128
79 132
79 134
79 137
79 138
79 143
79 145
79 149
79 150
79 153
79 154
79 156
79 163
79 166
79 169
79 173
79 174
79 175
79 186
79 189
79 192
79 199
79 200
79 201
79 212
79 216
79 219
79 220
79 221
79 223
79 231
79 232
79 234
79 235
79 239
79 241
79 246
79 247
80 81
80 90
80 92
80 94
80 96
80 100
80 104
80 107
80 115
80 117
80 122
80 125
80 132
80 133
80 134
80 136
80 137
80 146
80 150
80 153
80 154
80 156
80 157
80 164
80 166
80 168
80 169
80 172
80 174
80 175
80 177
80 180
80 187
80 190
80 193
80 203
80 206
80 207
80 208
80 210
80 215
80 216
80 220
80 222
80 227
80 228
80 231
80 238
80 244
80 246
80 248
80 249
81 82
81 86
81 91
81 101
81 107
81 109
81 115
81 127
81 128
81 131
81 133
81 139
81 144
81 145
81 151
81 159
81 161
81 169
81 171
81 173
81 177
81 178
81 182
81 184
81 185
81 188
81 190
81 192
81 193
81 195
81 201
81 203
81 219
81 226
81 231
81 233
81 234
81 235
81 236
81 237
81 241
81 242
81 248
81 249
82 83
82 84
82 87
82 88
82 90
82 92
82 93
82 98
82 100
82 102
82 104
82 105
82 109
82 110
82 116
82 117
82 118
82 123
82 124
82 125
82 127
82 130
82 134
82 138
82 140
82 145
82 148
82 150
82 151
82 156
82 159
82 162
82 164
82 166
82 171
82 179
82 185
82 186
82 189
82 192
82 193
82 195
82 198
82 204
82 206
82 209
82 210
82 215
82 225
82 226
82 228
82 229
82 238
82 240
82 245
82 247
83 84
83 87
83 92
83 97
83 100
83 102
83 105
83 109
83 110
83 112
83 113
83 114
83 128
83 132
83 136
83 137
83 139
83 141
83 142
83 144
83 148
83 149
83 157
83 162
83 166
83 170
83 172
83 174
83 177
83 182
83 183
83 187
83 189
83 193
83 194
83 201
83 204
83 208
83 209
83 211
83 215
83 218
83 219
83 220
83 232
83 234
83 235
83 237
83 240
83 241
83 242
83 244
83 246
84 85
84 86
84 88
84 92
84 93
84 95
84 97
84 105
84 109
84 113
84 114
84 116
84 117
84 119
84 122
84 138
84 142
84 146
84 150
84 152
84 154
84 166
84 167
84 169
84 170
84 174
84 175
84 177
84 180
84 181
84 184
84 191
84 193
84 198
84 200
84 203
84 205
84 210
84 218
84 220
84 224
84 225
84 226
84 228
84 230
84 237
84 238
84 239
84 243
84 245
84 246
84 249
85 95
85 98
85 99
85 102
85 104
85 112
85 113
85 120
85 128
85 130
85 131
85 132
85 133
85 135
85 137
85 139
85 141
85 143
85 144
85 149
85 150
85 152
85 170
85 171
85 173
85 178
85 179
85 181
85 184
85 185
85 189
85 195
85 199
85 201
85 202
85 210
85 211
85 213
85 215
85 217
85 220
85 226
85 227
85 229
85 233
85 236
85 242
85 245
85 247
85 249
86 88
86 91
86 94
86 95
86 102
86 106
86 107
86 108
86 114
86 123
86 124
86 125
86 127
86 128
86 130
86 133
86 140
86 142
86 143
86 145
86 147
86 158
86 159
86 172
86 181
86 189
86 191
86 192
86 195
86 200
86 206
86 207
86 208
86 209
86 212
86 214
86 215
86 220
86 221
86 226
86 227
86 233
86 242
86 244
86 246
86 249
87 89
87 94
87 96
87 97
87 98
87 100
87 101
87 110
87 113
87 116
87 118
87 121
87 122
87 129
87 135
87 137
87 143
87 144
87 145
87 146
87 147
87 150
87 155
87 157
87 159
87 161
87 162
87 173
87 174
87 178
87 180
87 181
87 192
87 197
87 198
87 199
87 202
87 204
87 208
87 209
87 212
87 218
87 225
87 227
87 230
87 234
87 235
87 236
87 246
88 98
88 101
88 106
88 107
88 111
88 114
88 120
88 126
88 129
88 134
88 145
88 153
88 160
88 162
88 165
88 166
88 174
88 176
88 178
88 180
88 186
88 188
88 191
88 193
88 208
88 209
88 215
88 224
88 225
88 226
88 227
88 228
88 230
88 231
88 236
88 247
89 91
89 92
89 100
89 101
89 102
89 105
89 110
89 113
89 116
89 123
89 124
89 125
89 126
89 127
89 128
89 136
89 139
89 140
89 141
89 142
89 150
89 152
89 153
89 154
89 165
89 171
89 172
89 176
89 178
89 179
89 181
89 182
89 184
89 188
89 195
89 197
89 199
89 203
89 205
89 207
89 209
89 216
89 218
89 221
89 222
89 223
89 227
89 228
89 229
89 230
89 232
89 235
89 237
89 239
89 245
89 246
89 248
89 249
90 94
90 95
90 97
90 109
90 110
90 111
90 115
90 118
90 123
90 124
90 128
90 130
90 131
90 135
90 140
90 150
90 151
90 156
90 158
90 159
90 160
90 163
90 165
90 166
90 170
90 171
90 173
90 177
90 178
90 182
90 187
90 193
90 195
90 204
90 218
90 219
90 221
90 222
90 224
90 229
90 232
90 234
90 237
90 238
90 241
90 243
90 245
90 248
91 93
91 94
91 102
91 108
91 110
91 111
91 114
91 116
91 117
91 119
91 122
91 130
91 134
91 135
91 136
91 138
91 139
91 141
91 143
91 153
91 154
91 169
91 170
91 173
91 175
91 180
91 185
91 188
91 198
91 201
91 203
91 204
91 208
91 211
91 221
91 223
91 232
91 238
91 245
91 246
91 248
92 94
92 98
92 101
92 102
92 107
92 108
92 110
92 111
92 115
92 116
92 121
92 123
92 128
92 130
92 137
92 146
92 149
92 152
92 155
92 159
92 165
92 168
92 169
92 170
92 173
92 174
92 175
92 180
92 184
92 185
92 188
92 191
92 192
92 193
92 196
92 205
92 208
92 211
92 218
92 219
92 224
92 227
92 233
92 240
92 244
92 246
93 94
93 97
93 100
93 103
93 115
93 120
93 121
93 125
93 126
93 129
93 131
93 135
93 136
93 147
93 148
93 149
93 151
93 152
93 153
93 154
93 157
93 165
93 167
93 170
93 171
93 176
93 178
93 179
93 180
93 181
93 182
93 183
93 188
93 195
93 200
93 203
93 204
93 215
93 216
93 217
93 229
93 238
93 243
93 247
93 248
93 249
94 95
94 98
94 100
94 108
94 111
94 113
94 115
94 116
94 117
94 121
94 132
94 144
94 153
94 154
94 155
94 162
94 163
94 168
94 169
94 172
94 174
94 177
94 181
94 186
94 190
94 191
94 192
94 194
94 203
94 204
94 205
94 211
94 212
94 217
94 219
94 233
94 239
94 241
94 242
95 100
95 103
95 110
95 115
95 117
95 119
95 120
95 122
95 123
95 127
95 132
95 134
95 136
95 139
95 141
95 144
95 146
95 147
95 149
95 151
95 154
95 159
95 166
95 170
95 172
95 174
95 175
95 179
95 183
95 185
95 187
95 188
95 192
95 194
95 205
95 208
95 210
95 214
95 217
95 227
95 229
95 230
95 232
95 234
95 239
95 240
95 248
95 249
96 97
96 98
96 99
96 104
96 107
96 108
96 109
96 116
96 118
96 121
96 126
96 128
96 129
96 130
96 131
96 133
96 136
96 142
96 144
96 148
96 151
96 152
96 155
96 156
96 157
96 167
96 169
96 170
96 171
96 174
96 176
96 180
96 181
96 185
96 187
96 193
96 195
96 196
96 198
96 204
96 205
96 207
96 210
96 213
96 220
96 223
96 227
96 228
96 237
96 238
96 239
96 246
96 247
96 248
97 100
97 102
97 103
97 105
97 108
97 112
97 119
97 121
97 122
97 123
97 125
97 126
97 135
97 138
97 144
97 148
97 155
97 157
97 162
97 172
97 173
97 174
97 177
97 179
97 180
97 185
97 188
97 193
97 198
97 201
97 203
97 207
97 208
97 214
97 216
97 219
97 222
97 230
97 235
97 240
97 243
98 101
98 104
98 108
98 112
98 116
98 129
98 134
98 137
98 144
98 145
98 146
98 147
98 153
98 155
98 159
98 161
98 168
98 169
98 178
98 186
98 187
98 189
98 192
98 198
98 199
98 204
98 205
98 206
98 210
98 212
98 213
98 215
98 220
98 223
98 226
98 227
98 233
98 234
98 235
99 107
99 111
99 117
99 127
99 133
99 145
99 150
99 151
99 158
99 159
99 164
99 171
99 176
99 179
99 180
99 181
99 182
99 184
99 186
99 190
99 197
99 200
99 205
99 215
99 216
99 217
99 218
99 224
99 227
99 228
99 229
99 230
99 243
99 246
99 249
100 104
100 106
100 108
100 109
100 110
100 113
100 117
100 119
100 121
100 125
100 127
100 133
100 134
100 135
100 136
100 138
100 145
100 147
100 162
100 168
100 169
100 171
100 176
100 179
100 182
100 184
100 186
100 187
100 188
100 192
100 197
100 203
100 206
100 209
100 210
100 212
100 214
100 215
100 219
100 222
100 223
100 224
100 227
100 228
100 232
100 234
100 240
100 243
101 104
101 105
101 108
101 113
101 117
101 123
101 129
101 132
101 135
101 138
101 143
101 148
101 149
101 155
101 157
101 162
101 163
101 164
101 170
101 174
101 176
101 179
101 182
101 185
101 189
101 194
101 198
101 205
101 207
101 214
101 215
101 217
101 218
101 219
101 221
101 222
101 224
101 225
101 232
101 233
101 235
101 238
101 242
101 247
102 104
102 107
102 109
102 111
102 113
102 115
102 120
102 122
102 123
102 125
102 127
102 130
102 134
102 137
102 142
102 145
102 155
102 163
102 166
102 167
102 168
102 170
102 172
102 180
102 182
102 184
102 188
102 193
102 195
102 206
102 213
102 214
102 215
102 216
102 221
102 222
102 223
102 225
102 227
102 228
102 229
102 230
102 233
102 235
102 246
102 247
102 248
103 107
103 108
103 112
103 116
103 119
103 122
103 124
103 126
103 129
103 130
103 136
103 139
103 140
103 141
103 143
103 148
103 154
103 155
103 156
103 157
103 161
103 163
103 172
103 173
103 177
103 181
103 184
103 185
103 188
103 191
103 192
103 197
103 201
103 208
103 210
103 215
103 218
103 219
103 220
103 225
103 230
103 232
103 235
103 236
103 242
103 244
103 247
104 107
104 111
104 115
104 121
104 131
104 132
104 133
104 135
104 138
104 142
104 143
104 144
104 145
104 148
104 149
104 152
104 154
104 157
104 161
104 166
104 168
104 178
104 181
104 184
104 186
104 190
104 191
104 192
104 195
104 196
104 209
104 222
104 226
104 228
104 229
104 231
104 232
104 235
104 239
104 240
104 241
104 243
104 245
104 246
105 112
105 116
105 117
105 119
105 121
105 126
105 129
105 130
105 131
105 135
105 140
105 141
105 151
105 159
105 161
105 168
105 169
105 170
105 173
105 176
105 177
105 178
105 180
105 181
105 185
105 190
105 193
105 194
105 196
105 197
105 201
105 202
105 203
105 206
105 215
105 217
105 219
105 224
105 226
105 228
105 229
105 236
105 238
105 239
105 241
105 244
105 246
105 247
105 248
106 108
106 110
106 120
106 123
106 124
106 125
106 126
106 128
106 132
106 133
106 136
106 137
106 139
106 142
106 143
106 149
106 152
106 161
106 163
106 164
106 172
106 176
106 178
106 180
106 183
106 185
106 187
106 191
106 192
106 195
106 199
106 200
106 207
106 209
106 210
106 214
106 215
106 216
106 221
106 223
106 228
106 229
106 232
106 237
106 239
106 242
106 246
106 247
106 249
107 108
107 110
107 114
107 115
107 118
107 124
107 129
107 132
107 135
107 139
107 140
107 141
107 142
107 143
107 146
107 147
107 156
107 160
107 161
107 162
107 164
107 165
107 171
107 172
107 175
107 176
107 177
107 178
107 179
107 184
107 185
107 188
107 189
107 191
107 198
107 200
107 203
107 208
107 209
107 210
107 212
107 216
107 220
107 221
107 224
107 227
107 229
107 233
107 234
107 238
107 239
107 243
107 249
108 111
108 112
108 114
108 122
108 129
108 130
108 134
108 135
108 146
108 152
108 153
108 161
108 163
108 165
108 167
108 169
108 170
108 174
108 175
108 189
108 190
108 191
108 202
108 205
108 207
108 215
108 224
108 225
108 229
108 234
108 237
108 238
108 242
108 243
108 247
109 116
109 118
109 121
109 123
109 128
109 130
109 137
109 142
109 144
109 145
109 148
109 156
109 161
109 163
109 165
109 170
109 171
109 173
109 178
109 181
109 184
109 187
109 188
109 189
109 190
109 193
109 203
109 204
109 206
109 207
109 208
109 210
109 213
109 214
109 219
109 223
109 227
109 228
109 230
109 236
109 237
109 238
109 243
109 244
110 120
110 123
110 124
110 125
110 128
110 130
110 138
110 142
110 144
110 149
110 150
110 151
110 153
110 162
110 164
110 167
110 173
110 175
110 180
110 182
110 183
110 189
110 191
110 192
110 197
110 199
110 202
110 205
110 208
110 211
110 219
110 223
110 224
110 228
110 229
110 230
110 235
110 237
110 246
110 248
111 116
111 120
111 122
111 123
111 128
111 129
111 134
111 136
111 143
111 146
111 149
111 157
111 162
111 164
111 167
111 169
111 170
111 178
111 180
111 188
111 189
111 191
111 192
111 200
111 201
111 202
111 203
111 204
111 207
111 208
111 210
111 212
111 216
111 217
111 222
111 225
111 228
111 232
111 238
111 239
111 240
111 246
112 114
112 116
112 117
112 118
112 120
112 123
112 132
112 133
112 139
112 143
112 147
112 149
112 153
112 155
112 156
112 163
112 166
112 167
112 169
112 171
112 173
112 174
112 177
112 187
112 191
112 194
112 197
112 201
112 204
112 207
112 213
112 214
112 215
112 219
112 222
112 225
112 227
112 231
112 232
112 237
112 241
112 244
112 245
112 247
113 117
113 120
113 127
113 133
113 137
113 138
113 142
113 150
113 152
113 154
113 159
113 160
113 161
113 164
113 165
113 168
113 178
113 183
113 185
113 188
113 191
113 194
113 203
113 207
113 208
113 209
113 212
113 215
113 216
113 219
113 221
113 222
113 223
113 228
113 238
113 239
113 241
113 242
113 248
113 249
114 117
114 123
114 124
114 125
114 126
114 129
114 134
114 135
114 137
114 146
114 148
114 150
114 152
114 156
114 158
114 165
114 167
114 173
114 178
114 180
114 181
114 182
114 184
114 185
114 186
114 187
114 189
114 197
114 203
114 207
114 209
114 210
114 214
114 215
114 216
114 217
114 221
114 228
114 234
114 235
114 245
114 246
114 247
114 249
115 124
115 128
115 131
115 134
115 149
115 150
115 153
115 158
115 165
115 166
115 169
115 171
115 175
115 176
115 179
115 181
115 182
115 183
115 187
115 189
115 192
115 194
115 198
115 199
115 214
115 215
115 226
115 229
115 231
115 234
115 235
115 238
115 240
115 245
115 247
115 248
116 117
116 125
116 128
116 131
116 132
116 138
116 142
116 144
116 152
116 156
116 158
116 167
116 170
116 171
116 174
116 184
116 189
116 191
116 193
116 197
116 204
116 209
116 213
116 216
116 218
116 220
116 223
116 224
116 231
116 234
116 237
116 241
116 245
116 246
117 128
117 134
117 136
117 138
117 142
117 146
117 150
117 152
117 153
117 158
117 165
117 176
117 183
117 189
117 195
117 198
117 200
117 201
117 203
117 204
117 206
117 210
117 211
117 213
117 214
117 215
117 219
117 223
117 228
117 229
117 232
117 233
117 234
117 238
117 241
117 242
117 244
117 247
117 248
117 249
118 126
118 127
118 130
118 131
118 133
118 140
118 142
118 143
118 147
118 150
118 160
118 169
118 175
118 177
118 178
118 179
118 185
118 186
118 190
118 192
118 198
118 201
118 208
118 210
118 212
118 214
118 217
118 221
118 222
118 223
118 224
118 227
118 229
118 233
118 234
118 236
118 237
118 239
118 240
118 242
118 247
119 121
119 123
119 126
119 131
119 132
119 133
119 134
119 135
119 143
119 146
119 153
119 160
119 161
119 163
119 164
119 165
119 168
119 171
119 175
119 179
119 190
119 192
119 194
119 195
119 197
119 203
119 208
119 209
119 210
119 212
119 213
119 215
119 218
119 219
119 221
119 228
119 245
120 124
120 127
120 128
120 139
120 141
120 142
120 145
120 148
120 153
120 154
120 159
120 167
120 176
120 177
120 178
120 179
120 180
120 181
120 182
120 184
120 185
120 199
120 204
120 208
120 210
120 215
120 216
120 217
120 237
120 243
120 247
121 126
121 127
121 131
121 136
121 137
121 140
121 142
121 146
121 149
121 151
121 155
121 160
121 161
121 162
121 170
121 172
121 173
121 174
121 183
121 186
121 190
121 191
121 194
121 196
121 203
121 208
121 217
121 224
121 226
121 231
121 232
121 239
121 240
122 123
122 124
122 128
122 129
122 132
122 133
122 142
122 143
122 144
122 145
122 146
122 147
122 149
122 152
122 154
122 157
122 162
122 170
122 171
122 172
122 174
122 177
122 182
122 183
122 184
122 190
122 192
122 193
122 194
122 198
122 200
122 202
122 205
122 214
122 216
122 218
122 219
122 221
122 227
122 229
122 233
122 234
122 238
122 242
122 243
122 244
122 245
122 246
122 249
123 124
123 126
123 131
123 133
123 136
123 139
123 140
123 145
123 150
123 152
123 160
123 162
123 163
123 167
123 170
123 175
123 180
123 182
123 183
123 184
123 190
123 195
123 207
123 210
123 212
123 213
123 214
123 216
123 219
123 221
123 222
123 225
123 230
123 232
123 235
123 238
123 239
123 248
124 125
124 131
124 133
124 134
124 135
124 139
124 141
124 143
124 153
124 154
124 155
124 157
124 169
124 170
124 173
124 174
124 183
124 184
124 193
124 194
124 198
124 200
124 201
124 202
124 203
124 207
124 208
124 211
124 214
124 216
124 221
124 224
124 225
124 232
124 237
124 238
124 244
124 245
124 247
125 126
125 127
125 132
125 133
125 135
125 140
125 141
125 142
125 146
125 149
125 155
125 161
125 165
125 167
125 172
125 174
125 176
125 179
125 182
125 183
125 191
125 203
125 207
125 212
125 220
125 229
125 230
125 232
125 236
125 240
125 242
125 244
125 247
126 127
126 132
126 134
126 139
126 140
126 141
126 143
126 147
126 152
126 153
126 155
126 156
126 158
126 159
126 165
126 174
126 176
126 177
126 183
126 184
126 187
126 188
126 189
126 190
126 192
126 196
126 197
126 198
126 203
126 206
126 208
126 213
126 217
126 218
126 221
126 222
126 231
126 236
126 238
126 240
126 241
126 242
126 243
126 244
126 246
126 248
127 129
127 134
127 135
127 136
127 137
127 149
127 151
127 152
127 162
127 164
127 170
127 173
127 183
127 188
127 189
127 190
127 194
127 197
127 198
127 203
127 206
127 207
127 210
127 213
127 214
127 216
127 218
127 220
127 222
127 224
127 241
127 242
127 245
127 248
128 129
128 134
128 135
128 136
128 139
128 141
128 142
128 143
128 145
128 146
128 147
128 149
128 151
128 156
128 164
128 165
128 166
128 172
128 174
128 177
128 178
128 179
128 183
128 187
128 188
128 190
128 195
128 196
128 197
128 199
128 209
128 210
128 211
128 215
128 217
128 227
128 234
128 237
129 132
129 133
129 139
129 142
129 150
129 152
129 153
129 163
129 164
129 175
129 177
129 178
129 181
129 183
129 184
129 189
129 191
129 202
129 205
129 206
129 213
129 217
129 219
129 224
129 231
129 242
129 244
130 132
130 134
130 141
130 142
130 152
130 156
130 157
130 158
130 162
130 165
130 169
130 173
130 178
130 185
130 187
130 189
130 192
130 194
130 196
130 197
130 198
130 202
130 207
130 210
130 211
130 212
130 218
130 219
130 220
130 221
130 222
130 223
130 225
130 226
130 227
130 228
130 235
130 237
130 242
130 245
131 132
131 139
131 141
131 144
131 150
131 153
131 154
131 155
131 156
131 165
131 167
131 168
131 172
131 176
131 177
131 183
131 184
131 196
131 198
131 205
131 206
131 209
131 215
131 216
131 218
131 232
131 233
131 236
131 241
131 248
132 134
132 148
132 149
132 153
132 154
132 157
132 165
132 167
132 168
132 169
132 170
132 172
132 173
132 175
132 183
132 188
132 190
132 193
132 196
132 199
132 200
132 203
132 209
132 218
132 231
132 233
132 234
132 237
132 239
132 246
132 247
133 135
133 136
133 140
133 148
133 149
133 151
133 154
133 155
133 156
133 157
133 160
133 162
133 163
133 165
133 167
133 168
133 169
133 170
133 174
133 178
133 182
133 185
133 187
133 188
133 193
133 194
133 195
133 200
133 203
133 223
133 226
133 227
133 229
133 231
133 238
133 240
133 244
133 247
134 141
134 143
134 144
134 147
134 149
134 150
134 154
134 155
134 162
134 163
134 168
134 172
134 173
134 178
134 183
134 185
134 186
134 193
134 194
134 196
134 197
134 200
134 201
134 207
134 209
134 212
134 218
134 224
134 225
134 226
134 228
134 229
134 233
134 236
134 238
134 239
134 243
135 148
135 149
135 151
135 154
135 162
135 166
135 171
135 179
135 180
135 182
135 184
135 185
135 188
135 192
135 194
135 196
135 204
135 210
135 211
135 213
135 220
135 221
135 223
135 227
135 228
135 231
135 240
135 243
136 137
136 138
136 141
136 142
136 144
136 145
136 148
136 149
136 153
136 156
136 163
136 186
136 198
136 201
136 205
136 208
136 221
136 222
136 234
136 238
136 243
136 244
137 143
137 145
137 146
137 147
137 150
137 155
137 159
137 161
137 164
137 166
137 170
137 173
137 175
137 178
137 200
137 204
137 207
137 209
137 210
137 213
137 215
137 220
137 222
137 226
137 229
137 231
137 234
137 236
137 241
138 146
138 163
138 165
138 169
138 173
138 174
138 177
138 178
138 180
138 183
138 186
138 187
138 188
138 191
138 192
138 195
138 197
138 198
138 201
138 204
138 206
138 207
138 214
138 215
138 221
138 223
138 228
138 230
138 234
138 239
138 241
138 242
138 244
138 245
139 143
139 144
139 145
139 151
139 154
139 159
139 164
139 166
139 171
139 173
139 176
139 177
139 179
139 180
139 181
139 186
139 189
139 190
139 191
139 192
139 200
139 205
139 212
139 215
139 219
139 220
139 224
139 232
139 234
139 243
139 246
140 141
140 143
140 146
140 147
140 149
140 154
140 158
140 160
140 162
140 163
140 167
140 168
140 171
140 173
140 177
140 178
140 184
140 185
140 187
140 188
140 189
140 190
140 192
140 193
140 209
140 211
140 217
140 220
140 223
140 225
140 227
140 235
140 241
140 244
140 246
141 143
141 144
141 150
141 154
141 157
141 161
141 164
141 165
141 170
141 178
141 180
141 182
141 184
141 186
141 187
141 188
141 191
141 197
141 199
141 200
141 216
141 225
141 230
141 233
141 234
141 238
141 242
141 245
142 145
142 148
142 152
142 155
142 161
142 163
142 166
142 168
142 172
142 176
142 181
142 195
142 196
142 201
142 202
142 207
142 211
142 212
142 214
142 217
142 219
142 223
142 224
142 226
142 227
142 228
142 234
142 235
142 239
142 243
142 245
142 248
143 144
143 146
143 148
143 151
143 153
143 154
143 155
143 157
143 160
143 163
143 164
143 166
143 169
143 176
143 177
143 180
143 181
143 182
143 186
143 188
143 196
143 197
143 198
143 200
143 206
143 218
143 219
143 220
143 225
143 227
143 235
143 236
143 237
143 238
143 239
143 240
143 242
143 244
143 246
144 146
144 160
144 161
144 167
144 169
144 170
144 172
144 182
144 184
144 187
144 192
144 199
144 200
144 202
144 206
144 207
144 211
144 213
144 225
144 233
144 237
144 239
144 241
144 243
144 248
145 147
145 148
145 149
145 152
145 153
145 154
145 156
145 159
145 161
145 162
145 169
145 170
145 179
145 184
145 187
145 189
145 194
145 195
145 207
145 209
145 211
145 214
145 215
145 216
145 218
145 220
145 223
145 225
145 226
145 228
145 232
145 238
145 240
145 242
146 148
146 149
146 150
146 157
146 161
146 166
146 170
146 175
146 179
146 184
146 185
146 188
146 199
146 200
146 201
146 203
146 204
146 209
146 210
146 211
146 212
146 219
146 221
146 222
146 224
146 225
146 226
146 227
146 228
146 229
146 232
146 233
146 234
146 240
146 244
146 245
146 246
147 148
147 149
147 153
147 155
147 158
147 160
147 161
147 165
147 184
147 187
147 189
147 190
147 194
147 206
147 216
147 222
147 226
147 235
147 238
147 246
148 150
148 154
148 161
148 162
148 164
148 166
148 169
148 171
148 172
148 175
148 178
148 179
148 180
148 184
148 186
148 190
148 192
148 194
148 200
148 201
148 204
148 207
148 209
148 218
148 219
148 223
148 229
148 234
148 237
148 239
148 243
148 245
148 246
149 152
149 154
149 157
149 158
149 163
149 167
149 175
149 176
149 180
149 182
149 183
149 185
149 187
149 189
149 190
149 192
149 195
149 201
149 206
149 207
149 211
149 214
149 218
149 228
149 230
149 231
149 232
149 233
149 237
149 240
149 244
150 156
150 157
150 160
150 162
150 163
150 166
150 176
150 180
150 183
150 184
150 185
150 190
150 191
150 192
150 196
150 201
150 213
150 225
150 226
150 227
150 228
150 233
150 234
150 238
150 239
150 241
150 243
150 244
151 152
151 153
151 156
151 157
151 159
151 167
151 168
151 169
151 170
151 174
151 177
151 180
151 182
151 197
151 198
151 203
151 214
151 215
151 216
151 217
151 218
151 219
151 220
151 223
151 224
151 226
151 231
151 234
151 235
151 237
151 238
151 239
151 241
151 242
151 249
152 154
152 157
152 159
152 162
152 163
152 168
152 169
152 170
152 171
152 172
152 173
152 181
152 186
152 188
152 192
152 194
152 198
152 199
152 200
152 201
152 206
152 209
152 210
152 214
152 216
152 217
152 219
152 222
152 223
152 224
152 225
152 226
152 228
152 231
152 233
152 236
152 237
152 238
152 243
152 246
153 155
153 158
153 163
153 167
153 168
153 171
153 172
153 178
153 180
153 186
153 190
153 193
153 194
153 197
153 198
153 200
153 201
153 203
153 206
153 209
153 211
153 214
153 217
153 225
153 227
153 229
153 230
153 232
153 239
153 241
153 243
153 244
153 245
153 247
153 248
153 249
154 155
154 160
154 163
154 164
154 167
154 168
154 173
154 174
154 178
154 179
154 181
154 182
154 186
154 189
154 195
154 197
154 200
154 201
154 202
154 203
154 204
154 208
154 211
154 213
154 214
154 217
154 225
154 229
154 233
154 242
154 243
154 244
154 245
155 156
155 161
155 164
155 166
155 167
155 175
155 177
155 181
155 182
155 187
155 188
155 189
155 190
155 205
155 208
155 210
155 215
155 216
155 219
155 221
155 234
155 235
155 240
155 241
155 245
155 248
156 159
156 160
156 163
156 164
156 168
156 175
156 177
156 180
156 183
156 184
156 185
156 187
156 197
156 206
156 221
156 225
156 226
156 234
156 239
156 243
157 160
157 161
157 165
157 168
157 171
157 177
157 181
157 189
157 190
157 191
157 196
157 202
157 203
157 206
157 208
157 214
157 223
157 228
157 229
157 235
157 236
157 238
157 243
157 244
157 245
157 246
157 247
157 248
157 249
158 159
158 165
158 167
158 168
158 174
158 177
158 180
158 183
158 188
158 190
158 191
158 193
158 194
158 196
158 198
158 200
158 202
158 204
158 229
158 230
158 232
158 239
158 245
158 246
158 247
159 161
159 162
159 163
159 167
159 171
159 172
159 173
159 174
159 176
159 179
159 182
159 184
159 186
159 193
159 194
159 197
159 203
159 204
159 208
159 209
159 211
159 214
159 216
159 218
159 234
159 236
159 240
159 241
159 247
159 249
160 161
160 162
160 163
160 164
160 167
160 179
160 183
160 184
160 185
160 192
160 196
160 199
160 205
160 206
160 208
160 209
160 213
160 222
160 226
160 228
160 229
160 243
160 245
160 246
160 247
160 248
161 163
161 166
161 169
161 171
161 176
161 177
161 178
161 179
161 180
161 181
161 193
161 203
161 204
161 209
161 212
161 217
161 218
161 221
161 225
161 230
161 233
161 235
161 237
161 238
161 243
161 244
161 247
161 248
162 169
162 174
162 175
162 176
162 180
162 181
162 186
162 191
162 193
162 199
162 203
162 204
162 207
162 209
162 210
162 218
162 220
162 222
162 223
162 226
162 228
162 229
162 233
162 235
162 238
162 240
162 241
162 242
162 249
163 168
163 172
163 173
163 175
163 178
163 182
163 183
163 189
163 197
163 199
163 201
163 209
163 211
163 212
163 214
163 217
163 219
163 220
163 222
163 225
163 227
163 236
163 238
163 239
163 248
164 167
164 174
164 181
164 185
164 186
164 188
164 192
164 195
164 196
164 197
164 209
164 213
164 214
164 217
164 220
164 224
164 226
164 227
164 234
164 235
164 242
164 243
164 244
165 171
165 172
165 174
165 176
165 177
165 179
165 181
165 186
165 187
165 188
165 192
165 194
165 198
165 199
165 200
165 201
165 203
165 209
165 213
165 215
165 222
165 225
165 227
165 231
165 249
166 169
166 173
166 174
166 177
166 184
166 187
166 189
166 195
166 196
166 198
166 200
166 201
166 206
166 207
166 211
166 217
166 218
166 221
166 223
166 232
166 237
166 238
166 243
166 244
166 247
167 168
167 175
167 176
167 177
167 179
167 181
167 186
167 187
167 188
167 192
167 194
167 205
167 207
167 212
167 213
167 219
167 222
167 223
167 225
167 229
167 230
167 235
167 236
167 237
167 239
167 241
167 243
167 244
168 169
168 172
168 186
168 190
168 191
168 196
168 198
168 204
168 209
168 210
168 211
168 213
168 214
168 215
168 219
168 225
168 226
168 238
168 239
168 240
168 242
168 248
169 170
169 175
169 177
169 178
169 179
169 180
169 181
169 183
169 187
169 188
169 198
169 207
169 217
169 219
169 221
169 223
169 226
169 228
169 231
169 244
170 171
170 172
170 176
170 181
170 182
170 184
170 185
170 186
170 189
170 190
170 193
170 203
170 206
170 209
170 213
170 215
170 216
170 217
170 219
170 220
170 221
170 222
170 224
170 233
170 234
170 237
170 241
170 242
170 245
170 247
171 172
171 176
171 177
171 179
171 180
171 188
171 191
171 192
171 197
171 205
171 213
171 216
171 221
171 222
171 230
171 232
171 233
171 244
171 246
171 248
172 179
172 180
172 182
172 186
172 188
172 189
172 190
172 191
172 195
172 198
172 200
172 208
172 212
172 215
172 216
172 218
172 219
172 221
172 234
172 235
172 237
172 239
172 248
172 249
173 179
173 180
173 182
173 185
173 186
173 187
173 189
173 192
173 196
173 204
173 207
173 208
173 213
173 216
173 219
173 227
173 229
173 230
173 233
173 235
173 237
173 239
173 241
173 242
173 243
173 244
173 246
174 179
174 182
174 190
174 194
174 196
174 198
174 200
174 203
174 206
174 208
174 210
174 213
174 214
174 217
174 219
174 222
174 223
174 233
174 242
174 247
174 248
175 178
175 180
175 182
175 184
175 186
175 189
175 191
175 195
175 198
175 199
175 201
175 206
175 207
175 216
175 218
175 222
175 223
175 232
175 234
175 235
175 236
175 237
175 240
175 247
175 248
176 180
176 181
176 182
176 183
176 184
176 189
176 197
176 201
176 202
176 203
176 204
176 206
176 208
176 211
176 220
176 225
176 226
176 236
176 238
176 245
176 246
176 247
176 248
177 179
177 180
177 182
177 191
177 192
177 195
177 197
177 199
177 201
177 203
177 205
177 207
177 215
177 217
177 221
177 225
177 227
177 228
177 232
177 233
177 235
177 237
177 238
177 244
177 248
178 180
178 181
178 183
178 185
178 187
178 190
178 194
178 197
178 199
178 202
178 203
178 205
178 209
178 213
178 216
178 224
178 225
178 231
178 233
178 234
178 237
178 239
178 240
178 244
178 247
178 248
178 249
179 180
179 181
179 182
179 189
179 190
179 191
179 194
179 198
179 203
179 204
179 209
179 213
179 214
179 215
179 217
179 219
179 220
179 222
179 223
179 227
179 230
179 239
179 244
179 245
179 247
179 249
180 187
180 188
180 189
180 190
180 196
180 198
180 199
180 201
180 202
180 203
180 211
180 213
180 219
180 220
180 228
180 229
180 230
180 233
180 234
180 235
180 242
180 243
181 185
181 186
181 188
181 191
181 202
181 206
181 211
181 220
181 223
181 224
181 225
181 227
181 230
181 232
181 234
181 238
181 239
181 240
181 244
181 245
182 183
182 187
182 192
182 201
182 203
182 205
182 207
182 210
182 212
182 215
182 217
182 219
182 220
182 221
182 226
182 229
182 232
182 240
182 241
182 242
182 247
182 248
183 186
183 191
183 192
183 193
183 201
183 204
183 206
183 208
183 211
183 212
183 214
183 219
183 222
183 223
183 228
183 230
183 233
183 234
183 242
183 245
183 246
183 249
184 186
184 189
184 190
184 191
184 193
184 203
184 204
184 221
184 222
184 223
184 225
184 230
184 231
184 232
184 233
184 234
184 235
184 237
184 243
184 244
184 245
184 246
184 248
184 249
185 200
185 205
185 206
185 207
185 209
185 211
185 218
185 220
185 223
185 224
185 227
185 229
185 244
186 187
186 191
186 192
186 194
186 197
186 199
186 200
186 204
186 205
186 206
186 210
186 215
186 216
186 225
186 227
186 231
186 233
186 235
186 243
186 247
186 249
187 189
187 190
187 193
187 207
187 221
187 222
187 223
187 226
187 229
187 230
187 235
187 238
187 239
187 241
187 243
187 245
187 249
188 192
188 195
188 196
188 199
188 201
188 204
188 210
188 212
188 216
188 217
188 218
188 225
188 231
188 233
188 234
188 236
188 243
188 246
189 190
189 192
189 193
189 195
189 196
189 197
189 202
189 205
189 208
189 210
189 227
189 228
189 232
189 235
189 238
189 242
189 243
189 246
190 191
190 193
190 194
190 200
190 206
190 209
190 210
190 213
190 214
190 217
190 223
190 226
190 229
190 238
190 240
190 241
190 242
191 193
191 195
191 196
191 197
191 199
191 206
191 208
191 211
191 215
191 219
191 228
191 229
191 231
191 235
191 237
191 244
191 247
191 248
192 194
192 195
192 196
192 200
192 203
192 206
192 207
192 209
192 212
192 216
192 222
192 230
192 235
192 236
192 246
192 249
193 194
193 197
193 202
193 205
193 209
193 210
193 216
193 218
193 219
193 233
193 234
193 236
193 238
193 247
194 197
194 198
194 209
194 214
194 216
194 219
194 223
194 224
194 225
194 231
194 233
194 235
194 236
194 237
194 239
194 240
194 243
194 244
194 245
195 198
195 210
195 214
195 221
195 225
195 226
195 229
195 230
195 232
195 234
195 244
195 246
195 247
195 248
196 201
196 206
196 209
196 212
196 215
196 216
196 217
196 220
196 224
196 225
196 227
196 229
196 235
196 236
196 237
196 239
196 240
196 244
196 247
196 249
197 199
197 200
197 202
197 211
197 212
197 218
197 219
197 220
197 233
197 238
197 241
197 243
197 245
197 247
197 248
198 204
198 205
198 206
198 210
198 212
198 216
198 217
198 223
198 224
198 226
198 227
198 228
198 233
198 236
198 237
198 243
198 247
199 202
199 203
199 208
199 217
199 222
199 226
199 231
199 232
199 237
199 238
199 240
199 243
199 246
199 247
200 203
200 207
200 210
200 216
200 218
200 219
200 221
200 227
200 231
200 234
200 237
200 238
200 239
200 243
200 244
200 249
201 202
201 208
201 210
201 212
201 216
201 219
201 223
201 224
201 225
201 229
201 231
201 232
201 235
201 239
201 242
202 203
202 205
202 206
202 209
202 211
202 217
202 222
202 228
202 237
202 239
202 245
202 246
202 248
202 249
203 210
203 213
203 217
203 224
203 232
203 246
203 247
203 249
204 206
204 208
204 211
204 213
204 219
204 231
204 236
204 240
204 244
204 248
205 207
205 208
205 211
205 219
205 220
205 224
205 226
205 231
205 240
205 243
205 246
206 208
206 220
206 227
206 228
206 229
206 230
206 234
206 245
206 248
207 214
207 216
207 218
207 221
207 223
207 225
207 229
207 230
207 231
207 235
208 213
208 215
208 221
208 223
208 226
208 233
208 235
208 239
208 241
208 243
208 248
209 210
209 212
209 214
209 217
209 218
209 221
209 223
209 229
209 232
209 233
209 239
209 242
209 249
210 212
210 213
210 214
210 216
210 219
210 226
210 233
210 234
210 239
210 246
211 212
211 213
211 214
211 215
211 225
211 228
211 232
211 235
211 236
211 237
211 243
211 244
212 219
212 228
212 240
212 241
212 242
213 214
213 220
213 226
213 229
213 233
213 235
213 242
213 245
213 249
214 216
214 217
214 218
214 224
214 225
214 227
214 232
214 233
214 239
214 241
214 242
214 244
214 246
214 247
214 249
215 219
215 220
215 222
215 228
215 244
216 218
216 233
216 243
217 218
217 224
217 225
217 229
217 230
217 235
217 236
217 238
217 240
217 245
217 248
218 220
218 231
218 241
218 246
218 249
219 221
219 222
219 223
219 228
219 230
219 231
219 232
219 242
220 221
220 223
220 228
220 229
220 231
220 237
220 239
220 241
220 242
220 245
220 246
220 247
221 239
221 241
221 246
221 247
222 224
222 226
222 228
222 231
222 234
222 242
222 243
222 245
222 248
222 249
223 224
223 230
223 234
223 236
223 237
223 239
223 241
223 244
223 247
223 249
224 226
224 228
224 231
224 236
224 244
224 246
225 226
225 230
225 231
225 234
225 236
225 238
225 247
226 231
226 241
227 228
227 230
227 236
227 241
227 244
227 249
228 234
228 238
228 239
228 243
229 234
229 239
229 241
229 243
229 247
229 249
230 232
230 235
230 239
230 246
230 248
231 232
231 233
231 236
231 240
231 242
231 249
232 236
232 239
232 244
232 248
233 234
233 242
233 246
233 248
234 235
234 238
234 240
234 245
234 248
234 249
235 239
235 240
235 242
235 244
235 245
235 247
235 249
236 243
236 249
237 238
237 243
237 244
237 249
238 240
238 242
238 244
238 245
239 248
240 245
240 247
240 248
241 242
241 247
242 243
242 246
242 247
242 248
243 247
244 248
245 248
245 249
246 247
247 248
