0 31
0 37
0 38
0 4
0 39
0 12
0 118
0 247
0 1
0 11
0 25
31 32
37 30
37 156
38 4
38 19
38 32
38 13
38 75
4 13
4 15
4 35
4 80
4 151
4 16
4 29
4 32
39 13
39 36
39 16
39 32
39 40
12 227
12 35
118 96
118 102
247 86
247 215
247 227
1 33
1 73
1 32
33 32
33 25
73 48
73 80
73 79
73 77
73 75
73 84
3 16
16 23
16 13
16 32
16 99
16 20
13 32
13 25
13 11
13 85
13 99
13 166
13 219
35 32
80 42
80 62
80 135
80 87
151 188
151 187
151 156
151 161
151 214
151 163
151 186
5 10
10 241
7 32
7 246
32 18
32 14
32 19
32 130
32 36
246 194
246 195
246 198
246 208
246 212
246 237
246 241
246 220
246 224
246 219
246 226
246 214
246 231
241 202
241 227
241 219
227 48
227 93
227 193
227 195
227 205
227 207
227 212
227 216
227 221
227 220
227 222
227 214
227 248
227 230
227 231
227 233
227 242
85 72
85 76
85 48
85 58
85 231
85 87
99 88
99 92
99 93
99 94
99 98
99 129
99 122
99 130
99 100
99 97
99 142
99 163
99 116
99 124
99 136
99 137
166 161
166 171
166 169
219 90
219 215
219 195
219 248
219 220
219 224
18 169
169 76
169 149
169 156
169 138
169 150
169 168
169 161
169 185
19 30
21 214
21 195
214 195
214 197
214 203
214 210
214 236
214 225
214 231
214 224
195 46
195 77
195 104
195 208
195 200
195 216
195 228
195 235
195 236
195 198
195 199
195 201
195 203
195 215
195 221
195 225
195 232
29 41
29 36
130 92
130 97
130 98
130 100
130 102
130 112
130 116
130 121
130 96
130 95
130 88
130 135
156 117
156 138
156 140
156 143
156 154
156 179
156 161
156 147
156 191
156 155
156 148
156 139
156 177
156 178
156 159
156 158
156 235
156 182
75 48
75 57
75 42
75 76
42 61
42 48
61 86
61 51
61 59
61 81
61 84
61 83
48 77
48 54
48 59
48 68
48 81
48 57
48 86
48 66
48 52
48 79
48 67
48 107
48 161
48 49
48 63
48 72
48 78
45 71
45 58
71 56
71 69
71 77
77 72
77 86
77 82
77 164
54 83
54 65
59 84
59 83
68 49
68 57
68 74
68 84
68 86
81 43
57 79
57 86
57 236
86 55
86 62
86 66
86 79
66 84
66 62
66 67
66 83
52 49
52 164
79 83
67 76
107 98
107 135
161 126
161 143
161 149
161 150
161 154
161 157
161 175
161 184
161 148
161 155
161 180
161 176
161 185
161 174
161 164
161 172
161 190
161 191
51 84
84 56
84 76
164 168
53 243
53 62
243 212
243 215
243 211
243 236
83 123
55 69
236 146
236 193
236 196
236 202
236 205
236 207
236 229
236 231
236 232
236 235
236 199
236 217
236 204
236 239
58 87
60 44
60 72
44 76
72 182
76 186
76 228
182 158
182 165
182 177
182 191
182 140
186 149
228 205
228 192
135 92
123 102
231 217
231 193
88 126
88 128
88 132
88 134
92 102
92 104
92 121
92 98
102 97
102 121
104 137
104 117
121 94
121 98
93 215
93 117
93 119
93 126
93 133
215 193
215 199
215 203
215 205
215 239
94 98
94 108
94 111
96 133
96 125
133 115
97 125
97 137
125 111
98 124
98 120
98 119
98 103
98 116
98 127
98 129
98 136
124 134
119 111
119 137
100 199
142 185
163 148
103 106
137 136
105 127
108 126
112 114
116 126
116 128
128 136
95 136
138 179
179 146
179 148
179 177
139 159
185 177
143 145
145 171
148 181
150 172
187 157
187 190
187 191
154 157
154 189
154 176
154 190
191 168
158 168
158 141
235 193
235 209
235 238
175 174
184 171
193 224
193 205
193 212
193 192
193 198
193 208
193 230
193 233
193 239
224 196
224 197
224 212
224 200
224 205
224 202
224 203
224 225
205 202
205 225
205 217
205 208
205 212
196 229
197 213
213 226
213 220
198 220
204 221
210 232
239 223
218 234
218 222
220 206
220 232
222 242
211 245
