0 3
0 28
3 24
3 11
28 23
28 6
28 19
6 33
6 19
6 27
6 13
6 17
6 11
6 23
6 30
6 32
6 10
6 36
6 35
6 60
6 171
6 181
6 222
33 11
33 19
33 27
33 30
33 32
33 23
33 13
33 18
33 14
33 122
33 125
33 96
33 147
33 222
19 27
19 35
27 35
27 18
27 77
27 201
27 36
13 8
13 17
13 32
17 11
11 23
11 32
23 8
23 32
23 93
23 234
23 222
23 35
30 32
30 96
32 14
32 40
32 1
32 113
32 185
60 50
60 85
60 139
171 70
171 143
171 145
171 177
171 186
171 181
181 78
181 147
181 146
181 167
181 148
181 183
222 194
222 197
222 199
222 214
222 220
222 201
222 211
222 203
222 234
222 217
222 235
222 218
222 240
222 244
14 26
93 45
93 122
93 102
93 120
93 132
93 130
93 128
93 127
93 96
93 121
93 99
93 94
93 100
93 97
93 146
93 185
93 234
93 197
93 114
93 117
93 125
93 131
93 137
234 25
234 77
234 100
234 106
234 122
234 124
234 137
234 146
234 157
234 194
234 197
234 198
234 201
234 208
234 210
234 212
234 221
234 228
234 232
234 218
234 215
234 205
234 235
234 242
234 248
234 223
234 195
234 244
234 239
234 240
77 43
77 50
77 63
77 67
77 79
77 65
77 87
77 69
77 85
77 47
77 62
77 81
201 194
201 214
201 235
201 244
201 232
96 95
96 100
96 97
96 185
96 104
96 120
96 122
96 127
96 131
40 114
113 114
113 132
113 197
113 127
113 137
185 127
185 146
185 147
185 148
185 150
185 153
185 157
185 173
185 183
185 142
185 167
185 169
185 138
185 178
185 187
185 186
185 139
185 162
122 50
122 100
122 120
122 130
122 132
122 124
122 95
122 127
122 135
125 120
125 114
125 127
125 187
125 131
147 141
147 146
147 143
147 149
147 166
38 146
146 100
146 138
146 139
146 144
146 173
146 167
146 149
146 175
146 153
146 157
146 186
146 197
146 244
146 165
146 166
146 182
146 191
114 97
114 127
44 216
44 62
216 235
216 248
45 50
45 57
50 85
50 51
50 61
50 79
50 117
50 157
50 205
50 196
50 209
50 63
50 72
50 87
46 85
85 47
85 63
85 69
85 72
85 76
85 79
85 65
85 75
85 244
47 87
51 69
79 63
79 57
117 106
157 139
157 183
205 194
196 194
209 235
54 163
163 131
139 167
139 143
139 148
139 149
139 153
66 187
67 82
69 238
69 83
81 83
244 211
244 235
244 194
244 220
244 197
120 95
120 127
120 100
120 124
132 137
132 127
127 105
127 97
127 91
127 173
127 240
127 136
121 97
100 97
100 103
197 248
197 215
197 242
197 240
197 236
197 200
197 221
197 228
197 235
197 247
98 134
134 124
134 183
103 105
105 119
106 131
119 137
124 109
173 153
173 186
240 199
240 214
240 235
240 220
240 230
240 215
131 129
138 143
138 167
138 186
167 148
167 143
141 165
165 153
165 186
143 158
143 186
143 182
186 153
186 161
186 164
149 178
175 151
175 150
153 169
151 156
151 194
194 235
194 241
194 193
194 198
194 199
194 203
194 213
194 214
194 221
194 233
194 245
166 182
170 179
179 177
162 189
235 199
235 214
235 220
235 224
235 193
235 206
235 236
235 239
235 242
215 200
242 230
199 212
212 203
212 214
214 246
211 218
213 223
223 227
220 245
228 233
