0 1
0 249
0 2
0 248
1 2
1 3
1 249
2 3
2 141
3 4
3 5
4 5
4 6
5 7
5 114
6 7
6 8
7 8
7 9
7 196
8 10
8 116
9 10
9 11
10 11
10 12
11 12
11 144
12 13
12 14
12 65
13 14
13 15
13 119
14 16
14 138
15 17
15 197
16 17
16 18
17 18
17 19
17 33
18 19
18 20
19 135
19 122
20 21
20 22
21 23
21 145
22 23
22 24
23 24
23 25
24 25
24 26
24 183
24 207
25 26
25 160
26 28
26 140
27 28
27 129
28 29
28 30
28 72
29 30
29 31
30 31
30 32
31 32
31 33
31 237
32 33
32 34
33 35
34 35
34 36
35 36
35 247
36 37
36 38
37 38
37 39
37 148
38 39
38 40
38 221
39 40
39 41
40 41
40 42
40 240
41 42
41 77
41 156
42 43
42 44
43 44
43 45
44 45
44 46
44 90
44 220
45 46
45 47
46 47
46 48
46 62
47 48
47 218
48 49
48 50
49 51
49 176
50 51
50 52
51 52
51 148
52 53
52 89
53 54
53 55
54 55
54 56
55 56
55 57
56 57
56 58
57 58
57 77
57 59
58 59
58 63
59 60
60 61
60 62
61 62
61 63
62 64
63 64
63 65
64 65
64 66
65 134
65 117
66 67
66 68
67 68
67 69
67 219
68 69
68 70
69 71
69 213
70 71
70 72
71 73
71 248
72 73
73 74
73 75
74 75
74 76
75 76
75 200
75 84
76 77
76 78
76 83
77 78
77 153
78 79
78 207
79 81
79 224
80 81
80 82
81 82
81 83
82 83
82 84
83 84
84 85
85 86
85 87
86 87
86 88
87 88
87 89
88 89
88 109
89 90
89 91
90 92
90 91
91 92
91 113
92 93
92 94
93 94
93 95
94 96
94 232
94 171
95 166
95 212
96 97
96 129
97 98
97 99
98 99
98 100
99 100
99 101
100 101
100 102
101 103
101 160
102 103
102 104
103 104
103 105
104 105
104 106
104 131
104 132
105 106
105 107
106 107
106 108
107 108
107 109
108 109
108 110
109 110
109 111
110 111
110 112
110 210
111 112
111 169
112 113
112 114
113 114
113 193
114 115
114 116
115 116
115 117
115 228
116 117
116 118
117 118
118 119
118 120
119 121
120 121
120 122
121 122
121 123
122 123
122 124
123 124
123 125
124 125
124 229
125 126
125 127
126 127
126 128
127 128
127 129
128 129
128 130
128 235
129 130
129 131
130 131
130 132
131 132
132 133
133 134
133 135
134 135
134 136
135 136
135 137
136 137
136 138
136 191
137 138
137 139
138 139
138 140
139 140
139 141
140 142
140 209
141 142
141 143
142 143
142 144
143 145
143 242
144 145
144 146
144 240
145 146
145 147
146 147
146 148
147 148
147 149
148 150
149 150
149 151
150 151
150 152
151 152
151 153
152 153
152 154
153 154
153 155
154 155
154 156
155 156
155 157
156 157
156 164
157 158
157 159
157 239
158 159
158 160
159 160
159 161
160 161
160 191
160 167
161 162
161 163
162 163
162 164
163 164
163 165
163 208
163 231
164 165
164 176
165 166
165 167
166 167
166 168
167 168
168 169
168 170
169 170
169 171
169 187
170 171
170 172
171 173
172 173
172 174
173 174
173 175
174 175
174 176
175 176
175 177
176 177
177 178
177 179
178 179
178 180
179 180
179 181
180 181
180 182
181 182
181 183
182 183
182 184
183 185
184 185
184 186
185 186
185 187
186 187
186 188
187 189
188 189
188 190
189 190
189 191
190 191
190 192
191 192
192 193
192 194
193 195
194 195
194 196
195 196
195 197
196 198
197 199
197 227
198 199
198 200
199 200
199 201
200 201
200 202
201 202
201 203
202 203
202 204
202 219
203 204
203 205
204 205
204 206
205 206
205 207
206 207
206 208
207 208
208 210
208 223
209 210
209 211
210 212
211 212
211 213
212 213
212 214
213 214
213 215
214 215
214 216
215 216
215 217
216 217
216 218
217 218
217 219
218 219
218 220
220 222
221 222
222 223
222 224
223 224
224 225
224 226
224 238
225 226
225 227
226 227
226 228
227 228
227 229
228 230
229 230
229 231
230 231
230 232
231 233
232 233
232 234
233 235
233 244
234 235
234 236
235 236
236 237
236 238
237 239
238 239
239 240
241 242
241 243
242 243
242 244
243 244
243 245
244 245
244 246
245 246
245 247
246 247
246 248
247 248
247 249
248 249
