6
0
3
8
5
9
22
10
1
30
18
15
11
14
7
29
204
17
231
213
303
299
312
294
290
308
321
317
130
267
263
330
357
326
353
285
281
240
375
371
236
40
97
339
366
342
335
362
277
87
48
78
93
72
4
16
258
68
260
254
21
12
58
36
45
59
73
119
54
19
31
23
52
100
249
158
117
135
114
141
34
50
109
53
74
42
95
32
80
82
83
89
28
41
88
125
24
25
13
85
33
81
56
47
70
113
167
91
129
222
203
349
218
27
176
344
275
351
348
185
46
99
57
39
245
246
379
214
215
205
334
316
325
271
142
307
126
234
228
361
289
244
298
370
226
276
273
253
140
157
132
259
262
51
35
77
340
337
209
191
155
115
373
116
224
207
220
186
139
162
161
292
242
319
251
355
301
201
328
287
377
279
92
193
238
283
364
26
310
332
359
323
368
314
296
67
265
269
305
230
152
232
229
235
189
147
255
210
346
345
159
37
174
103
169
338
102
172
165
60
131
163
199
122
247
64
145
134
62
347
75
123
138
187
216
