0
8
6
14
7
16
9
22
24
11
21
15
28
17
37
13
18
29
98
12
26
31
3
25
58
106
92
93
133
27
94
63
146
314
83
59
142
316
30
189
55
148
20
131
129
39
126
103
100
36
117
187
278
178
124
280
32
53
105
4
33
80
70
86
43
44
2
52
64
197
112
175
34
60
75
97
65
42
135
71
10
150
199
302
118
40
45
66
99
38
90
141
47
74
46
49
143
1
110
35
230
62
308
232
140
296
272
311
310
309
298
274
304
179
306
248
307
250
253
252
319
235
234
194
297
299
279
273
275
293
246
237
291
247
239
238
245
244
295
294
292
222
223
265
264
260
261
218
221
220
205
257
256
255
254
204
203
202
201
206
216
266
208
217
268
269
213
214
209
211
207
284
285
286
224
225
226
113
101
165
177
182
5
122
139
72
144
171
267
318
156
287
281
107
227
104
147
236
159
188
78
168
23
138
212
192
67
185
198
180
153
263
176
161
61
69
242
243
173
