0
2
7
6
11
8
12
16
5
10
30
15
18
24
61
71
174
138
72
168
60
17
48
32
66
42
156
62
96
132
40
108
36
90
64
58
89
152
52
53
21
69
120
133
116
114
144
31
78
9
26
68
51
47
4
19
23
20
39
59
177
147
80
13
85
34
83
43
37
141
1
101
54
87
75
77
25
44
148
143
73
29
159
88
199
27
139
153
113
22
110
98
145
76
242
188
91
180
94
179
86
119
81
196
106
233
45
28
41
166
172
225
134
237
228
65
137
112
218
175
254
250
181
118
129
205
214
201
259
203
46
56
193
208
216
82
176
102
67
123
197
231
219
230
70
146
160
236
221
125
257
256
223
170
186
92
35
111
246
210
239
240
248
126
243
244
211
212
252
