0
6
7
9
16
11
12
8
2
26
21
13
22
27
23
49
19
24
33
74
15
34
114
86
87
18
68
171
77
36
32
147
17
31
42
121
29
98
63
30
1
5
133
194
326
66
69
81
71
136
92
43
149
67
123
344
20
162
128
346
73
47
374
302
54
134
65
41
129
148
44
25
72
368
263
39
35
4
46
37
14
138
169
78
95
195
284
376
350
28
120
90
188
248
93
180
52
140
304
245
352
250
332
286
370
328
243
240
241
296
261
356
298
334
358
85
83
308
290
335
292
310
260
38
247
287
378
345
294
301
239
249
309
329
330
306
307
303
359
355
357
373
372
371
259
275
276
277
273
258
254
257
256
210
267
268
266
269
211
209
208
207
202
280
318
200
278
319
283
204
205
315
317
316
365
364
363
233
321
320
323
322
231
235
234
232
226
214
215
212
213
224
228
229
227
339
342
343
222
221
220
218
219
223
50
139
184
57
190
198
96
61
379
362
300
285
354
333
76
295
262
237
341
311
186
113
251
282
347
246
117
51
53
187
189
127
125
55
164
331
102
168
159
151
124
84
56
131
170
99
181
154
130
135
137
70
116
58
185
183
