4
6
0
5
13
8
15
7
25
17
1
68
33
18
335
20
360
305
355
390
325
370
265
300
330
380
385
365
295
395
290
340
260
285
255
38
240
310
320
270
280
210
235
250
230
206
78
315
350
79
70
345
117
22
181
193
39
275
245
83
27
378
375
127
98
58
225
226
92
216
201
200
220
221
59
24
97
109
45
71
35
50
153
49
29
114
19
11
81
90
67
73
57
132
3
26
76
41
52
110
14
66
9
188
10
2
46
60
36
93
12
30
31
141
120
51
28
48
56
122
16
172
143
23
34
75
80
32
53
37
63
107
74
167
140
174
72
69
129
191
157
187
94
148
65
179
156
168
397
396
173
311
251
212
321
215
337
346
261
347
392
391
341
366
276
282
281
62
246
257
133
287
386
387
292
372
316
382
306
361
352
301
326
297
208
205
331
271
241
357
356
237
266
267
232
231
376
184
176
175
113
99
116
87
177
163
106
104
333
327
77
328
111
299
119
296
302
294
291
123
64
336
273
171
217
318
84
151
214
263
262
259
166
307
96
248
342
150
160
253
180
368
367
278
131
228
125
371
103
124
312
88
149
322
323
239
101
362
354
351
202
169
223
222
289
136
286
242
21
381
