6
12
7
0
11
3
8
2
14
9
54
26
25
29
474
348
30
10
470
344
528
510
5
204
524
66
506
207
231
222
88
420
357
411
591
546
407
353
416
542
587
618
614
501
240
249
339
447
443
245
236
335
497
60
93
85
285
564
213
555
209
281
551
560
393
573
569
389
366
402
537
519
515
533
362
276
375
303
299
272
371
438
267
465
263
28
645
258
294
312
308
254
290
641
492
636
632
384
432
21
461
37
380
45
627
82
330
168
630
623
582
326
321
483
584
124
317
601
479
609
605
488
456
17
157
43
15
109
452
112
155
146
51
86
33
23
53
149
40
58
70
79
596
425
16
4
603
47
404
55
62
57
48
19
18
13
36
83
127
35
64
59
22
187
84
73
117
90
49
27
116
161
105
99
63
135
74
114
144
94
24
460
34
72
429
38
434
487
440
436
649
220
234
262
523
253
244
235
550
224
613
217
532
478
541
622
280
397
496
388
316
513
271
400
595
289
325
334
352
307
361
298
505
577
370
424
580
343
451
559
201
640
379
568
469
415
101
173
228
165
175
600
44
192
184
597
76
481
427
511
508
625
179
138
643
638
647
509
215
548
132
296
301
305
571
566
634
211
499
226
95
328
539
332
256
445
535
544
182
319
251
323
575
314
586
247
589
422
278
449
52
526
355
463
503
310
593
418
230
413
557
490
611
517
395
42
616
382
472
283
156
205
406
218
607
341
391
337
553
189
620
368
458
454
386
377
530
265
269
260
578
409
442
238
467
274
373
476
287
485
292
203
242
359
494
562
398
350
521
364
346
349
367
522
431
128
125
123
113
111
188
154
39
152
151
602
629
631
628
433
626
196
178
141
140
129
50
56
169
143
106
229
102
232
163
174
131
107
92
