0
8
6
7
4
18
12
34
2
5
16
20
28
14
25
235
290
270
225
260
285
230
245
250
275
280
13
40
295
220
215
205
256
47
10
110
265
19
44
49
70
240
23
104
22
69
36
211
37
53
201
48
118
30
106
26
33
143
165
17
24
172
98
116
86
76
15
150
146
71
94
129
42
83
64
11
173
39
68
181
184
163
100
151
29
130
35
135
27
52
170
31
21
45
123
121
1
9
188
80
41
119
82
66
90
147
177
77
142
167
128
57
155
95
138
78
160
191
62
127
89
241
266
297
296
258
222
271
217
286
287
261
210
132
200
292
291
226
231
277
276
251
281
282
237
236
246
207
206
99
54
187
120
114
51
60
186
136
46
255
111
198
190
262
38
224
216
194
273
268
267
153
84
253
233
247
243
93
180
203
141
3
72
96
227
228
212
