0
6
11
7
9
1
19
2
15
16
25
5
21
3
18
58
240
295
325
320
345
300
315
245
335
305
310
340
225
280
230
235
275
260
251
78
220
14
330
285
210
60
290
29
51
197
255
266
99
8
270
113
32
183
28
34
185
24
82
84
20
63
89
133
206
201
218
216
215
68
64
26
31
44
36
27
12
154
72
112
43
95
179
162
56
50
166
94
17
33
22
100
126
41
174
93
23
30
42
57
90
87
39
96
151
108
188
168
10
79
52
158
195
178
61
67
102
71
76
47
169
334
289
258
214
159
74
342
341
336
337
346
268
307
306
282
253
317
246
277
311
327
226
326
242
271
272
301
232
296
236
86
322
205
200
261
221
292
222
106
55
66
163
131
256
287
332
81
160
48
140
127
97
85
182
212
175
189
132
77
92
231
281
263
228
227
250
207
156
91
119
83
319
203
118
321
324
276
313
347
312
302
53
303
248
128
291
269
193
145
238
237
171
111
241
298
