6
8
4
0
7
12
9
10
16
3
13
5
14
27
35
25
1
19
43
41
29
65
123
40
175
161
33
96
61
36
87
94
28
113
50
82
23
38
48
266
147
268
2
60
15
64
83
22
122
75
37
115
34
62
39
74
11
18
45
112
186
79
20
72
107
26
24
17
350
89
134
410
149
80
428
108
76
132
356
67
68
49
184
81
158
172
464
477
84
117
32
144
466
479
412
51
452
430
352
153
192
434
455
128
159
52
332
47
374
453
404
422
470
284
334
376
406
424
436
472
446
338
440
494
380
448
442
340
382
496
386
482
358
286
357
285
484
388
307
287
306
305
302
303
304
439
353
351
343
342
499
405
407
408
409
390
337
450
449
336
413
471
425
469
269
383
441
433
432
431
375
378
377
476
379
483
485
486
487
225
227
346
344
493
492
345
347
348
349
226
491
490
489
488
249
251
248
250
253
252
272
421
420
419
216
217
274
213
212
273
281
279
278
200
201
202
203
204
205
263
261
260
262
264
265
330
222
223
365
364
362
363
331
367
366
328
327
219
220
221
324
211
369
368
230
370
371
232
210
325
320
235
234
233
231
208
206
207
209
246
247
243
242
245
244
396
257
256
255
254
397
392
393
394
395
319
314
463
462
461
318
316
317
315
398
400
401
399
402
403
290
313
236
311
310
238
292
237
239
240
312
308
309
295
294
296
298
299
300
301
198
126
130
70
138
97
140
498
145
473
187
359
381
459
154
478
454
411
423
21
280
139
105
417
468
224
275
438
267
443
322
391
387
389
323
136
174
66
176
31
166
167
168
91
171
131
109
102
193
42
56
71
215
214
46
95
451
329
447
55
143
195
58
