8
0
1
7
9
10
23
14
20
6
30
12
33
3
19
22
57
40
21
82
58
44
107
18
55
34
15
176
488
140
116
49
118
71
155
25
77
184
490
62
492
46
85
51
24
112
136
69
398
195
17
11
326
13
68
111
100
328
169
45
67
400
114
120
152
92
81
105
64
146
4
143
2
28
119
88
29
179
27
135
54
104
16
91
79
70
362
41
37
178
93
290
187
320
148
159
101
314
248
50
56
168
392
364
316
121
446
394
292
494
147
448
416
482
272
434
134
274
484
470
160
344
124
472
496
458
278
418
322
254
280
460
250
346
308
249
349
310
384
441
385
443
436
256
258
366
282
283
435
437
450
449
499
309
311
471
321
330
419
329
294
276
275
383
273
401
462
463
445
461
487
397
396
395
393
315
317
318
319
387
389
386
390
391
388
334
284
357
379
378
286
332
359
333
287
361
356
375
374
360
431
422
423
231
424
429
233
432
433
428
235
234
232
230
263
261
262
260
264
265
220
409
219
296
355
221
218
354
298
408
297
404
405
301
300
353
352
350
351
411
413
412
415
414
410
271
203
202
201
200
270
268
267
266
269
338
212
229
343
342
228
214
215
213
216
225
226
227
224
454
452
457
456
455
453
302
467
466
465
464
304
306
307
303
305
244
238
239
240
241
242
243
247
245
246
209
479
480
481
476
207
211
210
208
206
369
368
370
371
373
110
59
170
126
87
498
473
74
348
399
486
141
43
63
444
417
31
39
335
137
493
295
367
425
117
381
115
251
323
340
285
259
255
257
289
197
65
237
236
171
108
174
42
406
407
130
447
60
66
327
193
153
156
157
38
133
478
173
95
78
125
94
90
83
75
376
