6
0
7
4
8
18
11
27
22
17
5
51
52
15
21
10
71
9
25
19
28
33
26
43
48
3
14
37
58
50
113
75
201
100
46
221
271
78
124
199
182
2
210
186
189
96
36
131
16
207
39
38
175
296
274
97
49
166
194
23
690
240
1
95
138
272
53
72
92
692
732
694
130
139
115
238
41
408
228
125
276
251
30
126
162
89
98
410
60
88
42
177
204
229
110
80
117
211
173
112
257
32
214
292
104
191
192
108
287
144
273
254
143
35
153
159
47
93
196
103
774
31
29
90
726
105
438
498
94
259
66
776
295
24
64
65
81
82
156
122
361
73
102
129
141
269
59
135
222
219
172
553
567
12
468
198
474
414
642
260
185
648
247
476
416
555
440
500
522
750
470
650
363
45
666
524
752
236
630
528
673
426
546
540
428
530
675
632
762
764
548
367
768
668
565
600
594
644
770
369
728
636
542
545
638
684
734
596
602
564
733
599
605
397
686
688
660
399
662
664
401
400
398
396
637
419
418
417
415
413
631
532
549
547
533
531
529
527
649
730
729
727
431
430
429
475
477
676
473
472
471
469
360
371
671
670
669
667
362
779
647
646
645
643
501
778
557
755
751
443
442
556
441
766
765
763
773
772
771
769
756
758
757
759
760
761
623
622
619
618
621
620
748
749
744
745
746
747
389
575
628
629
388
574
570
624
625
384
305
402
593
314
659
315
658
313
312
304
592
404
316
317
656
403
657
654
405
406
588
303
302
301
300
606
349
348
351
350
608
353
352
607
611
743
742
741
740
739
738
505
507
504
506
509
508
678
581
680
580
683
682
681
679
576
720
721
722
723
377
339
338
336
337
376
341
340
374
375
714
717
715
716
497
382
381
383
379
496
378
380
492
494
613
334
335
342
343
344
345
615
617
616
614
612
333
332
482
538
537
536
535
534
696
480
698
699
700
701
481
697
582
512
511
510
306
307
702
309
308
584
704
310
311
586
707
706
705
703
324
420
421
423
422
326
424
425
325
327
357
358
323
392
322
491
519
355
359
390
490
517
354
356
521
486
487
488
489
395
394
318
319
320
321
462
435
434
433
432
464
437
436
463
465
452
708
709
710
711
712
713
450
451
453
454
455
560
561
559
558
562
563
457
448
447
449
445
459
446
444
460
461
56
134
178
290
163
234
299
689
136
87
513
633
604
200
128
412
160
483
651
499
572
735
370
544
639
176
598
526
386
566
695
57
265
665
677
76
590
587
107
578
520
118
235
626
61
293
294
268
267
158
298
197
249
609
610
193
205
288
291
123
121
120
111
754
373
372
753
237
241
283
330
331
54
91
86
279
77
55
227
220
69
218
44
215
145
99
152
206
