0
6
5
2
24
10
16
4
8
25
7
31
85
13
15
81
36
30
48
84
18
9
44
57
21
102
50
97
26
111
109
61
206
33
42
53
29
14
32
181
169
63
137
87
56
120
90
135
35
51
37
62
34
17
217
127
54
230
66
43
3
238
46
45
22
38
12
19
158
83
28
89
136
47
221
58
59
119
142
149
122
138
40
27
49
95
179
236
94
239
216
64
23
177
108
11
113
99
167
222
103
213
159
244
41
209
100
224
72
220
168
215
128
112
201
154
192
80
185
176
184
172
130
104
129
152
73
203
98
223
241
240
186
146
67
156
205
165
110
132
116
202
171
211
88
190
243
164
