1
36
4
74
0
2
5
73
7
72
35
45
71
230
75
198
53
78
80
38
82
222
48
108
43
77
157
229
6
216
134
191
106
17
3
11
193
12
40
20
16
124
41
14
76
214
79
107
215
283
47
104
269
127
46
114
226
39
152
62
160
10
50
199
44
244
210
232
292
202
295
56
279
290
254
287
201
142
274
117
37
299
54
262
19
151
236
228
298
120
137
129
96
165
280
296
123
192
111
240
112
178
261
270
268
25
263
57
177
51
126
225
248
242
42
182
175
113
88
100
219
293
203
85
185
196
149
105
217
285
289
84
83
65
200
275
282
81
259
233
246
273
265
220
87
133
206
250
256
156
223
118
247
207
238
140
187
179
109
172
27
13
143
