13
15
0
12
11
82
19
14
24
16
20
23
22
27
7
73
31
175
148
95
83
17
18
187
21
4
225
128
151
224
150
6
42
74
26
33
8
5
84
3
115
25
29
176
167
188
198
91
211
134
209
136
210
79
68
219
143
118
105
119
244
218
133
96
100
164
140
222
250
59
86
99
185
32
75
184
63
162
109
81
239
178
189
240
249
156
58
202
2
154
78
54
201
36
43
40
243
52
241
137
112
114
48
116
199
177
111
215
124
182
248
227
233
41
35
87
231
149
152
62
30
247
127
135
223
180
217
104
103
50
10
34
9
204
93
216
97
49
236
76
110
147
169
238
47
165
71
213
203
205
226
172
242
113
123
207
181
39
235
69
130
45
179
65
55
186
145
53
120
155
107
194
229
1
129
46
174
190
191
90
121
139
158
237
64
221
183
153
196
102
193
197
117
138
122
192
80
