8
9
0
6
10
14
5
2
40
16
11
30
4
7
25
1
41
27
57
99
12
48
95
62
127
35
44
3
43
227
205
128
158
19
28
59
133
239
51
79
190
47
119
26
195
18
167
63
135
210
61
71
117
92
72
87
58
33
171
140
192
116
37
23
55
118
69
97
220
103
45
15
17
67
88
225
183
82
42
115
73
122
226
134
208
108
196
120
81
64
125
32
149
21
38
83
136
111
148
20
214
124
90
29
201
143
65
106
223
86
94
187
144
229
104
151
75
178
241
80
68
121
46
179
248
101
137
212
231
168
194
138
222
34
177
219
66
155
39
53
130
217
129
31
22
163
181
211
209
197
184
107
175
123
199
84
156
235
242
54
206
