19
0
21
25
20
23
31
22
24
29
27
28
30
122
15
2
35
11
123
101
45
46
26
33
40
10
12
121
48
34
32
4
37
38
47
18
7
3
16
102
50
100
103
105
5
126
125
174
153
36
42
228
61
124
64
44
186
57
1
135
197
39
165
185
107
159
110
187
127
67
175
52
106
131
184
78
41
55
217
233
139
155
83
209
59
58
128
71
56
73
108
82
160
133
134
109
202
234
224
180
168
132
114
181
230
142
195
79
213
80
200
62
250
247
177
87
244
222
182
75
238
199
190
145
98
150
240
157
243
130
119
201
68
237
14
117
51
138
111
220
158
129
176
63
211
212
104
60
245
218
136
189
232
192
95
118
239
178
76
151
115
143
140
85
49
161
242
171
188
223
204
70
74
6
205
141
69
94
215
99
206
173
226
246
9
183
54
169
210
147
166
179
113
53
17
225
152
219
235
164
241
43
207
162
13
144
116
148
170
227
193
172
249
198
90
8
