2
8
12
7
6
9
3
0
13
14
27
18
21
1
24
16
5
30
148
20
17
33
25
54
91
40
45
186
170
78
42
89
235
109
26
31
84
28
11
51
98
203
47
145
29
37
32
149
35
131
68
15
103
201
96
244
162
139
44
10
43
49
74
112
70
121
93
202
19
23
41
105
65
67
62
36
116
94
57
111
61
39
143
48
82
66
115
224
76
238
46
73
141
60
207
230
180
56
120
110
161
225
71
234
188
4
166
113
195
102
69
125
249
144
55
218
151
75
163
211
88
239
114
200
213
34
95
216
172
174
229
237
233
222
187
194
210
159
100
212
99
214
160
154
219
226
129
182
204
199
184
183
189
128
146
171
106
22
77
59
119
179
