0
20
25
19
21
24
29
22
26
27
33
28
23
36
162
31
38
129
35
43
44
108
48
30
41
128
161
34
40
14
11
15
32
3
49
37
4
50
64
132
133
10
45
231
5
17
110
134
147
62
53
46
201
59
213
52
39
65
243
1
168
16
131
8
56
47
232
66
226
42
170
146
54
57
130
179
193
80
181
206
137
163
221
225
244
120
112
208
192
89
70
109
2
172
178
207
235
230
95
224
72
106
145
83
220
127
157
176
219
97
194
12
222
82
182
204
115
151
215
238
153
90
124
198
116
144
174
247
75
81
214
100
217
104
7
167
60
239
202
74
138
218
141
152
205
148
143
58
55
51
212
209
6
175
165
185
229
13
245
166
242
154
68
119
180
150
122
216
18
156
158
164
107
159
67
241
191
111
173
149
105
196
85
103
249
187
160
246
71
228
99
142
88
227
203
186
169
234
248
136
171
184
84
86
183
79
96
200
118
126
63
155
189
223
