0
14
13
15
17
20
1
18
101
21
24
19
22
99
16
5
23
98
30
3
27
100
2
11
163
135
26
29
25
10
150
102
182
103
137
107
200
38
44
139
6
31
108
28
165
37
218
57
8
36
39
143
141
170
104
43
58
241
45
54
114
53
231
208
148
63
225
232
90
94
179
92
171
177
158
73
160
56
129
189
217
246
131
195
95
147
51
138
154
220
157
164
176
116
72
77
155
41
238
153
61
173
202
193
166
71
42
40
144
172
227
35
180
9
12
190
236
175
66
201
142
213
119
169
105
49
80
199
230
207
235
7
124
161
239
59
65
33
111
244
52
69
167
222
97
117
151
128
206
83
118
121
248
174
136
48
181
168
247
242
243
32
149
127
229
47
219
64
221
67
205
82
86
62
55
186
140
34
50
146
106
184
203
194
209
183
210
110
187
96
192
120
249
240
216
85
224
215
130
