0
4
5
7
108
109
84
68
6
229
2
137
1
242
100
187
13
21
10
115
226
143
3
22
8
116
71
138
161
182
194
101
268
283
15
239
164
136
82
9
11
83
31
233
139
86
27
184
88
305
67
371
113
217
259
17
379
388
266
225
47
99
373
169
26
162
248
202
224
183
43
289
87
310
270
34
163
36
238
140
78
69
166
321
271
398
195
73
252
14
85
356
95
77
167
188
232
286
165
66
168
369
110
367
76
59
385
341
391
203
40
171
320
330
29
325
319
144
366
215
181
358
389
127
253
303
93
96
89
104
288
212
49
51
20
279
141
396
395
156
227
377
173
399
237
345
362
337
273
285
58
304
262
219
32
382
191
24
374
393
92
333
145
186
111
130
129
296
306
81
260
79
64
63
151
60
107
126
124
121
211
52
352
354
209
334
336
256
207
361
175
46
205
370
315
153
347
132
170
327
394
387
309
263
378
386
117
234
48
249
328
134
12
