1
5
4
37
0
3
2
36
14
143
33
80
135
38
12
43
114
75
8
11
6
7
110
180
185
164
35
74
134
200
9
34
97
163
13
149
76
120
42
23
260
168
47
244
40
49
19
217
131
98
96
54
81
60
51
202
65
214
279
157
151
206
182
218
147
229
289
111
284
88
184
272
228
139
119
18
46
226
156
82
253
234
162
245
183
153
205
67
221
116
48
44
235
91
232
252
16
238
78
261
191
25
55
283
299
169
39
45
100
106
122
282
188
146
248
198
173
267
181
290
294
203
53
212
239
266
297
298
160
216
57
231
274
275
186
86
236
271
77
127
265
246
256
222
242
243
144
219
215
58
190
148
207
105
