0
8
5
2
134
56
10
6
132
131
1
7
115
196
211
83
133
66
57
30
59
213
224
265
25
116
35
164
318
287
58
81
370
350
195
300
21
80
401
317
187
65
9
245
293
92
212
4
252
179
84
140
146
28
19
122
193
189
170
82
67
11
97
351
192
241
62
225
24
337
85
87
64
199
303
194
137
347
23
13
123
405
270
447
12
204
135
142
117
190
377
3
325
167
394
100
338
218
136
305
244
200
339
320
124
290
169
402
409
176
358
165
72
295
60
349
414
69
367
126
435
91
41
205
278
76
31
316
235
255
333
292
434
95
448
428
354
302
429
371
46
308
309
393
421
223
108
264
144
145
397
109
363
373
357
42
406
27
33
259
29
327
203
104
422
296
45
381
238
379
445
267
128
43
125
443
236
433
39
359
444
442
129
206
431
441
210
201
427
430
163
86
423
420
157
382
418
417
387
365
412
413
374
376
403
399
282
326
392
389
172
99
368
388
171
173
356
353
345
154
342
343
271
32
331
328
63
34
297
291
158
214
283
280
61
215
262
269
93
36
276
246
110
197
229
221
219
166
220
182
14
138
149
