14
13
17
0
15
21
16
23
22
20
88
25
18
118
24
35
152
19
89
5
168
8
27
3
32
91
30
209
4
94
7
29
12
6
2
10
141
140
26
167
28
124
92
123
48
120
31
248
171
119
128
122
179
139
196
187
95
225
125
33
34
52
55
211
11
126
240
157
117
197
174
191
232
150
136
133
114
206
100
246
149
74
56
202
230
208
199
1
58
159
146
238
234
68
70
219
61
63
43
130
131
169
200
38
42
46
50
112
243
216
231
162
39
87
244
144
228
78
121
203
190
218
83
59
189
247
66
143
198
71
108
186
69
60
36
80
103
177
222
175
93
226
53
201
47
107
153
227
101
41
224
215
51
220
181
183
105
44
129
158
148
233
166
188
192
212
40
111
182
116
96
161
217
178
163
223
214
173
9
249
221
106
160
207
72
77
250
204
64
81
176
90
65
97
145
86
237
137
