2
6
4
86
0
3
30
43
87
8
54
168
214
45
91
238
140
202
53
123
169
51
186
179
44
241
147
89
33
178
7
11
46
34
109
153
31
40
72
50
18
1
103
257
122
88
152
151
5
55
47
74
249
17
110
13
139
243
104
262
133
201
59
187
196
289
267
70
106
162
272
12
207
189
111
273
253
215
124
36
296
26
279
85
154
38
134
188
32
266
20
268
294
22
265
258
90
80
15
112
76
146
227
286
92
228
52
261
226
141
284
240
107
297
280
108
73
298
251
68
25
281
138
190
167
274
290
49
293
217
278
57
288
129
159
295
292
161
260
198
271
270
287
218
182
135
200
254
259
237
118
121
119
246
242
128
210
212
97
209
204
192
164
199
150
65
93
42
