8
0
5
4
9
25
10
16
14
20
1
3
7
34
23
24
19
41
76
51
18
11
121
6
32
33
21
15
38
204
36
45
85
46
17
29
63
106
91
177
28
142
92
172
364
414
269
314
78
27
378
109
71
239
100
77
150
117
73
402
84
66
285
13
273
152
62
190
148
75
105
362
191
180
115
80
50
31
39
89
60
241
381
332
374
67
90
79
30
392
96
43
58
252
22
56
93
104
167
65
347
113
120
423
74
26
379
82
151
389
186
47
295
134
61
44
280
102
126
35
101
206
182
171
335
193
154
195
124
410
12
72
197
95
246
238
331
208
114
173
179
250
321
170
292
94
64
133
259
405
233
372
110
70
199
209
49
135
390
422
309
111
299
287
322
334
53
447
223
398
310
370
247
283
116
147
456
472
125
366
396
343
361
215
397
437
40
108
122
333
497
256
342
304
255
244
254
240
476
369
286
315
454
404
183
132
130
387
438
156
487
48
55
217
482
344
433
279
452
495
99
203
149
375
138
434
178
112
169
305
184
367
263
266
214
137
216
393
274
428
249
340
341
346
348
377
162
163
54
446
267
196
198
201
418
429
168
118
444
297
131
350
461
460
458
69
224
455
453
213
157
236
235
337
281
275
164
210
207
228
324
467
464
59
189
420
494
485
492
57
359
316
83
