5
14
1
3
9
6
0
4
11
47
17
27
46
23
22
61
69
89
175
49
28
8
71
2
33
64
41
21
36
67
135
15
40
84
29
25
73
83
92
101
45
171
99
66
58
44
56
231
177
70
31
77
126
55
136
18
26
52
103
179
198
38
293
181
168
144
210
16
137
75
20
151
178
54
81
86
59
68
100
215
166
74
223
213
150
131
7
268
311
164
60
152
62
72
80
85
303
37
263
13
110
48
346
176
161
193
237
315
204
189
160
266
109
234
165
146
273
217
222
32
88
30
95
158
121
169
312
185
163
191
107
122
203
290
94
199
111
323
98
19
133
117
12
334
190
82
141
294
228
276
114
313
274
186
227
281
249
34
35
106
319
91
183
308
42
90
153
309
180
317
149
139
212
113
256
50
299
324
287
333
129
128
196
326
233
344
343
167
247
