17
13
0
15
14
23
19
21
22
129
16
130
78
20
24
27
2
26
18
31
28
108
107
110
5
34
3
25
1
111
182
105
37
8
29
88
201
6
36
134
131
32
10
172
80
132
81
38
42
87
7
183
169
109
86
41
136
11
44
12
39
135
35
147
198
149
205
75
219
123
98
126
114
232
106
186
95
193
230
239
92
187
199
194
96
221
188
228
171
30
63
140
113
101
248
150
220
215
227
76
208
57
33
173
46
55
247
250
164
117
43
48
40
104
234
93
162
84
237
241
73
176
159
139
158
160
217
49
211
60
102
79
70
66
178
161
83
210
50
115
196
9
45
121
137
58
119
77
62
195
118
242
229
89
4
166
236
243
218
112
124
155
179
204
47
142
231
197
56
223
180
72
181
246
151
69
59
144
125
222
249
245
170
226
224
240
91
103
127
212
54
61
157
154
71
167
168
