0
30
25
27
22
21
24
33
28
26
29
32
37
23
35
40
42
34
122
178
121
31
53
11
48
17
41
123
165
145
46
205
49
147
55
125
36
43
47
12
146
15
127
56
8
124
1
65
50
148
38
54
129
166
44
16
63
206
72
201
192
151
57
193
126
10
13
52
3
211
6
83
4
58
153
200
150
39
228
180
182
238
209
84
169
152
76
222
181
212
170
18
91
94
203
7
210
223
2
90
185
112
92
243
177
237
198
164
118
231
86
194
163
188
140
62
131
141
110
186
93
111
133
245
82
135
213
240
115
61
102
155
179
242
137
248
67
70
208
89
218
220
225
171
20
247
103
227
9
249
100
136
87
51
68
183
79
236
95
108
139
130
158
104
241
232
239
98
215
235
176
117
5
187
156
184
128
88
142
78
216
69
162
106
191
234
196
74
174
246
157
77
173
64
99
81
14
199
207
116
189
172
134
168
190
132
195
113
119
226
66
71
161
204
160
138
96
154
224
