38
5
6
2
70
100
0
99
248
33
8
3
39
190
152
192
47
103
41
4
240
117
176
105
169
106
194
150
252
321
319
251
37
149
210
13
336
404
9
120
113
148
359
145
131
223
397
332
304
197
134
11
171
402
401
74
71
7
254
300
227
101
387
191
396
91
203
102
318
52
96
177
302
51
425
350
283
253
178
24
147
104
257
34
21
375
23
354
44
42
170
272
380
226
362
273
179
76
125
201
127
175
193
129
166
185
85
305
351
344
423
77
448
441
418
36
306
136
382
324
111
12
45
331
244
433
346
442
10
75
400
173
393
92
14
353
73
326
15
256
245
211
363
200
180
413
386
26
22
121
322
307
84
80
384
368
40
154
62
408
329
59
53
138
238
158
213
315
420
325
419
16
79
247
246
445
199
439
417
415
195
228
293
97
449
447
95
295
446
444
365
237
430
428
144
168
427
424
83
377
422
409
281
58
241
373
81
376
65
172
174
292
394
399
108
208
385
370
232
155
358
356
116
46
115
35
153
31
355
349
86
278
317
316
285
49
112
267
214
182
110
