0
20
26
19
17
28
18
21
31
22
29
30
32
24
27
25
115
34
208
33
180
146
23
199
116
43
39
169
37
117
36
9
48
5
194
50
46
42
52
54
40
3
207
135
16
182
55
49
1
38
138
150
59
8
228
10
225
2
7
220
149
153
209
57
4
136
137
65
14
76
13
250
80
183
151
155
212
12
74
139
6
204
242
178
191
157
156
216
148
141
246
227
177
78
215
176
190
217
15
162
192
198
160
223
108
165
87
99
112
94
98
142
131
221
79
64
102
92
107
247
84
244
205
82
124
187
196
159
69
133
71
224
201
248
229
105
226
200
239
119
110
120
122
170
189
88
230
125
127
218
134
53
47
237
243
129
11
219
222
106
231
128
85
93
81
130
203
118
86
109
181
234
77
95
213
100
241
44
68
121
210
154
114
202
185
214
97
172
206
61
58
166
147
211
62
188
158
67
96
167
245
238
197
235
186
193
174
175
111
91
161
163
70
