64
0
3
69
4
51
65
6
84
50
111
2
63
7
52
140
11
141
347
68
8
15
208
139
179
406
422
110
351
13
17
9
289
54
175
20
71
83
256
318
173
174
160
250
163
224
389
88
381
55
1
117
112
191
159
404
233
421
218
125
66
94
150
292
70
337
23
352
348
72
21
299
248
115
237
176
142
36
246
10
178
67
180
211
259
315
85
235
304
186
428
482
395
182
185
494
479
481
270
281
19
480
76
87
466
424
145
193
451
188
53
362
408
440
18
249
148
473
226
457
131
368
31
245
387
151
113
146
392
209
172
222
369
405
488
353
446
121
377
268
468
213
484
73
459
324
93
118
5
303
269
409
35
42
291
407
152
123
371
183
356
375
60
114
116
323
22
282
393
492
181
223
354
30
32
499
58
366
394
332
162
167
336
288
227
207
275
455
447
77
82
418
47
357
199
154
236
327
498
483
192
441
212
219
297
497
495
360
339
321
391
129
130
132
133
493
491
386
122
124
487
486
120
293
384
134
417
419
202
204
312
119
444
396
344
476
470
265
81
316
263
290
165
38
225
450
458
44
330
48
439
433
25
89
308
319
403
216
101
402
413
411
239
359
126
253
229
24
45
363
410
