0
80
2
7
1
4
3
8
5
16
160
13
11
15
25
62
21
6
182
275
123
9
125
194
22
18
143
302
61
295
23
208
70
14
40
220
184
24
83
63
28
174
64
90
286
10
256
105
191
122
86
150
201
266
342
66
34
244
257
109
159
129
29
213
141
193
207
106
306
340
349
85
301
339
82
260
117
259
317
190
50
175
142
84
17
124
343
341
119
321
279
19
289
161
37
55
68
345
146
12
324
27
101
348
89
149
211
226
39
164
311
310
81
209
347
133
328
162
261
157
168
165
26
45
250
331
267
236
118
292
276
98
185
315
309
269
126
247
346
344
96
58
57
56
333
335
113
189
74
232
186
231
285
327
332
316
325
322
92
138
35
216
263
312
46
297
288
49
179
214
215
282
281
135
274
278
238
131
120
237
270
245
110
196
