12
11
13
0
15
14
22
17
9
16
18
4
23
8
7
24
2
99
138
29
119
3
217
1
20
33
100
21
208
121
139
200
19
120
196
27
28
140
166
180
179
10
25
162
79
165
235
142
231
39
126
173
66
47
34
161
154
155
157
52
69
228
183
80
105
59
56
43
82
38
237
152
49
230
65
50
26
122
244
195
160
218
51
91
115
44
164
193
227
156
158
123
181
89
221
146
101
198
209
71
225
114
62
224
42
37
78
106
116
109
124
104
148
239
245
194
55
110
167
136
134
232
132
159
249
45
73
216
189
58
214
243
36
247
186
197
32
137
61
246
169
213
141
170
84
211
117
212
113
206
108
199
87
242
144
83
76
229
86
145
57
219
94
131
168
187
90
238
151
74
205
202
5
40
241
128
130
150
215
102
68
95
184
30
63
107
125
111
149
182
174
175
