7
1
142
5
30
0
35
34
28
3
12
31
8
69
32
17
167
82
150
189
13
113
66
121
6
250
64
152
10
41
68
21
237
103
14
36
201
50
18
151
216
101
89
154
55
97
234
130
46
173
118
81
224
37
227
44
83
184
119
133
19
88
4
127
48
85
168
70
9
120
223
33
29
143
72
93
115
38
92
229
244
90
105
40
245
222
135
106
195
124
132
187
233
178
246
54
249
65
155
71
240
182
205
208
52
214
74
230
170
220
156
212
248
164
202
169
210
203
161
62
196
60
112
217
43
58
42
39
67
159
191
80
134
179
102
218
192
47
131
162
235
199
129
160
111
147
146
20
239
172
188
45
61
59
