0
6
8
12
10
25
1
11
16
3
18
4
20
44
31
7
30
9
14
17
67
89
91
244
2
15
37
123
45
97
52
39
26
40
94
35
63
32
28
68
200
57
5
179
193
59
80
58
194
27
149
160
227
168
56
65
169
83
113
54
129
53
24
46
224
81
163
100
150
55
19
42
143
201
140
38
103
50
128
101
87
33
118
171
47
109
34
197
29
23
22
131
36
119
79
172
51
77
64
219
88
76
167
107
92
164
95
90
157
61
111
114
221
75
183
166
69
162
74
181
108
121
175
134
176
82
230
146
165
156
237
220
21
191
232
209
249
211
243
239
127
102
222
217
144
198
62
187
182
208
151
122
188
154
240
234
136
