2
0
4
7
6
55
17
11
57
61
150
141
56
157
185
5
254
8
64
3
107
54
205
309
281
77
151
10
244
65
154
284
19
170
15
177
263
186
60
306
71
13
142
12
169
188
153
28
171
9
187
68
29
300
14
106
269
74
296
294
251
31
79
22
178
235
59
92
78
348
47
116
267
327
324
252
236
332
124
222
189
84
114
191
223
87
119
20
270
33
179
63
34
184
318
120
76
122
180
199
319
172
346
227
66
72
291
330
174
144
70
256
143
134
242
18
53
155
36
130
268
118
272
207
110
132
42
105
159
62
113
145
98
83
75
67
333
311
82
247
226
81
183
23
344
194
39
343
342
266
240
128
89
341
340
52
265
156
206
339
338
127
304
326
271
137
149
279
331
320
21
220
273
274
288
278
44
40
168
