6
0
3
1
120
7
5
2
165
14
93
44
49
94
76
231
133
116
191
119
27
72
26
91
95
30
19
15
147
32
158
136
113
59
8
23
181
22
185
180
24
118
139
124
92
245
192
45
18
16
238
9
169
46
194
20
137
55
97
140
73
141
41
54
77
210
215
134
90
34
182
98
13
188
29
103
125
159
203
173
216
79
107
78
11
106
69
104
143
102
229
99
183
246
31
86
33
63
208
146
236
87
223
200
239
21
85
145
48
186
123
196
138
160
199
4
172
190
242
174
250
84
68
37
135
217
81
170
66
219
38
148
65
213
64
40
42
222
157
166
163
50
189
61
187
149
204
247
155
12
