0
5
11
20
4
8
6
22
3
1
10
42
26
67
103
14
28
25
270
52
106
58
89
70
46
130
290
122
65
76
9
44
7
19
37
198
78
17
66
107
203
47
30
85
27
111
132
222
45
83
18
13
54
114
81
143
131
162
33
63
36
86
96
51
23
2
196
178
160
187
43
275
126
110
98
48
182
200
233
311
59
164
265
40
97
156
301
124
152
171
72
201
24
239
113
323
38
259
184
185
173
288
227
146
55
188
154
202
167
228
186
344
79
281
109
273
12
15
207
128
258
253
92
108
335
226
34
216
219
324
343
135
266
211
194
169
269
267
148
94
168
16
294
120
136
249
279
349
282
80
118
62
61
191
56
297
138
35
166
333
346
336
69
145
320
144
41
309
91
314
308
29
327
241
90
158
73
74
318
283
235
277
161
177
105
245
330
224
310
64
