49
0
156
3
1
116
117
87
74
7
14
11
204
13
21
121
10
141
29
53
248
170
205
107
4
195
260
185
50
26
236
202
271
9
6
203
8
224
184
143
228
119
353
234
157
225
332
346
222
144
52
20
120
128
261
75
124
78
298
268
5
79
269
34
2
194
84
118
17
142
362
196
146
122
27
95
444
89
273
237
289
363
76
51
250
276
241
256
22
266
80
214
249
404
378
134
189
275
96
334
253
55
16
15
405
436
391
335
415
62
35
326
231
232
244
431
99
162
201
39
440
251
132
140
129
81
83
383
245
126
60
347
294
221
410
425
449
368
177
302
59
135
186
434
447
442
345
280
416
412
230
373
38
433
56
388
423
421
30
187
109
233
333
336
159
215
85
429
12
324
365
430
360
349
426
420
385
252
408
402
123
354
308
43
179
295
292
438
446
445
389
364
443
441
149
150
370
139
437
435
424
413
303
372
69
103
394
395
67
282
197
403
344
172
379
299
98
356
358
313
235
274
46
47
310
145
312
31
169
154
311
272
229
411
23
296
397
398
72
71
110
