17
18
19
20
71
15
16
21
22
23
0
28
72
12
25
99
26
3
100
145
75
30
11
9
178
102
1
36
33
10
101
40
144
31
167
24
37
38
146
115
2
118
188
117
27
124
74
119
104
4
186
156
52
116
168
13
235
87
158
5
78
35
82
229
103
6
84
73
32
231
34
81
214
166
192
172
97
222
198
93
141
114
216
109
91
209
143
125
151
69
113
57
181
66
224
62
218
134
227
152
8
182
180
55
86
61
140
41
232
132
122
129
234
169
47
44
164
139
219
126
76
241
159
230
185
215
42
68
194
208
95
228
128
171
130
226
49
83
50
191
211
206
67
203
135
174
187
176
123
183
133
106
77
220
108
213
240
162
88
237
239
112
189
85
48
161
138
204
157
150
107
233
236
7
250
105
92
59
148
155
238
121
136
53
154
242
249
207
246
127
147
225
131
29
160
212
96
205
54
200
173
51
217
197
170
120
163
244
