0
3
1
8
5
6
11
10
4
65
7
18
82
152
444
27
32
63
33
39
49
157
135
12
50
113
14
101
310
60
55
155
149
30
176
61
93
181
37
57
48
151
289
238
104
19
218
72
95
160
139
46
17
234
23
83
132
20
51
62
24
42
59
194
44
67
140
64
38
219
40
9
110
265
279
87
45
89
189
236
271
178
90
131
107
34
85
31
111
276
124
144
126
317
73
86
269
147
324
477
58
15
125
231
25
16
179
41
257
168
285
43
292
327
377
298
192
128
210
145
22
389
252
321
198
215
411
206
448
490
270
482
408
235
174
353
118
456
100
117
221
146
264
216
123
229
108
121
446
29
391
53
380
78
136
99
167
230
141
300
47
21
307
36
286
94
249
375
347
228
410
97
358
395
116
349
169
166
172
342
412
205
137
383
479
54
183
143
467
466
278
296
233
280
98
363
328
106
102
415
247
263
258
366
346
274
330
329
204
207
273
322
92
91
319
429
75
336
185
432
76
315
81
80
427
224
212
213
393
439
130
397
442
396
56
374
331
338
165
154
309
308
26
440
282
478
463
476
458
291
288
403
188
182
88
196
226
398
266
323
153
119
