1
16
9
25
106
139
118
49
95
142
20
21
22
28
33
65
174
138
197
119
186
192
176
29
111
189
112
54
131
187
85
170
19
23
136
70
156
122
73
17
191
74
24
130
2
79
39
140
11
37
32
5
80
185
36
14
99
67
56
123
167
147
13
175
35
12
182
18
15
173
128
113
116
83
172
120
3
154
8
86
31
71
132
51
198
90
87
59
110
63
169
178
166
134
179
157
180
50
190
181
100
68
98
57
105
47
152
69
151
158
89
26
76
34
53
48
92
61
125
102
94
6
88
4
184
165
91
126
75
77
155
46
196
109
81
40
93
143
0
52
150
163
103
104
38
145
162
129
137
124
153
66
183
