82
106
37
92
133
222
70
29
93
118
231
202
102
172
65
6
145
77
173
195
113
27
25
107
161
155
142
87
57
28
137
60
103
53
110
188
157
17
116
148
0
219
84
197
163
171
21
86
100
211
48
214
131
42
99
169
215
34
196
244
144
19
229
16
46
81
159
7
55
187
154
98
61
120
3
156
204
162
38
140
121
115
198
4
175
138
1
112
24
192
164
127
221
185
64
234
220
45
181
35
243
11
203
167
125
216
236
184
130
54
238
126
136
111
97
135
47
199
36
32
139
193
72
235
209
241
225
242
239
94
68
245
75
149
223
62
67
18
108
146
230
213
52
180
153
40
71
10
189
124
249
217
109
151
22
63
15
191
232
59
31
123
228
205
174
74
39
165
132
9
12
50
78
5
128
13
178
129
105
237
76
104
160
207
227
177
182
43
8
30
88
158
96
73
170
91
186
147
224
95
69
190
240
226
212
218
150
194
117
122
33
