69
54
71
63
16
143
230
83
31
102
201
39
34
21
202
137
141
152
84
58
214
99
18
24
182
188
22
105
216
142
104
215
184
32
176
45
66
155
211
150
147
208
138
121
76
136
108
87
200
125
0
157
123
3
227
131
241
19
1
59
100
240
165
213
95
166
161
162
113
101
127
91
163
249
44
145
86
85
103
4
171
132
218
96
210
116
173
236
82
228
180
133
196
60
93
107
43
225
134
245
244
2
126
122
52
17
35
146
234
90
88
237
57
130
72
11
15
199
62
27
153
235
79
187
203
223
65
140
206
26
160
14
219
7
247
181
129
172
128
207
73
195
92
46
159
5
224
209
238
61
78
50
221
68
120
64
189
232
119
178
246
70
191
242
49
51
111
192
226
167
23
183
36
177
197
55
41
6
118
222
168
243
81
198
231
248
109
56
48
158
13
80
179
186
28
164
20
151
115
47
110
40
10
97
220
29
212
67
194
204
114
94
106
149
42
135
170
98
139
124
229
74
38
144
117
205
25
169
148
33
217
89
154
30
190
37
