71
159
172
35
7
128
199
163
123
131
67
116
185
74
124
56
102
121
152
156
64
191
20
19
180
120
168
9
39
141
46
171
68
174
69
63
13
112
115
160
164
114
54
42
91
118
145
186
3
133
107
139
127
166
85
53
147
117
175
88
162
5
140
25
176
192
55
143
125
37
82
146
24
155
132
79
10
78
57
149
59
15
104
170
97
0
135
154
31
30
137
89
27
48
148
177
113
66
105
38
41
165
182
84
4
136
22
32
87
11
52
75
151
173
72
36
92
153
150
18
134
73
183
111
98
194
77
110
101
106
62
44
157
126
43
195
184
129
33
188
86
76
61
198
99
142
29
60
51
80
50
197
47
95
6
