148
63
43
138
182
3
126
164
103
97
102
101
69
79
136
247
180
73
77
221
219
9
225
106
139
163
212
23
2
58
201
38
228
239
61
10
30
113
84
40
218
184
90
143
211
155
55
21
133
116
169
114
70
216
33
153
52
117
49
187
151
224
234
157
112
50
4
119
72
152
215
86
227
64
145
208
51
74
48
159
5
144
142
193
203
91
134
237
232
81
1
137
171
244
16
7
188
192
160
202
189
22
78
27
199
28
31
25
42
89
204
45
104
236
105
147
146
213
111
6
11
135
120
127
100
37
32
207
98
53
229
59
41
20
19
88
54
67
195
196
17
222
167
12
34
233
26
230
96
150
92
82
178
24
170
36
191
75
57
176
140
123
0
76
181
149
249
95
231
217
161
80
166
200
56
162
186
83
14
130
131
179
