151
111
198
5
23
13
34
60
136
178
53
203
185
63
46
184
12
70
17
118
148
200
4
33
221
218
153
62
94
30
241
19
110
181
143
38
156
174
88
196
190
107
100
42
210
74
154
169
128
27
83
28
18
76
106
91
245
78
133
180
31
22
144
214
99
35
104
52
81
191
6
97
232
150
205
231
248
206
202
1
8
108
155
145
49
164
165
233
50
137
115
173
224
80
39
222
72
101
197
127
147
159
146
21
201
43
179
45
130
98
29
26
158
123
14
75
113
219
167
68
129
73
186
176
171
36
112
216
142
227
217
20
152
213
141
116
40
226
208
223
172
114
69
15
175
228
220
250
3
160
244
187
235
183
105
230
161
93
56
24
55
188
58
85
120
89
51
82
9
103
65
37
193
247
59
182
140
189
117
47
121
132
44
239
67
77
229
163
242
57
138
90
249
238
64
212
95
0
10
2
122
246
7
66
125
11
135
168
119
131
170
96
92
199
124
243
194
