387
274
4
109
182
351
330
156
350
286
39
139
353
161
228
425
6
324
249
1
65
41
146
132
138
393
268
404
187
98
21
86
56
384
325
212
490
270
288
369
300
339
258
50
411
378
433
52
135
391
219
259
412
260
306
238
309
432
402
208
318
10
460
168
23
191
284
430
253
51
31
267
221
145
64
222
176
122
49
99
171
142
280
195
78
75
422
42
17
43
373
338
223
79
291
102
154
143
437
88
454
68
337
463
128
59
35
203
434
37
141
57
451
236
452
405
345
420
27
140
186
416
120
71
205
436
60
287
334
80
243
301
58
20
261
263
457
160
255
55
319
152
247
244
105
241
224
304
5
246
177
271
361
445
438
256
147
121
313
101
116
474
183
90
83
321
293
413
311
8
289
82
423
365
265
44
370
81
159
453
347
427
229
220
179
133
201
308
206
341
211
487
471
399
296
367
443
257
282
153
19
129
444
491
181
136
69
103
250
383
134
455
344
299
376
111
372
170
180
294
89
368
317
30
316
233
108
18
290
100
93
16
349
7
273
277
302
29
2
113
164
184
298
315
428
104
73
450
235
333
398
292
3
488
202
363
419
409
127
396
355
358
178
389
216
239
162
12
489
495
421
214
431
165
392
342
215
197
410
198
364
123
440
441
484
486
76
442
476
477
382
188
45
400
175
174
227
466
38
465
468
464
371
117
414
408
374
343
348
276
22
407
36
28
281
283
403
401
173
87
240
356
107
26
332
362
118
297
328
248
13
85
