230
178
202
330
40
186
121
14
235
162
169
51
74
126
184
6
39
212
185
85
79
152
99
96
167
5
225
1
197
62
93
70
123
27
214
97
133
314
63
263
172
45
195
67
7
265
243
175
145
232
181
87
95
23
54
125
102
75
234
50
10
90
19
332
182
303
42
21
219
153
210
148
161
80
92
139
288
294
49
25
128
279
285
269
68
46
173
78
239
311
17
321
73
140
189
324
274
28
317
187
211
154
349
142
15
188
183
340
156
59
221
217
312
310
270
323
295
108
215
326
176
64
338
337
296
331
53
304
177
112
300
24
52
56
47
233
229
30
345
36
113
336
105
266
291
29
38
306
57
309
194
344
9
20
237
343
275
82
301
329
249
335
272
135
334
206
298
255
18
143
308
227
333
299
267
165
171
292
107
157
286
44
276
13
218
325
26
220
205
32
297
98
131
228
35
34
242
120
238
247
122
124
76
134
199
144
164
250
174
328
201
11
302
119
22
4
166
240
150
316
261
149
37
12
327
196
66
94
110
190
224
55
117
84
170
48
277
213
88
86
3
260
257
106
180
208
246
159
191
58
8
253
115
146
2
127
33
222
264
61
245
322
77
72
101
278
89
132
41
283
138
111
198
200
209
136
271
319
60
282
256
158
137
151
226
280
83
129
290
273
192
109
16
65
315
342
141
258
43
216
284
287
69
179
244
168
