8
114
45
173
99
47
20
239
320
42
206
122
190
58
169
107
64
287
138
243
133
103
59
21
75
52
113
233
318
171
89
104
32
154
134
317
212
100
276
54
155
81
197
74
116
91
245
18
96
240
153
30
181
340
25
53
339
158
94
244
6
51
27
222
246
77
115
11
186
88
241
95
179
79
294
341
148
130
194
303
0
132
60
129
293
271
219
76
66
67
209
272
109
255
305
333
337
44
300
227
203
34
323
235
160
147
39
319
152
143
7
142
26
84
282
342
16
125
270
338
12
3
325
63
301
46
5
19
204
274
127
262
316
230
249
208
307
50
69
259
258
172
343
131
311
299
213
145
312
73
314
1
136
144
248
275
165
174
260
140
128
284
321
72
279
137
193
37
87
292
310
309
205
290
9
336
280
296
252
161
207
188
315
2
286
146
106
224
177
15
120
166
269
86
61
22
328
199
70
210
236
23
10
102
124
247
216
281
330
331
277
90
49
159
265
31
215
228
217
117
105
118
256
264
335
263
291
225
163
250
251
83
345
182
288
17
201
334
35
57
123
13
24
175
14
156
226
48
164
195
82
139
344
101
119
253
211
28
150
200
189
78
266
329
55
297
196
232
56
180
149
283
176
41
36
324
254
261
85
157
202
92
298
108
348
304
192
167
220
347
40
349
110
322
135
223
80
185
231
38
302
289
285
65
62
