85
31
107
164
40
128
45
16
53
197
102
226
145
157
143
13
178
220
67
75
247
156
238
240
168
244
232
141
189
166
199
124
49
183
7
17
111
113
63
230
172
120
158
193
246
206
208
91
18
171
50
196
87
248
198
229
136
97
201
205
93
46
90
68
25
30
52
142
138
242
216
10
236
176
129
98
92
1
122
235
210
73
151
65
211
23
38
62
144
163
105
112
186
106
110
125
94
165
159
24
214
5
21
135
130
69
88
55
225
127
66
95
51
170
100
169
149
115
78
213
191
48
109
222
154
194
36
146
20
101
26
44
103
233
182
192
152
195
27
227
202
43
228
12
14
56
175
185
96
123
174
132
224
131
243
76
239
29
39
32
77
200
162
215
212
177
83
231
74
59
137
187
204
155
207
134
64
19
28
116
9
153
218
184
0
160
47
86
15
58
37
221
223
234
139
84
54
80
2
104
6
245
181
179
219
60
42
8
117
99
33
217
119
22
41
114
81
150
161
203
61
121
190
35
241
