342
397
327
142
66
174
114
228
251
324
408
37
289
271
288
154
172
141
87
34
62
223
371
191
134
281
390
55
54
26
1
156
104
123
14
53
56
186
341
277
115
49
50
198
391
315
379
274
301
406
57
343
133
229
225
294
206
209
426
25
409
347
197
149
3
335
166
369
222
250
352
86
429
249
160
132
216
33
247
259
269
4
276
30
319
309
312
236
116
109
237
138
180
59
77
88
213
168
306
252
377
413
163
171
333
376
286
121
81
268
287
111
328
405
414
195
102
257
31
23
8
307
407
69
127
398
108
94
187
234
364
384
242
99
170
72
203
344
361
27
107
219
183
155
181
82
179
101
215
158
67
199
256
112
100
16
245
380
71
308
125
117
96
79
358
0
98
74
337
68
322
136
159
373
231
239
19
305
146
32
22
148
29
362
12
396
137
349
381
45
122
43
192
169
11
210
17
205
243
437
254
320
353
434
392
240
395
394
182
385
313
339
278
386
241
255
40
382
336
9
189
435
357
38
143
334
130
212
129
153
152
194
264
84
106
124
374
175
283
140
417
39
35
340
449
448
297
365
383
95
296
93
144
64
165
393
190
90
292
178
119
85
83
291
326
211
110
415
378
424
423
214
164
348
425
161
230
318
355
145
441
432
200
410
412
411
295
184
131
20
48
360
