270
50
3
65
128
158
49
150
43
139
18
237
105
173
6
17
145
203
285
235
266
218
69
160
94
71
123
180
244
59
265
58
85
45
140
24
132
25
26
117
182
27
202
96
114
268
19
83
40
52
14
269
101
136
119
277
21
215
108
236
220
72
68
35
205
157
104
264
185
129
102
278
142
250
184
109
15
112
169
172
217
239
54
149
122
28
261
222
47
279
0
206
110
216
92
113
133
174
97
66
126
63
255
9
39
36
155
192
156
161
51
124
84
111
4
61
144
76
80
34
209
178
88
20
200
208
13
89
229
12
64
11
248
263
44
211
194
297
22
153
242
247
127
121
29
193
196
210
204
53
257
62
166
238
199
38
33
147
165
282
86
168
294
292
219
284
290
67
48
186
187
280
271
162
138
73
198
258
260
37
252
251
8
42
30
243
98
201
125
226
103
57
154
212
137
93
1
