371
193
479
163
137
145
451
253
293
211
167
307
227
283
224
141
99
436
127
431
279
42
306
170
468
246
172
80
70
405
240
264
322
494
107
243
54
270
319
334
7
385
423
320
104
333
312
285
12
92
138
90
456
357
335
88
461
40
497
105
86
28
165
437
120
204
74
216
201
112
255
33
68
233
15
249
345
13
203
129
136
386
369
377
225
408
37
66
384
159
489
296
232
308
174
446
30
338
432
187
212
261
139
47
422
470
121
317
27
189
184
379
263
347
482
443
17
171
425
397
304
32
327
284
39
428
162
337
180
196
254
63
46
132
175
402
252
274
67
331
115
110
6
209
210
154
164
147
31
135
305
71
143
173
478
168
271
123
399
330
194
457
302
495
96
469
286
273
239
215
442
289
229
114
454
202
142
82
383
72
433
260
295
94
396
146
50
186
93
185
269
309
499
404
487
359
476
373
118
496
429
217
378
459
144
318
294
220
490
278
366
407
262
18
343
101
358
350
297
439
427
198
313
148
178
35
434
360
206
38
188
353
192
492
340
348
36
126
325
116
342
2
388
134
477
140
177
375
223
57
199
472
460
98
22
158
166
197
268
10
125
267
311
440
64
364
34
183
356
458
474
392
400
214
152
106
58
303
287
230
8
26
447
59
282
341
455
475
52
128
91
355
244
122
155
73
277
195
410
153
368
235
409
190
438
430
418
483
374
48
329
416
349
20
85
467
462
493
441
394
281
3
387
43
401
272
419
219
95
60
207
79
181
11
150
291
420
78
117
55
130
56
149
16
161
247
259
332
328
365
100
290
498
435
301
344
89
258
44
200
354
208
480
191
4
411
29
119
61
25
97
389
75
77
266
323
424
450
453
169
24
463
362
41
465
21
231
415
299
179
248
51
256
339
228
481
218
484
398
49
108
444
426
226
395
84
251
351
326
361
464
412
473
324
352
393
413
221
160
245
222
81
257
314
288
486
417
113
292
390
62
421
234
53
65
0
449
488
391
237
448
403
406
414
376
19
238
275
276
280
250
316
182
103
382
213
