73
19
126
114
172
69
20
160
1
15
62
181
133
134
170
141
155
5
213
241
237
210
75
182
116
224
99
57
143
4
151
140
43
46
50
169
78
31
183
154
157
150
187
178
199
223
39
148
138
222
179
248
192
201
55
60
52
163
32
109
189
186
91
198
196
3
23
122
9
162
81
101
37
67
123
229
217
127
146
54
167
111
215
83
104
59
233
56
64
112
184
27
30
97
240
164
113
42
177
152
219
11
80
44
2
53
135
13
74
79
10
246
92
221
211
51
176
34
6
25
238
173
130
61
194
38
227
7
245
48
77
204
185
105
168
153
128
70
85
28
171
235
35
136
96
76
247
124
71
12
197
165
29
24
145
45
131
90
108
84
144
93
174
87
203
166
214
232
231
218
107
207
88
142
200
118
180
147
117
49
242
18
208
17
209
137
190
206
234
230
193
202
115
103
47
26
195
226
106
139
149
100
161
158
205
216
33
220
86
0
249
41
121
236
102
98
120
129
188
94
191
159
82
228
156
243
68
125
119
36
63
58
16
22
66
