0
48
96
67
56
190
183
175
87
111
235
122
218
29
110
91
181
144
187
153
240
51
217
146
75
92
150
113
133
26
170
140
166
185
241
232
200
117
221
66
151
89
24
46
3
71
81
130
62
147
182
208
34
12
148
145
82
233
176
227
239
98
2
25
93
178
18
105
154
139
22
174
107
161
210
114
55
169
6
199
88
9
115
248
168
80
90
228
171
50
112
74
43
173
27
230
186
211
45
47
121
204
28
191
13
214
195
213
108
236
14
126
192
246
16
65
223
100
94
136
226
7
125
109
242
15
76
222
249
149
177
23
54
158
197
78
73
95
212
216
32
193
124
39
134
31
132
106
72
103
35
30
237
86
38
231
99
123
1
203
201
159
244
