42
345
311
202
1
320
145
149
330
262
315
210
122
288
83
228
303
7
124
139
237
284
158
69
34
60
232
131
204
281
255
103
16
223
201
150
67
51
295
41
178
46
218
43
90
108
302
339
349
68
335
105
70
194
250
20
229
12
107
307
27
37
163
323
164
236
231
94
176
271
212
11
173
241
61
287
319
268
290
93
196
86
243
64
227
21
280
129
33
265
297
301
154
234
79
283
31
110
53
10
264
322
137
187
183
193
338
195
73
114
244
36
132
9
182
155
179
95
44
104
109
285
77
199
19
143
101
203
40
306
300
117
26
100
263
310
214
3
74
172
135
246
325
317
84
54
273
23
192
305
312
15
66
147
171
98
245
282
65
230
221
55
333
45
125
127
314
186
80
344
200
257
331
72
170
340
17
5
49
296
161
242
313
123
269
89
22
128
266
152
57
211
324
205
308
348
239
13
156
341
48
267
277
120
209
133
181
166
261
291
157
260
213
115
62
136
309
240
50
165
174
180
327
153
275
207
289
91
188
254
32
177
141
185
259
279
24
82
253
326
142
58
224
329
346
29
251
119
97
286
334
96
299
118
111
18
151
167
292
337
106
159
298
256
6
134
25
85
343
222
258
316
168
75
130
189
276
249
92
113
175
328
146
233
191
88
138
39
52
235
4
252
14
238
278
332
0
47
225
197
208
126
30
347
28
342
