65
69
66
271
248
282
109
245
118
100
172
237
127
343
96
87
229
128
157
48
291
313
14
222
273
226
347
177
372
208
378
139
280
267
126
194
168
355
255
324
386
264
167
316
152
30
341
119
232
63
202
4
101
84
319
299
103
171
131
54
284
174
124
181
79
62
116
389
82
201
240
272
102
195
149
306
302
21
90
31
59
164
77
225
155
338
274
71
50
78
365
385
0
110
361
95
336
234
146
122
132
111
242
72
388
235
260
47
227
309
138
390
356
207
246
179
328
278
193
108
292
228
362
41
9
43
183
210
295
307
382
395
290
329
304
270
158
135
160
258
32
42
199
178
52
44
1
121
363
293
364
197
249
254
287
192
7
268
189
321
204
20
15
397
45
165
190
212
166
106
51
305
40
344
288
221
230
224
22
275
56
373
104
37
219
351
311
151
188
279
384
94
244
137
187
383
269
112
26
10
200
130
61
93
296
223
349
114
352
358
12
323
49
335
399
53
353
83
265
348
8
239
73
301
76
67
23
16
238
117
89
33
357
173
253
36
145
162
13
340
107
330
97
368
289
163
220
218
283
136
92
70
86
186
28
147
209
215
375
370
57
25
325
214
317
250
46
120
153
180
2
91
346
217
380
113
339
35
216
150
367
257
247
169
286
241
206
261
285
366
191
391
81
148
176
11
315
333
318
68
144
80
85
354
281
379
231
17
334
19
297
99
233
322
198
393
298
140
276
98
123
211
392
337
125
266
3
129
381
74
320
360
18
308
259
29
156
185
243
374
24
252
6
236
205
327
75
27
376
39
175
38
303
394
161
