300
34
330
154
43
222
107
102
49
286
305
301
274
400
54
257
86
82
81
8
297
78
101
340
116
295
67
50
160
117
71
16
59
375
85
212
308
57
232
89
92
118
29
161
357
144
219
69
392
88
317
213
74
131
185
91
180
90
349
173
215
318
368
291
22
136
6
51
146
48
113
225
147
100
267
233
4
350
208
129
128
424
429
169
158
99
217
412
323
361
333
114
115
21
266
304
271
104
79
139
378
354
123
384
235
394
37
244
255
391
372
77
18
84
227
269
192
268
312
76
75
3
362
260
383
319
17
324
24
250
178
61
80
209
142
109
135
190
240
201
171
242
281
288
436
27
125
320
434
33
159
447
30
276
181
220
253
398
39
28
175
397
56
182
430
177
165
366
126
277
174
369
138
58
365
221
202
137
40
405
275
316
65
186
270
5
294
411
259
148
249
20
247
245
351
119
322
433
205
419
152
164
38
287
124
258
246
53
122
296
7
132
415
389
343
1
428
425
403
380
345
35
248
355
292
60
42
12
299
133
106
200
252
414
241
387
278
120
272
381
432
23
264
347
0
198
206
207
224
363
364
105
282
370
371
293
149
393
68
170
243
184
376
377
444
443
45
314
193
298
176
382
441
440
329
420
263
256
55
214
439
438
237
26
234
418
417
41
337
338
166
72
307
423
197
96
229
306
47
145
112
151
14
