91
118
142
344
212
315
36
213
69
101
197
206
54
113
139
0
114
200
249
236
123
126
41
284
153
316
335
51
110
21
106
240
83
257
265
84
89
297
2
224
215
9
164
97
24
122
237
93
56
318
125
251
117
141
327
55
27
178
152
238
216
53
290
188
321
116
176
46
231
107
23
59
214
13
171
225
161
167
22
119
233
157
311
168
98
208
28
308
3
160
170
131
345
47
31
16
137
99
218
201
228
173
204
242
30
299
314
184
151
60
72
337
37
147
85
179
317
158
181
310
66
133
298
300
182
285
183
189
94
258
194
8
67
280
185
205
108
38
103
143
313
175
256
42
102
86
100
1
109
61
76
50
283
49
333
273
82
154
63
260
19
304
269
340
163
279
305
306
79
65
289
230
199
332
140
74
96
222
186
268
172
44
80
111
25
190
309
226
322
174
115
254
339
329
271
259
234
34
156
275
243
295
296
270
294
287
92
57
73
211
247
272
132
136
64
62
134
145
17
88
162
165
10
