110
28
214
244
106
237
67
132
161
180
17
51
39
93
119
1
224
166
198
68
64
7
230
185
207
172
44
188
104
77
137
126
59
217
204
111
60
158
171
48
82
50
240
88
138
200
19
9
25
150
52
241
53
125
134
118
91
233
136
29
173
14
100
139
203
226
87
131
143
5
220
99
201
209
89
140
47
80
71
246
168
78
33
4
35
199
42
133
123
38
58
206
83
31
102
175
155
37
63
156
242
10
162
248
49
194
26
193
229
84
92
20
153
74
148
179
127
184
128
79
6
121
141
151
221
69
22
164
116
249
228
212
202
232
149
12
108
81
178
157
15
18
231
103
187
211
34
183
55
16
109
154
213
120
85
223
130
90
36
97
57
30
124
177
163
96
86
3
41
24
32
13
115
43
8
227
192
235
222
98
174
66
218
239
195
112
122
182
234
181
196
76
40
144
113
152
46
73
65
95
70
215
205
72
45
170
219
160
225
146
105
75
247
159
243
238
142
114
236
191
129
147
210
165
167
