3
10
164
157
166
184
69
31
28
187
205
66
171
8
120
178
150
241
247
227
83
22
179
24
37
2
30
26
212
17
9
128
108
221
38
145
80
34
40
107
50
194
106
86
242
12
215
181
237
168
160
41
95
74
104
238
203
100
192
193
135
158
89
167
93
88
27
90
182
190
36
43
146
32
84
230
45
78
98
54
18
198
172
118
44
125
0
7
59
248
23
180
154
96
132
73
222
127
239
114
63
129
140
131
130
62
197
165
112
16
216
211
29
226
134
207
124
64
60
116
48
149
61
214
20
201
91
6
117
75
103
155
209
243
111
85
189
99
162
156
245
199
133
25
94
163
68
101
177
152
115
229
77
79
236
186
151
148
224
70
191
225
188
240
4
67
46
141
218
53
55
33
35
213
102
51
174
1
105
232
185
244
196
206
58
147
56
202
217
208
161
109
76
175
122
39
173
139
136
