92
165
11
201
166
235
33
193
62
25
39
220
164
66
208
159
150
213
5
203
127
141
101
155
158
152
162
199
114
13
189
145
14
140
175
78
107
198
148
119
118
108
122
124
194
23
32
139
241
4
79
49
60
248
72
129
196
209
56
7
212
224
57
170
197
221
87
210
112
0
73
97
184
132
128
131
117
206
113
138
105
202
231
30
17
46
238
178
1
181
120
144
167
223
187
154
24
123
42
9
44
83
38
82
22
81
91
172
15
239
2
99
135
153
54
103
227
80
200
115
229
84
228
77
3
70
244
89
20
218
192
69
106
74
40
161
67
121
71
173
21
94
133
219
151
34
134
215
36
237
216
188
226
110
207
242
85
64
26
233
65
88
10
61
143
249
35
222
179
225
96
195
8
136
51
28
109
246
53
52
41
183
160
116
6
98
125
37
100
43
75
63
204
58
147
27
234
31
90
47
180
230
86
45
211
247
48
55
104
102
142
68
191
171
50
240
168
146
190
243
130
205
232
18
126
156
19
177
169
12
214
163
236
59
93
76
