126
71
24
9
50
68
51
131
6
7
76
45
23
94
80
172
69
125
113
165
81
79
93
86
104
38
160
32
119
42
205
22
168
8
148
151
167
54
114
229
10
107
92
206
61
28
155
199
44
201
157
82
120
67
1
106
187
35
75
60
87
36
98
64
237
163
11
150
232
111
175
195
235
58
159
39
147
136
198
118
43
109
117
216
143
200
190
166
74
16
89
238
210
173
135
77
70
48
63
55
144
127
227
13
96
139
27
146
239
186
174
244
57
214
14
138
221
100
184
26
66
207
130
193
158
97
102
53
123
83
203
169
134
115
17
85
112
202
224
4
3
240
5
2
121
72
29
59
122
183
78
73
142
15
110
230
132
65
233
177
246
99
234
241
185
152
222
219
242
208
149
182
90
220
12
218
95
213
204
145
40
31
33
189
217
249
52
181
21
137
116
25
128
188
228
248
56
212
225
236
129
161
191
171
178
84
231
247
211
226
170
192
154
164
46
30
101
