182
78
70
36
200
167
234
199
178
204
195
66
162
72
50
74
239
86
175
61
150
104
143
205
77
220
98
29
144
170
128
15
97
3
235
192
154
33
63
196
10
11
14
210
244
164
166
44
153
76
101
146
100
151
107
206
95
223
60
208
68
145
52
26
110
25
124
214
136
13
149
168
7
230
5
227
216
197
46
139
201
48
184
236
241
169
62
138
186
212
55
38
105
84
21
120
40
190
132
173
148
42
49
211
91
59
122
161
123
108
179
240
69
147
188
134
47
172
237
83
6
27
92
177
193
30
160
103
19
226
99
171
231
118
1
163
113
8
215
224
94
183
218
112
80
219
207
176
121
117
158
90
82
140
157
245
79
73
217
198
23
65
135
102
174
129
238
228
248
96
35
222
32
159
137
41
125
67
127
93
115
54
221
87
64
57
75
155
242
28
88
31
246
81
247
56
209
194
152
34
111
51
213
202
189
185
180
45
39
249
12
142
89
43
20
58
203
24
243
233
0
71
156
181
16
106
187
37
