253
309
412
457
269
26
436
148
435
426
180
391
333
145
181
286
85
228
101
358
87
401
0
304
334
91
130
2
339
40
15
120
61
271
117
274
483
324
27
473
459
494
453
94
65
11
79
382
267
111
373
416
343
147
229
169
32
241
103
493
386
191
288
299
300
447
188
206
488
395
5
273
200
396
350
278
1
131
259
381
182
195
345
420
48
199
440
255
109
243
49
389
406
264
70
402
444
57
292
254
363
211
397
454
485
93
126
434
268
137
399
476
135
215
331
492
23
84
210
282
385
348
25
162
316
157
442
197
47
89
290
33
302
17
234
344
466
38
383
39
45
67
212
479
59
73
83
204
275
490
362
487
152
429
250
380
196
461
297
100
78
155
171
276
105
272
172
42
392
35
418
218
8
325
242
217
296
364
81
52
443
252
472
28
18
19
121
247
260
129
301
270
233
139
128
224
193
445
55
387
64
400
477
190
474
82
410
41
411
438
245
482
51
365
216
34
207
56
263
213
448
289
405
422
3
198
262
186
285
236
166
144
294
327
221
369
317
393
439
156
54
66
132
77
248
12
37
163
183
239
336
456
106
370
165
164
307
80
203
312
446
10
337
244
468
63
177
208
189
201
361
441
257
6
30
138
408
321
21
122
484
430
470
427
237
469
342
119
338
75
230
449
314
53
127
403
432
266
279
7
328
202
413
179
424
114
43
489
379
318
366
146
421
277
377
451
375
123
417
214
341
374
62
357
88
112
372
108
428
437
223
205
330
356
110
287
98
124
192
415
310
463
376
308
102
491
351
116
16
326
31
50
240
136
249
368
160
455
219
86
323
256
471
423
480
153
499
349
496
141
329
295
232
433
115
431
24
246
187
306
96
378
458
178
92
462
184
118
475
174
335
303
226
46
20
322
99
168
194
209
346
467
407
170
353
151
22
143
384
460
478
258
360
359
265
173
72
291
175
419
71
481
167
311
158
161
185
450
29
354
140
486
154
95
113
74
220
414
68
498
315
76
425
305
44
283
281
69
13
