42
33
57
232
173
310
71
240
211
246
112
343
239
73
187
9
130
181
135
270
252
329
261
99
110
339
140
72
247
293
338
287
79
84
226
171
19
281
168
315
114
335
134
74
237
148
346
93
290
82
147
23
52
341
264
76
59
319
323
11
186
78
192
255
46
172
127
61
58
325
259
224
245
101
230
102
64
314
238
333
209
326
160
176
299
267
43
236
67
169
50
117
227
278
60
188
214
195
47
295
334
204
90
24
108
158
49
175
177
304
184
324
223
7
36
298
104
115
294
133
276
63
26
129
139
207
197
29
190
313
193
138
142
269
159
39
336
257
337
215
251
285
106
3
70
122
48
216
166
32
233
203
256
220
183
27
126
94
273
15
146
116
217
164
103
258
345
34
297
8
284
89
81
344
125
149
331
165
303
12
249
18
119
17
132
201
56
266
41
242
296
272
161
85
320
348
205
107
35
254
88
305
248
302
37
6
234
167
28
22
206
38
20
229
105
137
241
309
16
109
253
180
118
69
202
213
200
244
219
321
174
277
170
66
87
83
317
14
10
289
185
347
141
151
80
5
231
291
274
199
327
131
163
113
100
228
4
243
268
210
332
68
263
225
311
194
154
218
145
65
250
208
262
153
330
53
95
13
136
279
307
301
77
212
121
92
91
124
189
1
150
182
40
143
349
191
271
283
322
2
282
196
156
30
