98
119
95
2
202
229
52
194
67
58
36
74
188
107
152
180
3
174
161
201
127
32
63
14
230
196
189
72
156
40
91
179
27
44
6
239
109
76
30
181
190
132
131
61
183
68
23
116
139
33
93
200
101
81
145
150
110
241
238
79
29
216
182
154
120
157
234
86
236
186
114
233
243
232
203
242
147
165
136
191
100
220
172
247
177
213
118
24
158
134
207
204
21
66
60
166
48
55
218
85
71
77
135
59
20
130
223
102
125
51
176
64
206
96
164
19
129
121
46
222
39
35
15
90
92
17
245
10
105
117
122
178
128
37
240
173
42
168
141
208
146
1
198
142
111
228
225
193
99
192
54
5
78
115
199
26
112
184
103
53
7
25
153
80
0
4
155
197
82
106
22
159
140
133
171
138
227
38
231
126
246
170
160
185
104
221
215
65
18
13
75
248
237
11
143
62
47
16
249
123
69
187
244
235
226
219
113
209
94
31
41
