122
21
71
174
50
203
178
186
17
68
41
29
155
138
105
37
5
110
189
47
231
97
18
147
163
244
4
151
66
192
7
137
241
143
237
89
239
39
31
19
135
3
9
229
221
144
204
111
248
217
170
188
20
200
191
96
139
234
78
100
35
175
43
212
36
101
80
10
69
1
28
25
164
226
93
125
205
198
214
70
149
150
88
196
199
185
6
60
210
57
109
103
62
106
64
91
72
159
184
77
177
15
85
142
206
228
240
238
11
79
179
76
32
12
23
223
34
24
242
22
233
67
176
16
243
13
168
213
145
52
61
45
44
208
53
2
108
158
126
54
59
40
173
114
216
160
141
247
26
202
180
63
0
27
161
84
95
30
132
222
167
58
171
146
162
169
156
209
8
181
190
112
73
134
227
123
133
165
219
87
218
49
92
172
121
201
225
107
120
42
55
127
235
115
48
119
166
194
182
46
83
94
56
148
90
65
82
193
102
215
140
98
124
197
86
128
246
131
224
116
99
220
187
51
249
232
157
38
33
153
75
236
