123
298
319
351
21
158
137
4
229
253
94
148
84
208
150
311
297
340
53
26
222
223
106
100
102
90
172
243
71
161
408
244
92
239
183
379
341
89
174
181
400
86
45
210
7
65
79
420
24
382
22
321
214
129
227
264
191
357
296
110
202
354
48
155
266
153
124
398
308
263
330
179
250
149
302
80
189
240
396
6
260
115
140
23
434
18
120
261
28
287
104
375
282
217
280
44
40
112
329
242
139
381
295
135
419
60
16
98
42
365
55
154
146
345
234
151
236
170
186
97
11
225
108
76
165
41
75
402
346
323
49
231
113
387
47
105
192
359
422
109
171
364
70
61
173
72
269
294
30
238
157
69
277
145
195
13
279
220
197
103
278
333
162
77
247
176
35
417
9
251
391
194
138
390
29
167
317
19
355
380
36
0
111
275
25
385
356
325
117
289
343
163
32
8
361
248
285
249
116
201
350
147
10
397
362
369
344
430
384
252
141
429
177
245
34
371
448
368
416
383
196
299
78
358
95
99
412
5
290
288
274
313
82
394
184
237
211
101
199
169
38
336
349
126
224
143
142
331
446
442
388
87
435
436
328
160
428
424
136
352
414
423
411
410
413
409
127
206
406
378
233
39
91
262
88
367
281
286
59
291
301
300
62
207
185
3
213
221
121
216
