174
40
23
125
73
138
41
96
31
137
4
114
75
35
149
126
127
153
159
198
133
163
78
99
60
132
179
6
30
113
25
13
154
157
141
12
144
77
117
47
3
8
177
135
11
170
82
111
92
146
110
171
49
190
56
94
185
176
112
102
15
53
167
14
0
50
197
173
26
93
34
59
42
67
115
187
108
168
58
105
107
143
161
196
164
88
134
123
37
91
20
186
64
160
103
172
184
55
145
128
175
24
101
80
118
106
109
76
152
136
181
98
195
129
70
44
81
22
57
121
156
194
72
65
32
148
27
36
151
122
17
131
89
104
86
150
39
46
54
189
83
165
180
90
182
66
147
124
199
193
62
33
119
139
9
87
48
1
71
45
155
19
29
84
85
