53
21
0
35
90
34
96
163
88
126
107
61
12
199
113
194
81
109
70
19
177
4
184
122
65
118
129
16
14
176
197
145
144
178
79
196
105
46
27
182
171
50
85
183
162
22
98
78
26
71
169
111
11
47
66
106
2
147
68
51
119
69
74
83
23
108
9
186
110
116
139
41
10
75
97
40
91
193
99
115
37
151
160
161
72
155
154
67
73
187
179
114
112
32
156
86
33
132
120
55
133
164
30
172
77
152
8
131
57
136
60
167
93
148
95
166
20
102
5
31
43
84
170
25
58
142
146
123
17
140
1
48
159
195
135
192
149
100
92
59
130
174
63
198
124
89
52
24
103
165
15
173
137
175
150
180
64
181
3
143
