107
30
84
173
19
194
35
11
146
180
3
22
54
75
215
24
164
220
130
62
195
102
92
182
143
147
36
185
112
247
68
64
229
59
14
171
125
142
117
149
15
91
201
88
192
212
31
71
151
105
198
108
237
6
17
233
76
40
230
134
188
44
13
137
154
12
205
7
90
140
28
176
41
69
113
109
5
138
150
83
216
238
222
181
190
152
210
39
227
103
169
193
18
16
213
196
157
224
66
98
121
10
80
204
141
25
207
74
168
89
111
50
122
77
1
60
115
217
221
241
156
184
131
21
9
85
165
158
57
236
70
37
132
81
214
148
200
163
93
179
100
203
136
244
126
97
228
23
86
223
175
135
199
145
177
166
110
248
53
174
246
189
58
219
87
170
123
29
43
42
225
235
65
52
118
27
67
34
63
119
101
191
8
202
26
51
155
38
160
167
33
161
72
48
120
218
61
94
104
162
4
2
242
47
114
20
208
56
32
96
124
159
95
240
127
153
106
226
206
133
99
129
55
187
245
183
178
79
197
231
128
172
82
