96
247
24
115
79
9
2
84
62
6
193
112
58
50
156
8
182
130
147
165
243
53
99
37
128
148
63
42
98
109
118
46
139
10
59
224
189
181
207
198
86
175
216
155
38
214
237
14
174
249
154
102
151
246
104
159
22
245
134
238
149
197
184
206
168
75
195
34
97
28
215
204
103
178
141
146
226
74
4
67
44
234
57
152
126
124
233
186
211
101
129
3
80
73
16
76
127
208
81
17
110
122
222
132
47
210
108
160
177
94
105
7
170
239
188
158
244
95
145
180
5
166
157
223
202
209
11
163
0
219
231
71
179
92
137
106
192
87
212
66
107
220
133
227
131
221
70
111
19
213
230
169
52
82
232
228
49
164
65
218
85
