81
25
30
120
34
4
6
139
5
158
134
218
108
29
39
195
212
32
116
20
58
112
35
230
24
190
239
46
174
151
166
199
182
10
193
15
240
51
36
245
40
236
238
82
2
49
144
59
19
90
211
225
213
121
113
95
161
61
222
137
41
18
149
45
146
173
181
200
227
124
94
206
163
62
60
52
65
7
224
229
202
152
91
28
13
27
8
177
26
171
214
70
77
57
47
164
117
56
83
138
194
44
14
106
125
208
153
107
50
226
100
175
101
169
64
235
189
93
147
9
3
180
88
1
89
12
205
243
67
185
143
86
111
79
122
17
165
248
118
148
42
155
22
73
198
84
74
154
54
80
105
128
204
133
103
123
188
131
132
48
38
119
168
136
187
97
157
21
172
43
160
186
150
221
63
104
33
87
98
85
162
184
0
220
37
31
247
237
232
223
215
217
207
201
196
179
176
170
16
156
130
