18
121
90
193
47
35
64
217
99
20
195
1
126
52
172
96
6
55
118
33
107
23
128
116
224
17
130
85
30
175
102
124
105
180
111
66
86
50
190
198
7
240
43
137
144
48
109
46
103
72
185
22
220
41
132
108
101
140
12
189
219
91
142
153
84
74
62
104
94
44
216
5
138
28
45
139
176
187
8
147
196
37
150
70
83
169
179
15
215
243
174
133
211
68
221
31
247
200
208
202
122
3
89
88
129
100
29
205
63
60
157
192
141
183
36
159
204
40
218
234
207
38
114
164
166
212
213
244
146
231
163
191
182
168
71
158
214
235
106
131
24
10
201
127
223
53
78
27
26
119
42
112
76
203
135
75
178
73
156
93
21
161
242
123
87
51
173
82
110
25
2
145
81
225
186
152
248
199
39
181
165
92
148
80
162
171
19
230
136
58
149
14
97
120
210
245
184
117
49
115
239
59
113
0
77
4
61
98
151
154
241
237
228
229
65
238
177
226
236
134
143
69
54
209
155
79
32
34
188
227
246
57
249
206
233
232
222
