17
67
38
97
187
33
58
2
160
166
182
41
55
137
116
21
102
79
8
194
125
82
52
54
91
113
34
120
151
85
114
93
183
6
25
121
199
119
190
74
107
20
64
139
69
24
103
36
192
30
70
46
19
126
131
48
178
141
43
179
44
47
80
72
86
68
96
198
170
1
94
98
4
149
60
146
16
197
128
89
189
7
147
105
22
122
65
10
31
148
145
3
92
134
115
83
71
184
161
23
181
35
175
84
15
150
172
88
18
143
191
108
193
27
171
168
174
0
28
123
132
13
61
56
51
104
37
106
165
195
112
176
138
42
9
5
196
162
110
177
140
11
29
75
158
163
144
130
127
135
157
14
186
95
156
