14
590
197
196
2277
107
2286
3093
331
2278
109
460
2268
437
2308
465
198
450
464
445
3111
2269
2293
104
428
2290
2291
102
105
195
1576
2303
1577
446
448
2084
441
834
112
106
470
447
484
2304
2297
438
2300
529
73
2288
110
2296
11
2264
585
2307
2252
2282
2260
439
1642
1078
118
330
2270
2083
24
449
96
147
89
357
1706
30
4801
170
343
111
103
461
221
678
451
469
641
207
262
459
2256
2281
3397
966
214
223
705
1372
1549
458
724
354
1751
1
436
247
220
230
225
2310
53
260
1266
1124
2311
2279
777
536
3190
1045
434
413
362
783
674
46
3288
1201
2530
1021
237
171
62
909
254
989
356
1550
388
896
1891
194
878
1502
4181
530
2305
532
265
454
467
506
778
1909
140
624
192
2285
119
2284
873
360
417
419
20
35
338
805
2299
108
124
602
1427
376
775
598
120
281
453
367
240
3
92
25
979
382
114
528
920
191
430
399
855
26
3613
1772
830
1318
1755
201
1119
70
359
244
861
27
2363
725
1230
172
922
1991
440
1509
3738
2283
29
2295
21
28
305
472
1177
457
400
97
2475
4406
23
133
1687
480
355
252
371
1634
215
1314
2257
616
1765
18
978
462
1529
17
229
185
1591
129
1050
883
619
2423
1512
563
1589
176
906
1151
516
1554
617
503
366
1251
65
415
1064
471
771
2214
799
90
860
1283
3382
2271
1229
55
810
15
510
537
1123
485
637
98
86
1253
553
174
3948
4837
601
1035
1553
348
117
276
224
3895
1279
12
518
968
245
42
599
1590
1694
2354
905
168
1267
584
583
2092
167
381
914
745
463
3993
2223
721
2132
648
1111
1332
642
1430
1171
32
255
742
4806
88
1067
242
908
2934
910
2209
2473
2364
456
1722
4459
486
3810
49
1471
1048
169
435
387
233
222
1039
4172
181
2016
526
235
803
218
511
980
2276
373
1665
1063
2189
1041
2704
709
2771
1149
884
421
3304
1655
1959
669
3303
711
1030
1876
1113
997
3645
592
426
1827
422
2357
1682
1503
688
1527
492
689
205
270
2029
2179
615
442
704
310
1742
640
1511
1414
1557
1897
327
1059
557
963
158
1015
4530
2509
277
1639
1818
4050
1389
614
661
166
1418
3240
1258
2054
64
1376
1948
2713
2102
2100
2086
885
857
1523
389
3241
2810
520
2188
1566
2567
1034
2015
660
1890
710
3778
1604
173
379
581
145
1419
1791
349
1249
368
707
2561
2176
3057
728
2246
1907
575
2588
427
754
852
16
1329
2920
409
900
1601
737
1560
187
1790
1342
61
533
560
1116
423
1343
4396
4583
1336
505
1974
1158
1127
1973
3089
527
650
4356
3348
1666
687
1068
2880
148
2025
635
1740
2027
346
1691
1428
43
44
899
757
569
1979
668
2142
4
1936
768
498
2533
618
3189
3287
858
534
1203
1363
175
531
402
189
328
2064
1094
3618
1287
190
347
1186
2057
1085
50
695
546
987
1254
1866
1516
228
535
2273
2910
801
729
1889
2212
1695
1350
607
3989
56
1224
67
626
226
1180
1495
1219
990
2484
706
1676
3333
1300
2646
2010
1628
999
722
4184
275
1009
1001
664
324
2111
973
959
975
514
540
882
588
1565
1056
2982
523
1323
1183
750
3697
1049
1834
651
1605
1832
273
2051
605
3421
2259
1371
361
1366
4185
3219
921
1546
4122
2555
1733
2272
659
1086
4569
628
2458
209
507
1382
1179
746
78
2457
886
258
85
2432
3449
2006
3500
1960
2950
1357
3984
811
1297
3401
4353
564
1654
3759
0
429
4390
3268
1784
466
1582
3149
1227
2245
816
4253
2495
80
473
2519
2109
2213
76
587
804
2991
2989
697
123
888
3672
2346
1088
1894
274
604
2341
1022
3699
2119
2174
398
1895
1421
1137
33
91
363
796
1432
4360
2605
600
1308
199
3363
2557
1922
3864
2289
94
3112
2253
690
385
736
1817
1611
1060
2107
764
2765
1106
280
3317
2474
2377
1635
165
4799
765
1301
1295
483
965
2317
1289
2375
1857
1431
271
3002
3656
1561
2427
1027
3840
3850
4747
1291
1037
4602
2215
501
2221
504
353
1447
759
2262
3713
1391
300
2038
1347
2832
1767
2116
188
333
1908
2345
4242
1196
1603
1424
3297
1530
2216
2118
1370
632
4649
2255
452
1395
414
1671
4548
4446
4065
4547
1845
1132
2686
4546
2587
1352
393
3941
3939
2644
1980
403
3581
401
2544
404
259
22
1499
261
59
34
2378
2452
2431
4183
756
4613
3155
1662
2409
4454
1886
1240
211
1998
334
874
178
2562
1656
1226
2552
278
1076
1215
246
1807
1562
813
365
2626
177
701
1407
47
1977
891
4191
496
743
1613
345
2447
1025
2053
3747
1786
1626
904
369
1816
573
985
1273
1905
2528
2005
122
2606
542
1539
4252
2689
1587
3834
2140
132
1917
2250
1777
623
2220
735
1919
1269
384
3345
4314
2532
2641
2436
4158
39
38
3710
4300
1042
1043
41
1921
2681
213
576
1245
377
159
2146
1344
1967
4478
4796
1968
1138
1066
772
1514
679
4179
2440
1038
1192
2023
817
2741
4074
2496
2350
2158
1416
1411
1448
3919
1515
308
4709
3239
1234
1501
1315
824
3006
1802
1855
37
3943
875
519
2021
1520
1573
2327
3115
1877
2181
443
2881
2429
3253
1570
3139
1242
1077
1131
2469
2802
4667
2360
3743
2980
2978
596
406
2061
1782
1510
1436
3691
1302
2780
490
3929
1237
2816
3110
2319
1645
4509
3159
1216
2877
2678
2503
4233
337
2196
982
3372
3034
3161
3054
559
4169
1814
2624
3904
4376
1534
48
4273
567
4393
3716
4668
2201
685
1599
4187
1872
2613
758
3511
3175
3174
2574
351
1250
128
352
3658
4347
3428
4331
2081
2048
4412
1801
3389
1172
4492
232
1552
912
1797
907
1463
249
1568
2108
3310
1774
1057
2619
1304
1822
1745
2052
1105
2462
1606
370
375
3661
3292
3456
929
2352
2627
3359
83
2449
983
3211
284
1417
568
2635
4237
2163
2570
762
1914
2815
2540
2819
3011
317
4800
75
4201
2955
3470
2967
2489
1164
3861
137
1339
1441
3648
1504
790
2972
3001
3005
424
3235
2507
3185
3506
3091
2379
1863
2941
3734
2578
3746
1091
2217
3035
2576
895
2413
2173
665
2011
3025
2590
2445
350
4724
3958
3276
161
3947
3498
339
1381
2842
3601
1311
3981
3375
1640
845
2115
2169
3502
57
760
3406
3242
203
1246
395
1651
2149
1811
1175
378
3158
1032
1999
673
2799
2079
865
3552
3536
1928
200
4847
3193
2808
2879
545
1310
2682
609
1620
7
993
994
995
4861
2938
1012
468
3151
2936
2927
1681
3969
1944
2923
3972
3971
3718
3254
1206
808
3741
2911
807
806
4860
4856
2371
578
4850
4851
730
3343
4034
992
4160
1661
727
4156
4155
3133
1452
3866
4367
4366
4829
4828
788
986
1176
3868
4372
1112
1292
1238
1239
1243
4762
4767
3800
1638
2581
1966
767
769
1646
1103
2130
2129
4068
410
411
4499
4753
4754
1860
3803
4231
4193
752
3109
2573
4207
744
1958
1285
1984
4226
4225
4751
4750
1412
3351
1409
3352
508
509
4721
4729
3881
2127
4697
4707
1074
1073
4640
4634
1398
4429
4099
2845
2844
3410
846
383
1150
3412
2556
683
686
2237
3176
3056
1585
2828
4241
1062
1061
1058
3696
4264
666
4260
1374
3365
3354
477
2547
2106
1040
2112
1271
649
655
656
2193
2915
3906
4426
1950
3325
1055
2893
4631
4630
4246
646
2536
1023
2889
2888
676
1019
1632
1631
4617
4618
3856
903
391
633
3028
2767
2527
3022
3030
4278
3144
303
302
1528
4610
4609
2753
672
3779
1957
2035
3275
2716
256
3457
3458
1259
2755
1526
4039
4598
4597
2518
2747
2517
279
4045
2743
663
1888
662
3053
1256
3755
3750
1181
4553
4554
2512
2990
1317
1629
433
3934
1313
2859
2858
1616
2807
2098
972
2854
1830
4323
3445
3209
2801
4063
577
851
4552
4551
2097
3926
3674
3559
1359
1358
4387
4345
2797
1598
4342
4343
3474
2996
1017
2688
2687
4333
4258
3831
4337
2388
206
2640
2045
336
3477
4105
2185
1422
565
2331
326
325
3480
1743
1154
2337
2301
1927
2615
3510
2647
3515
3514
2049
4174
4175
1571
2152
3090
3489
3200
4095
3636
3528
3527
2878
4134
4133
3637
183
3546
570
2200
295
2014
1701
2946
2947
3206
3171
3172
2724
2676
3426
184
101
1235
2219
2218
312
4129
4130
1233
1405
1861
3167
3168
2702
2464
3859
4048
4049
2401
717
3285
3286
4086
4082
625
774
4066
4067
2096
829
2456
1881
591
2961
2453
1943
1942
3166
4053
4054
3998
2031
263
2391
3520
3519
1686
2243
2244
2247
51
2416
827
180
3978
3979
3368
1340
138
31
113
1157
3195
3217
2406
2156
267
3245
266
3232
3162
3163
495
2700
2883
2884
2425
2426
708
1871
2585
621
322
321
8
