1.00000000
0.99848485
0.98333333
0.98181818
0.96666667
0.96515152
0.96363636
0.96212121
0.94696970
0.94545455
0.93030303
0.92878788
0.92727273
0.92575758
0.91060606
0.90909091
0.90757576
0.90606061
0.90454545
0.90303030
0.90151515
0.90000000
0.89848485
0.89696970
0.89393939
0.88181818
0.88030303
0.86818182
0.86666667
0.86515152
0.86363636
0.85151515
0.83939394
0.83787879
0.82575758
0.82424242
0.82272727
0.81060606
0.80606061
0.80454545
0.79393939
0.79242424
0.79242424
0.79242424
0.79242424
0.79242424
0.79242424
0.79090909
0.78939394
0.77727273
0.76515152
0.76212121
0.76060606
0.75909091
0.75757576
0.74545455
0.73333333
0.72121212
0.71969697
0.71818182
0.71666667
0.70303030
0.69090909
0.68939394
0.68939394
0.68787879
0.68636364
0.67272727
0.66060606
0.66060606
0.65757576
0.65606061
0.65454545
0.65303030
0.65151515
0.65000000
0.64848485
0.64696970
0.64545455
0.64242424
0.63030303
0.61818182
0.60606061
0.59393939
0.58939394
0.57727273
0.57575758
0.57424242
0.57272727
0.57121212
0.56969697
0.56818182
0.55757576
0.54545455
0.53333333
0.52121212
0.51969697
0.51666667
0.51212121
0.51060606
0.50909091
0.50757576
0.50606061
0.50303030
0.50151515
0.50000000
0.48939394
0.48787879
0.47727273
0.47424242
0.46212121
0.45000000
0.43787879
0.43484848
0.43181818
0.43030303
0.42878788
0.42727273
0.42575758
0.42424242
0.42121212
0.41969697
0.41666667
0.41363636
0.39090909
0.38939394
0.37878788
0.37424242
0.37121212
0.36969697
0.36666667
0.36363636
0.36060606
0.35909091
0.35606061
0.35454545
0.35303030
0.34090909
0.33787879
0.33484848
0.33181818
0.32878788
0.32575758
0.32424242
0.32121212
0.31969697
0.31818182
0.31363636
0.30909091
0.30606061
0.30454545
0.30303030
0.30151515
0.30000000
0.29848485
0.29696970
0.29090909
0.28636364
0.28484848
0.27878788
0.27727273
0.27272727
0.27121212
0.26969697
0.26818182
0.26363636
0.26212121
0.25757576
0.25303030
0.25000000
0.24848485
0.24696970
0.24545455
0.24393939
0.24242424
0.23787879
0.23484848
0.23333333
0.22878788
0.22424242
0.22272727
0.22121212
0.21666667
0.21060606
0.20757576
0.20151515
0.19696970
0.18939394
0.18636364
0.18333333
0.17878788
0.17727273
0.17575758
0.16969697
0.16212121
0.15454545
0.15303030
0.14696970
0.14242424
0.13939394
0.13484848
0.11666667
0.11363636
0.09696970
0.09696970
0.08181818
0.05151515
0.04242424
0.02272727
0.02121212
0.02121212
0.02121212
0.01515152
0.01515152
0.01515152
0.01363636
0.01363636
0.01212121
0.01212121
0.01212121
0.01212121
0.01212121
0.01212121
0.01212121
0.01212121
0.01212121
0.01212121
0.01212121
0.01212121
0.01212121
0.01212121
0.01212121
0.01212121
0.01212121
0.01212121
0.01212121
0.01212121
0.01212121
0.01212121
0.01212121
0.01212121
0.01060606
0.01060606
0.01060606
0.01060606
0.01060606
0.01060606
0.01060606
0.01060606
0.01060606
0.01060606
0.01060606
0.01060606
0.01060606
0.01060606
0.01060606
0.01060606
0.00909091
0.00909091
0.00757576
0.00757576
0.00757576
0.00757576
0.00757576
0.00757576
0.00606061
0.00606061
0.00606061
0.00606061
0.00606061
0.00606061
0.00606061
0.00606061
0.00606061
0.00606061
0.00606061
0.00606061
0.00606061
0.00606061
0.00606061
0.00606061
0.00454545
0.00454545
0.00454545
0.00454545
0.00454545
0.00454545
0.00454545
0.00454545
0.00454545
0.00454545
0.00454545
0.00454545
0.00454545
0.00454545
0.00454545
0.00454545
0.00454545
0.00454545
0.00454545
0.00454545
0.00454545
0.00454545
0.00454545
0.00454545
0.00454545
0.00454545
0.00454545
0.00454545
0.00454545
0.00454545
0.00454545
0.00454545
0.00454545
0.00454545
0.00454545
0.00454545
0.00454545
0.00454545
0.00454545
0.00454545
0.00454545
0.00454545
0.00454545
0.00454545
0.00454545
0.00454545
0.00454545
0.00454545
0.00454545
0.00454545
0.00454545
0.00454545
0.00454545
0.00454545
0.00454545
0.00454545
0.00454545
0.00454545
0.00454545
0.00454545
0.00454545
0.00454545
0.00454545
0.00454545
0.00454545
0.00454545
0.00454545
0.00454545
0.00454545
0.00454545
0.00454545
0.00454545
0.00454545
0.00454545
0.00454545
0.00454545
0.00303030
0.00303030
0.00303030
0.00303030
0.00303030
0.00303030
0.00303030
0.00303030
0.00303030
0.00303030
0.00303030
0.00303030
0.00303030
0.00303030
0.00303030
0.00303030
0.00303030
0.00303030
0.00303030
0.00303030
0.00303030
0.00303030
0.00303030
0.00303030
0.00303030
0.00303030
0.00303030
0.00303030
0.00303030
0.00303030
0.00303030
0.00303030
0.00303030
0.00303030
0.00303030
0.00303030
0.00303030
0.00303030
0.00303030
0.00303030
0.00303030
0.00303030
0.00303030
0.00303030
0.00303030
0.00303030
0.00303030
0.00303030
0.00303030
0.00303030
0.00303030
0.00303030
0.00303030
0.00303030
0.00151515
0.00151515
0.00151515
0.00151515
0.00151515
0.00151515
0.00151515
0.00151515
0.00151515
0.00151515
0.00151515
0.00151515
0.00151515
0.00151515
0.00151515
0.00151515
0.00151515
0.00151515
0.00151515
0.00151515
0.00151515
0.00151515
0.00151515
0.00151515
0.00151515
0.00151515
0.00151515
0.00151515
0.00151515
0.00151515
0.00151515
0.00151515
0.00151515
0.00151515
0.00151515
0.00151515
0.00151515
0.00151515
0.00151515
0.00151515
0.00151515
0.00151515
0.00151515
0.00151515
0.00151515
0.00151515
0.00151515
0.00151515
0.00151515
0.00151515
0.00151515
0.00151515
0.00151515
0.00151515
0.00151515
0.00151515
0.00151515
0.00151515
0.00151515
0.00151515
0.00151515
0.00151515
0.00151515
0.00151515
0.00151515
0.00151515
0.00151515
0.00151515
0.00151515
0.00151515
0.00151515
0.00151515
0.00151515
0.00151515
0.00151515
0.00151515
0.00151515
0.00151515
0.00151515
0.00151515
0.00151515
0.00151515
0.00151515
0.00151515
0.00151515
0.00151515
0.00151515
0.00151515
0.00151515
0.00151515
0.00151515
0.00151515
0.00151515
0.00151515
0.00151515
0.00151515
0.00151515
0.00151515
0.00151515
0.00151515
0.00151515
0.00151515
0.00151515
0.00151515
0.00151515
0.00151515
0.00151515
0.00151515
0.00151515
0.00151515
0.00151515
0.00151515
0.00151515
0.00151515
0.00151515
0.00151515
0.00151515
0.00151515
0.00151515
0.00151515
0.00151515
0.00151515
0.00151515
0.00151515
0.00151515
0.00151515
0.00151515
0.00151515
0.00151515
0.00151515
0.00151515
0.00151515
0.00151515
0.00151515
0.00151515
0.00151515
0.00151515
0.00151515
0.00151515
0.00151515
0.00151515
0.00151515
0.00151515
0.00151515
0.00151515
0.00151515
0.00151515
0.00151515
0.00151515
0.00151515
0.00151515
0.00151515
0.00151515
0.00151515
0.00151515
0.00151515
0.00151515
0.00151515
0.00151515
0.00151515
0.00151515
0.00151515
0.00151515
0.00151515
0.00151515
0.00151515
0.00151515
0.00151515
0.00151515
0.00151515
0.00151515
0.00151515
0.00151515
0.00151515
0.00151515
0.00151515
0.00151515
0.00151515
0.00151515
0.00151515
0.00151515
0.00151515
0.00151515
0.00151515
0.00151515
0.00151515
0.00151515
0.00151515
0.00151515
0.00151515
0.00151515
0.00151515
0.00151515
0.00151515
0.00151515
0.00151515
0.00151515
0.00151515
0.00151515
0.00151515
0.00151515
0.00151515
0.00151515
0.00151515
0.00151515
0.00151515
0.00151515
0.00151515
0.00151515
0.00151515
0.00151515
0.00151515
0.00151515
0.00151515
0.00151515
0.00151515
0.00151515
0.00151515
0.00151515
0.00151515
0.00151515
0.00151515
0.00151515
0.00151515
0.00151515
0.00151515
0.00151515
0.00151515
0.00151515
0.00151515
0.00151515
0.00151515
0.00151515
0.00151515
0.00151515
0.00151515
0.00151515
0.00151515
0.00151515
0.00151515
0.00151515
0.00151515
0.00151515
0.00151515
0.00151515
0.00151515
0.00151515
0.00151515
0.00151515
