1.00000000
0.99431357
0.98862713
0.98537774
0.97481722
0.97156783
0.97075548
0.96506905
0.96425670
0.96344435
0.95775792
0.95694557
0.95125914
0.94476036
0.94394801
0.93826158
0.93501219
0.93419984
0.93095045
0.93013810
0.92688871
0.92120227
0.92038993
0.91714054
0.91632819
0.90820471
0.90495532
0.89114541
0.89033306
0.88952071
0.88870837
0.88789602
0.88708367
0.88627132
0.88545898
0.88464663
0.88464663
0.88383428
0.88302193
0.87652315
0.87002437
0.86921202
0.86352559
0.85702681
0.85702681
0.85052803
0.84971568
0.84890333
0.84809098
0.84727864
0.84402924
0.84321690
0.84240455
0.84159220
0.84077985
0.83996751
0.83915516
0.83834281
0.83753046
0.83671812
0.83590577
0.83021933
0.82940699
0.82859464
0.82778229
0.82696994
0.82372055
0.82209586
0.82128351
0.81478473
0.81397238
0.81072299
0.80097482
0.80016247
0.79935012
0.79203899
0.78635256
0.78554021
0.78472786
0.78391552
0.77660439
0.77579204
0.77497969
0.77416734
0.77335500
0.77254265
0.77091795
0.76035743
0.75873274
0.74573517
0.74248578
0.74167344
0.74086109
0.74004874
0.73923639
0.71811535
0.71730301
0.71649066
0.71567831
0.70674249
0.70511779
0.69780666
0.69699431
0.69618197
0.68399675
0.67831032
0.67749797
0.67668562
0.67587327
0.67506093
0.67424858
0.67343623
0.65800162
0.65069050
0.64012998
0.63931763
0.63850528
0.63769293
0.61982128
0.61900894
0.61819659
0.61738424
0.61738424
0.61657189
0.61575955
0.61494720
0.60682372
0.60357433
0.60194963
0.60113729
0.59220146
0.59057677
0.58407799
0.57351747
0.52071487
0.51990252
0.44435418
0.42973193
0.42973193
0.42891958
0.42242080
0.33793664
0.33143786
0.32493907
0.32412673
0.31600325
0.24045491
0.24045491
0.23151909
0.23151909
0.23151909
0.23151909
0.23151909
0.23151909
0.23151909
0.23151909
0.23151909
0.23151909
0.23070674
0.23070674
0.19171405
0.19171405
0.19090171
0.19090171
0.19090171
0.18359058
0.18359058
0.18277823
0.17709180
0.17709180
0.17627945
0.17627945
0.16490658
0.15922015
0.15840780
0.15190902
0.15190902
0.15190902
0.14216084
0.13728676
0.13728676
0.13728676
0.07473599
0.07473599
0.07473599
0.07473599
0.07473599
0.07473599
0.07473599
0.07473599
0.06986190
0.05848903
0.05605199
0.05199025
0.04630382
0.04630382
0.04630382
0.04142973
0.04142973
0.04142973
0.04142973
0.04142973
0.04142973
0.04142973
0.04142973
0.04142973
0.04142973
0.04142973
0.04142973
0.04142973
0.04142973
0.04142973
0.04142973
0.04142973
0.04142973
0.04142973
0.04142973
0.04142973
0.04142973
0.04142973
0.04142973
0.04142973
0.04142973
0.04142973
0.02761982
0.02761982
0.02761982
0.02761982
0.02761982
0.02761982
0.02761982
0.02761982
0.02761982
0.02761982
0.02761982
0.02761982
0.02761982
0.02193339
0.01624695
0.01462226
0.01462226
0.01462226
0.01462226
0.01462226
0.01462226
0.01462226
0.01462226
0.01137287
0.01137287
0.01137287
0.01137287
0.01137287
0.01137287
0.01137287
0.01137287
0.01137287
0.01137287
0.01137287
0.01137287
0.01137287
0.01137287
0.01137287
0.01137287
0.01137287
0.01137287
0.01137287
0.01137287
0.01137287
0.01137287
0.01137287
0.01137287
0.01137287
0.01137287
0.01137287
0.01137287
0.01137287
0.01137287
0.01137287
0.01137287
0.01137287
0.00649878
0.00649878
0.00649878
0.00649878
0.00649878
0.00649878
0.00649878
0.00649878
0.00649878
0.00649878
0.00649878
0.00649878
0.00649878
0.00649878
0.00649878
0.00649878
0.00649878
0.00649878
0.00649878
0.00649878
0.00649878
0.00649878
0.00649878
0.00649878
0.00649878
0.00649878
0.00649878
0.00649878
0.00649878
0.00649878
0.00649878
0.00649878
0.00649878
0.00649878
0.00649878
0.00649878
0.00649878
0.00649878
0.00649878
0.00649878
0.00649878
0.00649878
0.00649878
0.00649878
0.00649878
0.00649878
0.00649878
0.00649878
0.00649878
0.00649878
0.00568643
0.00568643
0.00568643
0.00568643
0.00568643
0.00568643
0.00568643
0.00568643
0.00568643
0.00568643
0.00568643
0.00568643
0.00568643
0.00568643
0.00568643
0.00568643
0.00568643
0.00568643
0.00568643
0.00568643
0.00568643
0.00487409
0.00487409
0.00487409
0.00487409
0.00487409
0.00487409
0.00487409
0.00487409
0.00487409
0.00487409
0.00487409
0.00487409
0.00487409
0.00487409
0.00487409
0.00487409
0.00487409
0.00406174
0.00406174
0.00406174
0.00406174
0.00406174
0.00406174
0.00406174
0.00406174
0.00406174
0.00406174
0.00406174
0.00406174
0.00406174
0.00406174
0.00406174
0.00406174
0.00406174
0.00406174
0.00406174
0.00324939
0.00324939
0.00324939
0.00324939
0.00324939
0.00324939
0.00324939
0.00324939
0.00324939
0.00324939
0.00324939
0.00324939
0.00324939
0.00324939
0.00324939
0.00324939
0.00324939
0.00324939
0.00324939
0.00324939
0.00324939
0.00324939
0.00324939
0.00324939
0.00324939
0.00324939
0.00324939
0.00324939
0.00324939
0.00324939
0.00324939
0.00324939
0.00324939
0.00324939
0.00324939
0.00324939
0.00324939
0.00324939
0.00324939
0.00324939
0.00324939
0.00324939
0.00324939
0.00324939
0.00324939
0.00324939
0.00324939
0.00324939
0.00324939
0.00324939
0.00324939
0.00324939
0.00324939
0.00324939
0.00324939
0.00324939
0.00324939
0.00324939
0.00324939
0.00243704
0.00243704
0.00243704
0.00243704
0.00243704
0.00243704
0.00243704
0.00243704
0.00243704
0.00243704
0.00243704
0.00243704
0.00243704
0.00243704
0.00243704
0.00243704
0.00243704
0.00243704
0.00243704
0.00243704
0.00243704
0.00243704
0.00243704
0.00243704
0.00243704
0.00243704
0.00243704
0.00243704
0.00243704
0.00243704
0.00243704
0.00243704
0.00243704
0.00243704
0.00243704
0.00243704
0.00243704
0.00243704
0.00243704
0.00243704
0.00243704
0.00243704
0.00243704
0.00243704
0.00243704
0.00243704
0.00243704
0.00243704
0.00243704
0.00243704
0.00243704
0.00243704
0.00243704
0.00243704
0.00243704
0.00243704
0.00243704
0.00243704
0.00243704
0.00243704
0.00243704
0.00243704
0.00243704
0.00243704
0.00243704
0.00243704
0.00243704
0.00243704
0.00243704
0.00243704
0.00243704
0.00243704
0.00243704
0.00243704
0.00243704
0.00243704
0.00243704
0.00243704
0.00243704
0.00243704
0.00243704
0.00243704
0.00243704
0.00243704
0.00243704
0.00243704
0.00243704
0.00243704
0.00243704
0.00243704
0.00243704
0.00243704
0.00243704
0.00243704
0.00243704
0.00243704
0.00243704
0.00243704
0.00243704
0.00243704
0.00243704
0.00243704
0.00243704
0.00243704
0.00243704
0.00243704
0.00243704
0.00243704
0.00243704
0.00243704
0.00243704
0.00243704
0.00243704
0.00243704
0.00243704
0.00243704
0.00243704
0.00243704
0.00243704
0.00243704
0.00243704
0.00243704
0.00243704
0.00243704
0.00243704
0.00243704
0.00243704
0.00243704
0.00243704
0.00243704
0.00243704
0.00243704
0.00243704
0.00243704
0.00243704
0.00243704
0.00243704
0.00243704
0.00243704
0.00243704
0.00243704
0.00243704
0.00243704
0.00243704
0.00243704
0.00243704
0.00243704
0.00243704
0.00243704
0.00243704
0.00243704
0.00243704
0.00243704
0.00243704
0.00243704
0.00243704
0.00243704
0.00243704
0.00243704
0.00162470
0.00162470
0.00162470
0.00162470
0.00162470
0.00162470
0.00162470
0.00162470
0.00162470
0.00162470
0.00162470
0.00162470
0.00162470
0.00162470
0.00162470
0.00162470
0.00162470
0.00162470
0.00162470
0.00162470
0.00162470
0.00162470
0.00162470
0.00162470
0.00162470
0.00162470
0.00162470
0.00162470
0.00162470
0.00162470
0.00162470
0.00162470
0.00162470
0.00162470
0.00162470
0.00162470
0.00162470
0.00162470
0.00162470
0.00162470
0.00162470
0.00162470
0.00162470
0.00162470
0.00162470
0.00162470
0.00162470
0.00162470
0.00162470
0.00162470
0.00162470
0.00162470
0.00162470
0.00162470
0.00162470
0.00162470
0.00162470
0.00162470
0.00162470
0.00162470
0.00162470
0.00162470
0.00162470
0.00162470
0.00162470
0.00162470
0.00162470
0.00162470
0.00162470
0.00162470
0.00162470
0.00162470
0.00162470
0.00162470
0.00162470
0.00162470
0.00162470
0.00162470
0.00162470
0.00162470
0.00162470
0.00162470
0.00162470
0.00162470
0.00162470
0.00162470
0.00162470
0.00162470
0.00162470
0.00162470
0.00162470
0.00162470
0.00162470
0.00162470
0.00162470
0.00162470
0.00162470
0.00162470
0.00081235
0.00081235
0.00081235
0.00081235
0.00081235
0.00081235
0.00081235
0.00081235
0.00081235
0.00081235
0.00081235
0.00081235
0.00081235
0.00081235
0.00081235
0.00081235
0.00081235
0.00081235
0.00081235
0.00081235
0.00081235
0.00081235
0.00081235
0.00081235
0.00081235
0.00081235
0.00081235
0.00081235
0.00081235
0.00081235
0.00081235
0.00081235
0.00081235
0.00081235
0.00081235
0.00081235
0.00081235
0.00081235
0.00081235
0.00081235
0.00081235
0.00081235
0.00081235
0.00081235
0.00081235
0.00081235
0.00081235
0.00081235
0.00081235
0.00081235
0.00081235
0.00081235
0.00081235
0.00081235
0.00081235
0.00081235
0.00081235
0.00081235
0.00081235
0.00081235
0.00081235
0.00081235
0.00081235
0.00081235
0.00081235
0.00081235
0.00081235
0.00081235
0.00081235
0.00081235
0.00081235
0.00081235
0.00081235
0.00081235
0.00081235
0.00081235
0.00081235
0.00081235
0.00081235
0.00081235
0.00081235
0.00081235
0.00081235
0.00081235
0.00081235
0.00081235
0.00081235
0.00081235
0.00081235
0.00081235
0.00081235
0.00081235
0.00081235
0.00081235
0.00081235
0.00081235
0.00081235
0.00081235
0.00081235
0.00081235
0.00081235
0.00081235
0.00081235
0.00081235
0.00081235
0.00081235
0.00081235
0.00081235
0.00081235
0.00081235
0.00081235
0.00081235
0.00081235
0.00081235
0.00081235
0.00081235
0.00081235
0.00081235
0.00081235
0.00081235
0.00081235
0.00081235
0.00081235
0.00081235
0.00081235
0.00081235
0.00081235
0.00081235
0.00081235
0.00081235
0.00081235
0.00081235
0.00081235
0.00081235
0.00081235
0.00081235
0.00081235
0.00081235
0.00081235
0.00081235
0.00081235
0.00081235
0.00081235
0.00081235
0.00081235
0.00081235
0.00081235
0.00081235
0.00081235
0.00081235
0.00081235
0.00081235
0.00081235
0.00081235
0.00081235
0.00081235
0.00081235
0.00081235
0.00081235
0.00081235
0.00081235
0.00081235
0.00081235
0.00081235
0.00081235
0.00081235
0.00081235
0.00081235
0.00081235
0.00081235
0.00081235
0.00081235
0.00081235
0.00081235
0.00081235
0.00081235
0.00081235
0.00081235
0.00081235
0.00081235
0.00081235
0.00081235
0.00081235
0.00081235
0.00081235
0.00081235
0.00081235
0.00081235
0.00081235
0.00081235
0.00081235
0.00081235
0.00081235
0.00081235
0.00081235
0.00081235
0.00081235
0.00081235
0.00081235
0.00081235
0.00081235
0.00081235
0.00081235
0.00081235
0.00081235
0.00081235
0.00081235
0.00081235
0.00081235
0.00081235
0.00081235
0.00081235
0.00081235
0.00081235
0.00081235
0.00081235
0.00081235
0.00081235
0.00081235
0.00081235
0.00081235
0.00081235
0.00081235
0.00081235
0.00081235
0.00081235
0.00081235
0.00081235
0.00081235
0.00081235
0.00081235
0.00081235
0.00081235
0.00081235
0.00081235
0.00081235
0.00081235
0.00081235
0.00081235
0.00081235
0.00081235
0.00081235
0.00081235
0.00081235
0.00081235
0.00081235
0.00081235
0.00081235
0.00081235
0.00081235
0.00081235
0.00081235
0.00081235
0.00081235
0.00081235
0.00081235
0.00081235
0.00081235
0.00081235
0.00081235
0.00081235
0.00081235
0.00081235
0.00081235
0.00081235
0.00081235
0.00081235
0.00081235
0.00081235
0.00081235
0.00081235
0.00081235
0.00081235
0.00081235
0.00081235
0.00081235
0.00081235
0.00081235
0.00081235
0.00081235
0.00081235
0.00081235
0.00081235
0.00081235
0.00081235
0.00081235
0.00081235
0.00081235
0.00081235
0.00081235
0.00081235
0.00081235
0.00081235
0.00081235
0.00081235
0.00081235
0.00081235
0.00081235
0.00081235
0.00081235
0.00081235
0.00081235
0.00081235
0.00081235
0.00081235
0.00081235
0.00081235
0.00081235
0.00081235
0.00081235
0.00081235
0.00081235
0.00081235
0.00081235
0.00081235
0.00081235
0.00081235
0.00081235
0.00081235
0.00081235
0.00081235
0.00081235
0.00081235
0.00081235
0.00081235
0.00081235
0.00081235
0.00081235
0.00081235
0.00081235
0.00081235
0.00081235
0.00081235
0.00081235
0.00081235
0.00081235
0.00081235
0.00081235
0.00081235
0.00081235
0.00081235
0.00081235
0.00081235
0.00081235
0.00081235
0.00081235
0.00081235
0.00081235
0.00081235
0.00081235
0.00081235
0.00081235
0.00081235
0.00081235
0.00081235
0.00081235
0.00081235
0.00081235
0.00081235
0.00081235
0.00081235
0.00081235
0.00081235
0.00081235
0.00081235
0.00081235
0.00081235
0.00081235
0.00081235
0.00081235
0.00081235
0.00081235
0.00081235
0.00081235
0.00081235
0.00081235
0.00081235
0.00081235
0.00081235
0.00081235
0.00081235
0.00081235
0.00081235
0.00081235
0.00081235
0.00081235
0.00081235
0.00081235
0.00081235
0.00081235
0.00081235
0.00081235
0.00081235
0.00081235
0.00081235
0.00081235
0.00081235
0.00081235
0.00081235
0.00081235
0.00081235
0.00081235
0.00081235
0.00081235
0.00081235
0.00081235
0.00081235
0.00081235
0.00081235
0.00081235
0.00081235
0.00081235
0.00081235
0.00081235
0.00081235
0.00081235
0.00081235
0.00081235
0.00081235
0.00081235
0.00081235
0.00081235
0.00081235
0.00081235
0.00081235
0.00081235
0.00081235
0.00081235
0.00081235
0.00081235
0.00081235
0.00081235
0.00081235
0.00081235
0.00081235
0.00081235
0.00081235
0.00081235
0.00081235
0.00081235
0.00081235
0.00081235
0.00081235
0.00081235
0.00081235
0.00081235
0.00081235
0.00081235
0.00081235
0.00081235
0.00081235
0.00081235
0.00081235
0.00081235
0.00081235
0.00081235
0.00081235
0.00081235
0.00081235
0.00081235
0.00081235
0.00081235
0.00081235
0.00081235
0.00081235
0.00081235
0.00081235
0.00081235
0.00081235
0.00081235
0.00081235
0.00081235
0.00081235
0.00081235
0.00081235
0.00081235
0.00081235
0.00081235
0.00081235
0.00081235
0.00081235
0.00081235
0.00081235
0.00081235
0.00081235
0.00081235
0.00081235
0.00081235
0.00081235
0.00081235
0.00081235
0.00081235
0.00081235
0.00081235
0.00081235
0.00081235
0.00081235
0.00081235
0.00081235
0.00081235
0.00081235
0.00081235
0.00081235
0.00081235
0.00081235
0.00081235
0.00081235
0.00081235
0.00081235
0.00081235
0.00081235
0.00081235
0.00081235
0.00081235
0.00081235
0.00081235
0.00081235
0.00081235
0.00081235
0.00081235
0.00081235
0.00081235
0.00081235
0.00081235
0.00081235
0.00081235
0.00081235
0.00081235
