1.00000000
0.97083333
0.96666667
0.93750000
0.90833333
0.87916667
0.87500000
0.84166667
0.81250000
0.77916667
0.77500000
0.76666667
0.75833333
0.75416667
0.72083333
0.69166667
0.66250000
0.65416667
0.64583333
0.61250000
0.60833333
0.57083333
0.55833333
0.55833333
0.55000000
0.48333333
0.48333333
0.48333333
0.48333333
0.42083333
0.42083333
0.42083333
0.42083333
0.42083333
0.42083333
0.42083333
0.33333333
0.33333333
0.30833333
0.30833333
0.30833333
0.27500000
0.24166667
0.24166667
0.24166667
0.24166667
0.23750000
0.11250000
0.11250000
0.11250000
0.07083333
0.07083333
0.07083333
0.07083333
0.07083333
0.07083333
0.07083333
0.07083333
0.07083333
0.07083333
0.07083333
0.07083333
0.06666667
0.03750000
0.02500000
0.02500000
0.02500000
0.02500000
0.02500000
0.02500000
0.02500000
0.02500000
0.02500000
0.02500000
0.02500000
0.02500000
0.02500000
0.02500000
0.02500000
0.02500000
0.02500000
0.02500000
0.02500000
0.02500000
0.02500000
0.02500000
0.02500000
0.02500000
0.02500000
0.02500000
0.02500000
0.02500000
0.02500000
0.02500000
0.02500000
0.02500000
0.02500000
0.02500000
0.02500000
0.02500000
0.02500000
0.02500000
0.02500000
0.02500000
0.02500000
0.02500000
0.02500000
0.02500000
0.02500000
0.02500000
0.02500000
0.02500000
0.02500000
0.02500000
0.02500000
0.02500000
0.02500000
0.02500000
0.02500000
0.02500000
0.02500000
0.02500000
0.02500000
0.02083333
0.01666667
0.01250000
0.01250000
0.01250000
0.01250000
0.01250000
0.01250000
0.01250000
0.01250000
0.01250000
0.01250000
0.01250000
0.01250000
0.01250000
0.01250000
0.01250000
0.01250000
0.01250000
0.01250000
0.01250000
0.01250000
0.01250000
0.01250000
0.01250000
0.01250000
0.01250000
0.01250000
0.00833333
0.00833333
0.00833333
0.00833333
0.00833333
0.00833333
0.00833333
0.00833333
0.00833333
0.00416667
0.00416667
0.00416667
0.00416667
0.00416667
0.00416667
0.00416667
0.00416667
0.00416667
0.00416667
0.00416667
0.00416667
0.00416667
0.00416667
0.00416667
0.00416667
0.00416667
0.00416667
0.00416667
0.00416667
0.00416667
0.00416667
0.00416667
0.00416667
0.00416667
0.00416667
0.00416667
0.00416667
0.00416667
0.00416667
0.00416667
0.00416667
0.00416667
0.00416667
0.00416667
0.00416667
0.00416667
0.00416667
0.00416667
0.00416667
0.00416667
0.00416667
0.00416667
0.00416667
0.00416667
0.00416667
0.00416667
0.00416667
0.00416667
0.00416667
0.00416667
0.00416667
0.00416667
0.00416667
0.00416667
0.00416667
0.00416667
0.00416667
0.00416667
0.00416667
0.00416667
0.00416667
0.00416667
0.00416667
0.00416667
0.00416667
0.00416667
0.00416667
0.00416667
0.00416667
0.00416667
0.00416667
0.00416667
0.00416667
0.00416667
0.00416667
0.00416667
0.00416667
0.00416667
0.00416667
