1.00000000
0.99467377
0.97736352
0.96804261
0.95073236
0.94141145
0.92010652
0.91078562
0.89747004
0.87217044
0.86151798
0.85086551
0.84820240
0.84553928
0.80159787
0.79094541
0.74700399
0.72037284
0.71238349
0.69906791
0.67376831
0.67243675
0.63249001
0.58322237
0.58189081
0.57523302
0.56724368
0.55925433
0.55792277
0.55792277
0.55792277
0.55792277
0.54593875
0.54460719
0.53661784
0.50066578
0.49267643
0.49267643
0.49267643
0.49134487
0.48468708
0.48468708
0.48468708
0.48468708
0.48468708
0.47669774
0.46870839
0.46071904
0.45272969
0.45272969
0.44340879
0.44340879
0.43541944
0.43541944
0.42743009
0.42743009
0.42743009
0.21837550
0.21837550
0.21837550
0.21837550
0.21837550
0.21837550
0.21837550
0.21837550
0.21837550
0.21837550
0.14380826
0.14380826
0.14380826
0.14380826
0.14380826
0.14380826
0.14380826
0.14380826
0.14380826
0.14380826
0.14380826
0.14380826
0.14380826
0.14380826
0.14380826
0.14380826
0.14380826
0.13448735
0.12516644
0.09720373
0.09720373
0.08788282
0.07856192
0.06924101
0.06657790
0.06657790
0.06657790
0.06657790
0.06657790
0.06657790
0.06657790
0.06657790
0.06657790
0.06657790
0.05725699
0.04793609
0.03861518
0.02929427
0.01997337
0.01997337
0.01198402
0.01198402
0.01198402
0.01198402
0.01198402
0.01198402
0.01198402
0.01065246
0.01065246
0.01065246
0.01065246
0.01065246
0.01065246
0.01065246
0.01065246
0.01065246
0.01065246
0.01065246
0.01065246
0.01065246
0.01065246
0.01065246
0.01065246
0.01065246
0.01065246
0.01065246
0.01065246
0.01065246
0.01065246
0.01065246
0.01065246
0.01065246
0.01065246
0.01065246
0.00932091
0.00932091
0.00932091
0.00932091
0.00932091
0.00932091
0.00932091
0.00798935
0.00798935
0.00798935
0.00798935
0.00798935
0.00798935
0.00798935
0.00665779
0.00665779
0.00665779
0.00665779
0.00665779
0.00665779
0.00665779
0.00665779
0.00665779
0.00665779
0.00665779
0.00665779
0.00665779
0.00665779
0.00665779
0.00665779
0.00665779
0.00665779
0.00665779
0.00665779
0.00665779
0.00665779
0.00665779
0.00665779
0.00665779
0.00665779
0.00665779
0.00532623
0.00532623
0.00532623
0.00532623
0.00532623
0.00399467
0.00399467
0.00399467
0.00399467
0.00399467
0.00399467
0.00399467
0.00399467
0.00399467
0.00399467
0.00399467
0.00399467
0.00399467
0.00399467
0.00399467
0.00399467
0.00399467
0.00399467
0.00399467
0.00399467
0.00399467
0.00399467
0.00399467
0.00399467
0.00399467
0.00399467
0.00399467
0.00399467
0.00399467
0.00399467
0.00399467
0.00399467
0.00399467
0.00399467
0.00399467
0.00399467
0.00399467
0.00399467
0.00399467
0.00399467
0.00399467
0.00399467
0.00399467
0.00399467
0.00399467
0.00399467
0.00399467
0.00399467
0.00399467
0.00399467
0.00399467
0.00399467
0.00399467
0.00399467
0.00399467
0.00399467
0.00399467
0.00399467
0.00399467
0.00399467
0.00399467
0.00399467
0.00399467
0.00399467
0.00399467
0.00399467
0.00399467
0.00399467
0.00399467
0.00399467
0.00399467
0.00399467
0.00399467
0.00399467
0.00399467
0.00399467
0.00399467
0.00399467
0.00399467
0.00399467
0.00399467
0.00399467
0.00399467
0.00399467
0.00399467
0.00399467
0.00399467
0.00399467
0.00399467
0.00399467
0.00399467
0.00399467
0.00399467
0.00399467
0.00399467
0.00399467
0.00399467
0.00399467
0.00399467
0.00399467
0.00399467
0.00399467
0.00399467
0.00399467
0.00399467
0.00399467
0.00399467
0.00399467
0.00399467
0.00399467
0.00399467
0.00399467
0.00399467
0.00399467
0.00399467
0.00399467
0.00399467
0.00399467
0.00399467
0.00399467
0.00399467
0.00399467
0.00399467
0.00399467
0.00399467
0.00399467
0.00399467
0.00399467
0.00399467
0.00266312
0.00266312
0.00266312
0.00266312
0.00266312
0.00266312
0.00266312
0.00266312
0.00266312
0.00266312
0.00266312
0.00266312
0.00266312
0.00266312
0.00266312
0.00266312
0.00266312
0.00266312
0.00266312
0.00266312
0.00266312
0.00266312
0.00266312
0.00266312
0.00266312
0.00266312
0.00266312
0.00266312
0.00266312
0.00266312
0.00266312
0.00266312
0.00266312
0.00266312
0.00266312
0.00266312
0.00266312
0.00266312
0.00266312
0.00266312
0.00266312
0.00266312
0.00266312
0.00266312
0.00266312
0.00266312
0.00266312
0.00266312
0.00266312
0.00266312
0.00266312
0.00266312
0.00266312
0.00266312
0.00266312
0.00266312
0.00266312
0.00266312
0.00266312
0.00266312
0.00266312
0.00266312
0.00266312
0.00266312
0.00266312
0.00266312
0.00266312
0.00266312
0.00266312
0.00266312
0.00266312
0.00266312
0.00266312
0.00266312
0.00266312
0.00266312
0.00266312
0.00266312
0.00266312
0.00266312
0.00266312
0.00266312
0.00266312
0.00266312
0.00266312
0.00266312
0.00266312
0.00266312
0.00266312
0.00266312
0.00266312
0.00266312
0.00266312
0.00266312
0.00266312
0.00266312
0.00266312
0.00266312
0.00266312
0.00266312
0.00266312
0.00266312
0.00266312
0.00266312
0.00266312
0.00266312
0.00266312
0.00266312
0.00133156
0.00133156
0.00133156
0.00133156
0.00133156
0.00133156
0.00133156
0.00133156
0.00133156
0.00133156
0.00133156
0.00133156
0.00133156
0.00133156
0.00133156
0.00133156
0.00133156
0.00133156
0.00133156
0.00133156
0.00133156
0.00133156
0.00133156
0.00133156
0.00133156
0.00133156
0.00133156
0.00133156
0.00133156
0.00133156
0.00133156
0.00133156
0.00133156
0.00133156
0.00133156
0.00133156
0.00133156
0.00133156
0.00133156
0.00133156
0.00133156
0.00133156
0.00133156
0.00133156
0.00133156
0.00133156
0.00133156
0.00133156
0.00133156
0.00133156
0.00133156
0.00133156
0.00133156
0.00133156
0.00133156
0.00133156
0.00133156
0.00133156
0.00133156
0.00133156
0.00133156
0.00133156
0.00133156
0.00133156
0.00133156
0.00133156
0.00133156
0.00133156
0.00133156
0.00133156
0.00133156
0.00133156
0.00133156
0.00133156
0.00133156
0.00133156
0.00133156
0.00133156
0.00133156
0.00133156
0.00133156
0.00133156
0.00133156
0.00133156
0.00133156
0.00133156
0.00133156
0.00133156
0.00133156
0.00133156
0.00133156
0.00133156
0.00133156
0.00133156
0.00133156
0.00133156
0.00133156
0.00133156
0.00133156
0.00133156
0.00133156
0.00133156
0.00133156
0.00133156
0.00133156
0.00133156
0.00133156
0.00133156
0.00133156
0.00133156
0.00133156
0.00133156
0.00133156
0.00133156
0.00133156
0.00133156
0.00133156
0.00133156
0.00133156
0.00133156
0.00133156
0.00133156
0.00133156
0.00133156
0.00133156
0.00133156
0.00133156
0.00133156
0.00133156
0.00133156
0.00133156
0.00133156
0.00133156
0.00133156
0.00133156
0.00133156
0.00133156
0.00133156
0.00133156
0.00133156
0.00133156
0.00133156
0.00133156
0.00133156
0.00133156
0.00133156
0.00133156
0.00133156
0.00133156
0.00133156
0.00133156
0.00133156
0.00133156
0.00133156
0.00133156
0.00133156
0.00133156
0.00133156
0.00133156
0.00133156
0.00133156
0.00133156
0.00133156
0.00133156
0.00133156
0.00133156
0.00133156
0.00133156
0.00133156
0.00133156
0.00133156
0.00133156
0.00133156
0.00133156
0.00133156
0.00133156
0.00133156
0.00133156
0.00133156
0.00133156
0.00133156
0.00133156
0.00133156
0.00133156
0.00133156
0.00133156
0.00133156
0.00133156
0.00133156
0.00133156
0.00133156
0.00133156
0.00133156
0.00133156
0.00133156
0.00133156
0.00133156
0.00133156
0.00133156
0.00133156
0.00133156
0.00133156
0.00133156
0.00133156
0.00133156
0.00133156
0.00133156
0.00133156
0.00133156
0.00133156
0.00133156
0.00133156
0.00133156
0.00133156
0.00133156
0.00133156
0.00133156
0.00133156
0.00133156
0.00133156
0.00133156
0.00133156
0.00133156
0.00133156
0.00133156
0.00133156
0.00133156
0.00133156
0.00133156
0.00133156
0.00133156
0.00133156
0.00133156
0.00133156
0.00133156
0.00133156
0.00133156
0.00133156
0.00133156
0.00133156
0.00133156
0.00133156
0.00133156
0.00133156
0.00133156
0.00133156
0.00133156
0.00133156
0.00133156
0.00133156
0.00133156
0.00133156
0.00133156
0.00133156
0.00133156
0.00133156
0.00133156
0.00133156
0.00133156
0.00133156
0.00133156
0.00133156
0.00133156
0.00133156
0.00133156
0.00133156
0.00133156
0.00133156
0.00133156
0.00133156
0.00133156
0.00133156
0.00133156
0.00133156
0.00133156
0.00133156
0.00133156
0.00133156
0.00133156
0.00133156
0.00133156
0.00133156
0.00133156
0.00133156
0.00133156
0.00133156
0.00133156
0.00133156
0.00133156
0.00133156
0.00133156
0.00133156
0.00133156
0.00133156
0.00133156
0.00133156
0.00133156
0.00133156
0.00133156
0.00133156
0.00133156
0.00133156
0.00133156
0.00133156
0.00133156
0.00133156
0.00133156
0.00133156
0.00133156
0.00133156
0.00133156
0.00133156
0.00133156
0.00133156
0.00133156
0.00133156
0.00133156
0.00133156
0.00133156
0.00133156
0.00133156
0.00133156
0.00133156
0.00133156
0.00133156
0.00133156
0.00133156
