1.00000000
0.99000000
0.98833333
0.98666667
0.98500000
0.98333333
0.98166667
0.98000000
0.97833333
0.97666667
0.97500000
0.97333333
0.97166667
0.97000000
0.96833333
0.96666667
0.96500000
0.96333333
0.96166667
0.96000000
0.95833333
0.95666667
0.94833333
0.94666667
0.94500000
0.93666667
0.92833333
0.92000000
0.91166667
0.90333333
0.89500000
0.88666667
0.87833333
0.87000000
0.86166667
0.85333333
0.84500000
0.83666667
0.82833333
0.82000000
0.81166667
0.80333333
0.79500000
0.78666667
0.77833333
0.77000000
0.76166667
0.75333333
0.74500000
0.73666667
0.72833333
0.72000000
0.71166667
0.70333333
0.69500000
0.68666667
0.67833333
0.67000000
0.66166667
0.65333333
0.64500000
0.63666667
0.62833333
0.62000000
0.61166667
0.60333333
0.59500000
0.58666667
0.57833333
0.57000000
0.56166667
0.55833333
0.55000000
0.54833333
0.54000000
0.53833333
0.53666667
0.53500000
0.53333333
0.53000000
0.52833333
0.52500000
0.52333333
0.52166667
0.51333333
0.51166667
0.50333333
0.50166667
0.49333333
0.49166667
0.48833333
0.48500000
0.46333333
0.45500000
0.44666667
0.44500000
0.44333333
0.43833333
0.43500000
0.42666667
0.42333333
0.42000000
0.41166667
0.41000000
0.40666667
0.40500000
0.40500000
0.40500000
0.40166667
0.40000000
0.39666667
0.39500000
0.39333333
0.39166667
0.38833333
0.38333333
0.37666667
0.37333333
0.36833333
0.36666667
0.36500000
0.36333333
0.36000000
0.35500000
0.35000000
0.34833333
0.34666667
0.34333333
0.34166667
0.34000000
0.33666667
0.33000000
0.32833333
0.32333333
0.32166667
0.31833333
0.31500000
0.31333333
0.30833333
0.30666667
0.30333333
0.30166667
0.30000000
0.29166667
0.29000000
0.28833333
0.28333333
0.27500000
0.27333333
0.26500000
0.26166667
0.26000000
0.25666667
0.25166667
0.25000000
0.24833333
0.24666667
0.23666667
0.23500000
0.23000000
0.22833333
0.22666667
0.22333333
0.21833333
0.21666667
0.20666667
0.20500000
0.20000000
0.19833333
0.19666667
0.19500000
0.19166667
0.18166667
0.18000000
0.16333333
0.15000000
0.12666667
0.11833333
0.11333333
0.06833333
0.04500000
0.03333333
0.02666667
0.02666667
0.02666667
0.02666667
0.02666667
0.01333333
0.01333333
0.01333333
0.01333333
0.01333333
0.01333333
0.01333333
0.01166667
0.01166667
0.01000000
0.01000000
0.01000000
0.00833333
0.00833333
0.00833333
0.00833333
0.00833333
0.00833333
0.00666667
0.00666667
0.00666667
0.00666667
0.00666667
0.00666667
0.00666667
0.00666667
0.00666667
0.00666667
0.00666667
0.00666667
0.00666667
0.00666667
0.00666667
0.00666667
0.00666667
0.00666667
0.00666667
0.00666667
0.00666667
0.00666667
0.00666667
0.00666667
0.00666667
0.00666667
0.00666667
0.00666667
0.00666667
0.00666667
0.00666667
0.00666667
0.00666667
0.00666667
0.00666667
0.00666667
0.00666667
0.00666667
0.00666667
0.00666667
0.00666667
0.00666667
0.00666667
0.00666667
0.00666667
0.00666667
0.00666667
0.00666667
0.00666667
0.00666667
0.00666667
0.00666667
0.00666667
0.00666667
0.00666667
0.00666667
0.00666667
0.00666667
0.00666667
0.00666667
0.00666667
0.00666667
0.00666667
0.00666667
0.00666667
0.00666667
0.00666667
0.00666667
0.00666667
0.00666667
0.00666667
0.00666667
0.00666667
0.00666667
0.00666667
0.00666667
0.00666667
0.00666667
0.00666667
0.00666667
0.00666667
0.00666667
0.00666667
0.00666667
0.00666667
0.00666667
0.00666667
0.00666667
0.00666667
0.00666667
0.00666667
0.00666667
0.00666667
0.00666667
0.00500000
0.00500000
0.00500000
0.00500000
0.00500000
0.00500000
0.00500000
0.00500000
0.00500000
0.00333333
0.00333333
0.00333333
0.00333333
0.00333333
0.00333333
0.00333333
0.00333333
0.00333333
0.00333333
0.00333333
0.00333333
0.00333333
0.00333333
0.00333333
0.00333333
0.00333333
0.00333333
0.00333333
0.00333333
0.00333333
0.00333333
0.00333333
0.00333333
0.00333333
0.00333333
0.00333333
0.00333333
0.00333333
0.00333333
0.00333333
0.00333333
0.00333333
0.00333333
0.00333333
0.00333333
0.00333333
0.00333333
0.00333333
0.00333333
0.00333333
0.00333333
0.00333333
0.00333333
0.00333333
0.00333333
0.00333333
0.00333333
0.00333333
0.00333333
0.00333333
0.00333333
0.00333333
0.00333333
0.00333333
0.00333333
0.00333333
0.00333333
0.00333333
0.00333333
0.00333333
0.00333333
0.00333333
0.00333333
0.00333333
0.00333333
0.00333333
0.00333333
0.00333333
0.00333333
0.00333333
0.00333333
0.00333333
0.00333333
0.00333333
0.00333333
0.00333333
0.00333333
0.00333333
0.00333333
0.00333333
0.00333333
0.00333333
0.00333333
0.00333333
0.00333333
0.00333333
0.00333333
0.00333333
0.00166667
0.00166667
0.00166667
0.00166667
0.00166667
0.00166667
0.00166667
0.00166667
0.00166667
0.00166667
0.00166667
0.00166667
0.00166667
0.00166667
0.00166667
0.00166667
0.00166667
0.00166667
0.00166667
0.00166667
0.00166667
0.00166667
0.00166667
0.00166667
0.00166667
0.00166667
0.00166667
0.00166667
0.00166667
0.00166667
0.00166667
0.00166667
0.00166667
0.00166667
0.00166667
0.00166667
0.00166667
0.00166667
0.00166667
0.00166667
0.00166667
0.00166667
0.00166667
0.00166667
0.00166667
0.00166667
0.00166667
0.00166667
0.00166667
0.00166667
0.00166667
0.00166667
0.00166667
0.00166667
0.00166667
0.00166667
0.00166667
0.00166667
0.00166667
0.00166667
0.00166667
0.00166667
0.00166667
0.00166667
0.00166667
0.00166667
0.00166667
0.00166667
0.00166667
0.00166667
0.00166667
0.00166667
0.00166667
0.00166667
0.00166667
0.00166667
0.00166667
0.00166667
0.00166667
0.00166667
0.00166667
0.00166667
0.00166667
0.00166667
0.00166667
0.00166667
0.00166667
0.00166667
0.00166667
0.00166667
0.00166667
0.00166667
0.00166667
0.00166667
0.00166667
0.00166667
0.00166667
0.00166667
0.00166667
0.00166667
0.00166667
0.00166667
0.00166667
0.00166667
0.00166667
0.00166667
0.00166667
0.00166667
0.00166667
0.00166667
0.00166667
0.00166667
0.00166667
0.00166667
0.00166667
0.00166667
0.00166667
0.00166667
0.00166667
0.00166667
0.00166667
0.00166667
0.00166667
0.00166667
0.00166667
0.00166667
0.00166667
0.00166667
0.00166667
0.00166667
0.00166667
0.00166667
0.00166667
0.00166667
0.00166667
0.00166667
0.00166667
0.00166667
0.00166667
0.00166667
0.00166667
0.00166667
0.00166667
0.00166667
0.00166667
0.00166667
0.00166667
0.00166667
0.00166667
0.00166667
0.00166667
0.00166667
0.00166667
0.00166667
0.00166667
0.00166667
0.00166667
0.00166667
0.00166667
0.00166667
0.00166667
0.00166667
0.00166667
0.00166667
0.00166667
0.00166667
0.00166667
0.00166667
0.00166667
0.00166667
0.00166667
0.00166667
0.00166667
0.00166667
0.00166667
0.00166667
0.00166667
0.00166667
0.00166667
0.00166667
0.00166667
0.00166667
0.00166667
0.00166667
0.00166667
0.00166667
0.00166667
0.00166667
0.00166667
0.00166667
0.00166667
0.00166667
0.00166667
0.00166667
0.00166667
0.00166667
0.00166667
0.00166667
0.00166667
0.00166667
0.00166667
0.00166667
0.00166667
