1
49
68
38
300
6
139
13
379
31
60
62
54
42
220
64
421
264
238
35
149
125
2
142
210
108
73
103
118
34
110
80
55
173
92
113
33
46
32
94
122
26
87
86
27
130
317
306
242
228
224
123
16
10
332
135
136
137
155
56
21
323
219
261
8
183
164
171
225
152
161
17
193
25
378
315
312
98
217
107
222
47
243
389
390
249
380
376
375
165
492
202
341
114
115
364
200
285
329
328
175
350
433
353
176
494
485
207
75
74
281
413
206
340
106
388
185
215
308
58
399
12
70
69
227
77
129
189
51
50
150
179
178
345
221
44
65
403
66
469
262
464
463
39
83
259
167
297
169
170
456
448
291
186
292
335
99
100
85
84
273
407
408
23
22
144
276
275
145
404
121
120
182
