0
158
249
5
248
6
9
245
244
10
13
241
240
14
237
17
236
18
21
233
232
22
229
25
228
26
29
225
30
224
221
33
220
34
37
217
216
38
41
213
212
42
45
209
208
46
49
205
204
50
53
201
200
54
197
57
196
58
193
61
192
62
65
189
188
66
185
69
184
70
73
181
180
74
77
177
176
78
81
173
172
82
85
169
168
86
165
89
90
162
161
159
93
155
154
94
97
151
98
150
101
147
146
102
105
143
142
106
109
139
138
110
113
135
134
114
117
131
130
118
121
127
124
126
122
120
166
4
80
108
207
88
60
133
156
171
218
129
137
83
76
191
152
215
182
95
149
164
99
100
51
195
222
111
247
246
72
144
47
115
141
36
123
230
44
210
68
31
234
235
186
92
40
24
198
20
64
227
15
203
175
55
12
238
242
1
104
103
8
28
179
