226
187
180
174
119
159
5
120
28
45
34
40
92
86
88
91
12
85
98
179
95
35
100
101
181
106
109
108
16
167
178
54
175
177
173
107
169
168
42
194
114
163
113
111
118
87
27
232
233
234
208
21
17
197
23
195
25
68
49
24
10
14
19
33
18
37
39
31
15
3
47
46
1
51
2
4
67
144
166
59
201
239
96
245
246
235
84
41
153
190
243
191
121
186
117
76
206
72
158
207
211
203
202
134
80
215
214
82
217
79
219
161
162
220
156
9
154
71
89
73
74
70
65
151
152
60
61
57
222
223
227
136
228
225
139
64
133
140
143
132
128
148
147
126
131
129
231
242
146
238
216
213
182
184
192
189
124
172
138
164
66
30
7
6
249
224
75
196
56
149
94
198
229
43
127
209
199
50
81
247
102
103
205
