84
83
59
88
124
89
92
126
93
125
273
9
271
99
276
263
100
96
104
151
120
197
194
105
190
200
115
201
205
189
193
267
264
269
144
208
24
87
209
168
160
278
65
157
185
78
153
150
181
75
161
19
138
72
167
166
140
143
135
170
147
282
114
119
281
109
172
110
213
57
228
215
218
43
216
175
294
51
219
297
56
61
177
222
62
232
52
223
235
253
136
31
257
49
129
128
252
249
286
48
299
45
0
291
289
5
14
238
8
230
6
241
13
229
18
242
17
246
28
25
245
42
30
64
34
38
36
70
69
186
132
134
12
11
10
35
37
146
290
288
292
158
76
77
254
251
139
233
212
206
227
71
179
1
199
244
122
296
298
173
21
101
169
211
112
149
95
231
293
285
236
191
63
195
279
280
259
275
277
270
50
247
248
82
85
81
162
187
188
46
33
268
272
266
220
261
262
256
240
239
116
182
183
26
154
152
40
142
145
113
107
106
66
58
54
16
91
