149
151
180
290
294
152
195
317
272
298
314
316
297
18
10
17
14
302
22
287
303
9
28
15
285
8
182
233
0
13
260
179
322
168
174
177
33
190
172
102
145
191
70
32
169
337
193
166
68
111
163
167
160
338
155
156
79
35
197
73
342
200
34
344
122
85
123
126
90
129
91
38
42
94
346
41
132
97
98
101
46
47
105
348
242
266
106
86
109
108
81
80
56
333
230
72
234
206
50
204
207
115
71
245
306
244
135
119
219
240
120
25
221
239
143
330
26
54
226
138
142
139
270
268
276
146
278
57
61
280
159
248
282
283
64
65
210
215
214
213
212
252
328
313
325
311
253
262
256
263
259
53
261
78
134
133
310
40
326
340
229
51
7
1
11
59
184
128
93
95
222
255
277
186
66
148
144
345
319
37
274
308
27
103
323
321
246
20
332
202
110
194
250
209
217
349
121
117
343
341
198
137
296
88
335
336
299
305
334
304
292
293
130
125
158
157
235
165
164
289
288
188
281
286
237
265
267
227
243
241
74
231
232
49
189
176
113
87
82
83
153
154
75
2
44
4
63
62
171
