40
98
81
14
82
200
3
55
116
17
232
47
59
48
142
39
199
49
38
204
126
184
222
160
118
127
155
6
86
54
97
151
71
225
152
182
205
245
176
44
79
162
75
34
238
241
22
194
230
10
109
106
148
43
183
202
60
9
138
229
41
35
161
195
219
80
208
37
15
124
144
198
191
179
243
1
57
206
104
63
58
13
83
18
115
117
140
0
4
250
233
64
87
187
102
244
129
248
190
153
214
170
211
209
150
158
203
167
101
201
53
19
36
20
25
46
61
65
70
111
99
217
227
228
85
224
145
123
177
178
149
21
207
134
216
186
110
119
90
95
133
130
24
16
33
239
76
212
175
165
100
192
157
2
235
188
197
146
23
52
210
32
29
221
174
5
220
51
246
50
218
72
94
89
237
163
143
240
236
132
31
247
45
164
128
141
112
173
180
213
26
169
168
166
131
114
107
135
139
27
93
88
68
77
78
62
196
189
73
172
185
181
84
66
231
226
69
171
12
74
147
249
156
122
11
56
