146
89
79
117
6
140
18
41
21
141
88
120
42
26
90
46
64
105
204
15
121
59
74
76
167
60
211
23
164
87
232
3
179
107
242
238
241
77
32
45
31
28
195
193
17
19
92
173
177
234
67
116
36
39
78
14
128
239
20
70
30
208
106
235
94
231
10
218
191
144
119
25
33
154
147
246
198
222
5
209
202
176
217
69
149
72
174
220
61
130
38
118
124
175
163
84
178
153
158
215
152
126
12
93
183
162
150
229
213
165
151
102
108
139
249
221
71
225
248
228
16
194
24
8
22
2
157
100
190
98
143
169
243
200
132
166
192
197
187
185
237
205
182
54
73
172
123
96
160
180
50
53
156
40
44
83
122
51
13
11
171
206
57
203
188
199
82
137
214
161
136
101
112
138
99
240
85
133
201
109
127
210
216
212
4
125
0
1
43
29
68
86
115
63
62
34
35
135
65
81
196
80
227
95
223
155
103
91
110
230
52
66
104
233
134
245
181
224
247
114
48
236
113
49
145
37
142
97
