264
208
231
211
218
232
235
267
111
133
270
227
271
236
238
151
273
221
55
241
276
80
277
61
260
280
64
110
9
257
66
281
200
30
314
284
318
69
74
0
70
319
322
73
247
285
75
323
325
77
243
301
90
193
199
31
128
288
203
79
83
327
206
194
207
84
190
38
134
189
138
140
186
142
168
145
184
156
86
212
150
152
216
146
304
224
157
167
10
226
40
307
3
2
41
254
149
298
250
244
22
297
253
52
296
51
292
329
132
332
48
127
44
45
46
126
333
17
259
162
120
309
63
117
312
336
24
112
113
104
93
26
32
183
16
180
141
18
166
339
97
101
100
59
342
178
172
175
345
177
346
344
21
338
337
91
198
196
195
173
105
103
349
293
294
204
286
225
58
124
123
316
268
49
341
283
159
35
246
239
87
54
229
310
300
263
67
163
94
60
213
7
118
251
11
174
242
130
347
348
99
334
335
119
331
330
158
328
326
255
217
228
258
78
234
321
324
313
96
278
279
148
274
275
192
223
265
136
220
219
153
201
202
62
188
20
116
185
137
139
109
42
81
182
181
179
170
169
143
65
27
71
