177
2
166
120
39
105
227
16
171
160
11
5
245
210
110
24
42
235
124
94
84
60
100
149
205
79
190
28
47
66
195
223
35
116
75
128
215
219
240
231
186
153
202
201
142
141
136
135
63
180
91
163
57
174
50
69
113
8
86
102
193
242
212
169
30
156
146
81
207
19
96
14
130
107
0
37
126
33
233
73
118
238
26
184
217
77
197
122
225
45
229
151
221
188
214
68
112
243
154
178
93
58
200
52
109
247
148
182
192
71
167
164
87
65
144
31
41
161
82
90
139
138
208
209
203
204
49
97
17
114
176
175
133
132
159
158
13
62
21
3
10
55
172
173
104
103
6
