146
186
147
176
0
91
183
79
190
192
196
195
224
199
127
201
83
35
81
88
89
54
75
138
70
134
78
130
92
9
1
139
142
135
10
158
154
162
14
220
165
17
60
22
23
168
159
151
150
169
129
173
184
172
115
180
114
98
109
29
206
32
72
97
27
226
106
34
37
110
38
229
117
230
120
42
179
103
101
121
102
124
128
125
143
43
46
235
49
236
53
239
59
50
242
244
243
63
62
248
66
249
71
215
213
214
218
16
198
30
84
188
211
204
82
55
107
136
67
65
137
99
221
227
246
13
41
113
74
51
216
45
238
237
250
94
193
202
181
177
118
90
194
223
39
33
77
28
132
153
156
61
231
209
145
93
234
210
187
164
18
171
200
104
141
140
174
175
8
2
123
122
149
148
166
