209
89
208
212
85
90
259
6
256
260
255
93
263
215
94
264
97
216
98
219
251
252
250
248
245
101
220
102
143
243
105
267
9
268
5
106
185
109
159
112
142
162
82
333
165
115
168
336
346
139
156
155
136
118
152
134
119
122
343
337
340
349
182
2
0
16
222
81
146
78
225
125
75
35
77
226
128
324
131
171
229
329
21
173
176
230
332
233
270
148
237
234
149
240
326
327
188
61
323
299
189
320
192
204
319
316
203
193
312
196
314
307
197
200
179
272
300
72
275
295
296
292
71
68
277
304
25
28
13
12
22
67
31
287
288
34
280
284
38
281
283
41
17
64
58
20
60
42
55
44
52
47
54
48
50
49
129
130
127
177
178
311
138
341
239
166
37
199
271
63
305
32
317
145
347
293
24
223
3
57
45
121
116
108
74
110
174
261
124
103
266
265
205
157
92
202
154
232
100
88
86
273
84
83
338
191
301
170
65
298
194
80
79
187
342
186
95
289
290
308
141
70
53
167
321
150
39
40
184
210
211
218
161
213
258
246
330
27
334
247
181
133
132
135
286
285
254
253
15
242
19
113
238
236
279
11
227
7
