37
122
119
41
129
123
42
126
165
45
46
130
133
162
159
134
155
219
137
168
138
167
142
48
64
143
220
51
52
171
55
174
116
175
179
79
82
59
78
182
185
58
85
61
207
65
67
186
75
204
210
72
0
211
3
71
9
23
6
12
189
146
190
201
223
199
216
32
113
214
18
149
152
87
239
106
109
91
112
226
227
15
244
249
241
230
194
238
193
231
234
197
235
19
22
24
31
105
28
27
102
94
97
95
100
99
150
151
16
8
247
248
117
215
125
127
202
176
92
34
208
206
158
103
172
74
147
196
224
154
49
183
68
38
139
62
218
107
84
228
44
221
86
188
30
89
115
232
136
120
243
240
180
33
166
57
132
110
191
192
20
53
2
4
236
80
5
7
161
14
10
