121
40
77
102
181
24
111
58
129
176
112
20
209
164
236
207
182
204
47
166
67
190
54
198
163
239
45
29
43
31
61
240
210
44
227
32
229
70
87
232
78
12
88
93
214
94
100
152
34
243
193
14
5
147
53
224
174
90
177
161
141
191
179
30
17
73
140
99
136
18
6
127
122
50
146
117
149
144
71
35
158
230
184
247
9
246
173
169
234
212
115
92
225
195
199
203
219
218
3
10
160
187
128
91
213
25
75
106
233
202
51
170
72
118
26
65
96
197
36
19
22
154
119
145
38
63
155
153
156
2
107
125
116
76
171
183
21
235
64
150
244
165
217
62
238
57
82
241
208
48
33
226
56
228
59
27
105
39
85
11
41
0
42
137
97
84
86
185
134
101
223
104
200
60
103
130
120
211
188
248
231
66
201
205
194
83
220
222
109
245
133
1
148
221
135
139
143
162
80
69
124
49
249
216
192
206
95
28
157
89
175
52
151
16
108
123
8
4
180
