75
196
243
72
188
244
185
78
79
184
44
191
134
236
181
130
67
131
235
68
71
63
54
232
135
57
126
58
62
53
200
138
39
33
141
36
40
43
32
194
29
24
27
83
46
82
50
220
173
223
225
174
169
125
217
150
229
86
87
122
121
90
144
168
165
147
162
149
153
159
158
157
214
118
117
248
178
249
2
177
3
91
94
21
97
18
112
100
114
115
109
201
108
204
101
205
104
105
208
213
211
210
15
6
14
9
12
13
154
231
192
193
23
25
228
37
49
95
8
7
137
129
246
240
222
166
161
84
239
111
172
76
59
17
142
207
30
65
146
176
0
106
124
202
41
81
102
216
233
234
199
195
186
51
133
45
189
22
180
179
56
89
35
69
183
182
98
99
92
152
120
