128
129
242
47
437
238
438
83
245
434
246
50
132
79
442
51
489
443
133
483
487
486
488
250
135
265
385
138
492
253
254
139
493
303
266
269
261
257
142
304
168
458
307
260
143
146
299
497
195
272
147
187
273
498
170
276
150
460
63
346
151
456
461
349
95
463
344
311
298
92
154
178
88
295
64
155
59
85
175
89
466
366
373
158
58
369
467
376
453
68
54
361
372
430
378
53
55
433
381
294
382
470
291
279
427
424
111
426
232
329
229
365
282
123
328
325
226
362
283
360
357
122
446
332
290
286
287
119
118
335
336
114
115
447
76
450
73
75
339
108
69
235
107
70
43
234
3
25
42
340
343
2
7
22
182
28
11
181
180
322
13
31
184
185
320
317
32
189
6
39
161
192
35
36
481
418
479
480
198
165
387
202
421
200
353
356
313
417
209
401
394
17
414
98
204
16
208
207
99
18
103
390
212
411
413
408
102
104
391
393
213
397
398
474
404
405
216
475
473
223
220
219
222
217
82
162
164
163
193
21
452
451
174
173
26
270
268
38
40
258
110
400
402
197
196
188
231
230
190
420
429
431
8
10
494
0
78
86
136
157
61
323
251
262
464
318
275
314
280
471
410
375
347
388
333
301
350
48
348
302
288
415
112
113
337
396
140
141
284
395
90
422
225
224
105
367
354
144
145
355
172
171
435
436
439
169
327
326
74
72
57
131
310
444
445
176
449
305
236
237
215
101
100
201
97
484
482
297
457
296
211
407
342
341
94
149
247
364
363
244
120
23
24
293
292
371
27
477
29
476
384
125
124
454
240
491
490
127
153
66
255
44
45
358
359
380
20
19
116
117
205
15
14
4
