47
15
71
74
68
77
72
65
62
78
81
61
58
82
85
57
54
86
51
89
90
49
93
46
43
9
40
94
39
97
36
10
14
35
32
18
19
31
28
22
25
100
101
104
107
142
139
143
136
146
108
147
112
150
135
151
132
154
113
155
158
116
117
131
128
120
121
159
125
124
162
163
166
167
170
171
174
173
176
177
180
181
184
185
188
189
192
193
196
197
200
201
204
205
208
209
212
213
216
217
220
219
5
222
0
223
2
226
248
227
230
247
244
110
241
233
239
234
237
236
24
26
53
52
243
245
67
96
129
127
48
21
105
16
29
3
240
42
249
179
190
92
207
199
232
231
111
37
69
98
137
215
211
59
160
156
79
187
134
153
75
202
182
169
148
63
228
56
34
164
194
195
225
224
118
115
145
123
141
140
221
88
84
