166
167
448
237
453
451
454
170
241
219
59
242
457
171
173
458
245
176
233
460
175
234
246
232
229
156
179
249
226
498
147
250
225
223
499
220
495
143
146
2
494
189
150
216
5
192
6
491
153
93
155
490
194
188
92
89
96
36
286
215
289
97
33
487
88
102
32
292
486
85
101
483
185
29
293
27
482
182
105
296
338
431
106
299
479
348
109
342
339
302
303
345
110
335
464
349
465
306
113
334
309
257
352
114
311
354
254
253
159
117
160
276
161
355
314
327
279
317
270
434
273
283
437
318
275
83
72
267
476
428
82
69
197
266
427
79
200
198
66
140
444
204
424
75
263
388
260
391
443
359
440
387
393
360
323
322
473
363
384
328
331
407
472
364
207
469
210
367
402
9
24
213
214
370
40
43
415
41
23
373
20
46
418
12
403
406
421
414
13
398
411
410
397
396
395
17
16
374
47
139
136
50
377
383
63
380
62
60
133
51
120
130
54
56
132
127
123
126
122
121
98
100
99
261
259
420
422
379
378
74
468
184
477
55
208
344
151
356
149
343
461
295
135
201
203
310
65
21
330
19
282
281
430
264
269
325
417
116
256
441
400
228
38
80
238
425
30
86
222
321
305
390
3
71
351
10
8
11
337
409
287
112
413
412
405
142
333
218
217
124
91
137
347
131
346
315
193
195
196
205
385
164
163
162
365
274
103
95
94
313
278
492
236
445
68
382
209
211
433
158
77
154
76
438
301
362
243
44
45
168
34
298
35
187
186
470
376
471
183
181
172
358
25
26
475
489
497
496
488
478
371
291
456
455
48
485
449
484
450
452
57
177
178
108
58
252
52
251
248
247
15
14
369
