177
81
118
42
68
70
112
243
35
27
20
233
99
101
0
158
185
220
78
60
181
54
162
165
31
89
201
210
239
190
123
169
206
149
11
136
74
197
50
7
229
64
85
247
23
105
119
120
213
92
115
142
57
38
236
133
174
223
187
44
109
155
128
203
14
13
218
146
151
18
245
179
62
183
103
40
241
72
125
52
231
167
33
199
83
29
208
48
227
76
97
66
195
160
2
25
138
192
5
9
87
86
249
163
234
235
141
204
114
217
214
173
110
156
80
59
55
22
134
222
237
238
225
211
148
175
93
107
189
45
153
152
129
36
17
90
143
171
122
121
131
132
117
