12
28
188
104
55
138
185
160
235
60
222
243
111
197
88
27
175
248
107
204
37
216
237
87
147
157
17
53
84
65
238
241
225
13
232
186
171
34
115
196
245
32
219
213
41
46
6
158
180
26
1
14
201
162
76
64
233
24
226
203
31
200
51
96
108
127
229
124
191
9
63
48
136
173
23
189
125
114
129
144
126
195
25
192
29
190
172
208
44
176
194
79
119
139
59
182
210
102
211
68
148
217
112
98
116
223
177
154
101
94
240
120
242
128
164
174
137
103
8
135
77
145
146
153
163
62
50
133
47
85
49
110
72
38
74
22
231
149
123
220
198
54
221
179
69
80
159
7
45
83
71
70
81
82
202
58
230
95
90
97
244
19
227
228
246
247
18
15
16
4
3
5
2
249
35
43
109
170
218
239
132
151
100
56
130
169
20
161
33
214
205
93
141
140
234
236
78
155
166
