205
13
10
16
19
210
5
187
67
6
191
2
188
190
183
184
0
180
177
197
176
175
196
195
201
202
114
90
22
60
232
48
150
46
43
212
42
213
216
26
130
102
39
233
38
229
35
220
219
32
225
226
138
127
126
139
237
143
135
28
29
122
117
132
118
173
170
121
146
167
57
147
240
164
82
163
241
160
244
56
247
106
72
107
71
69
75
52
63
111
64
101
151
159
154
156
86
78
79
81
87
89
92
95
99
98
49
51
55
54
113
112
245
246
236
123
155
153
133
76
223
36
179
181
15
61
198
84
166
204
171
3
66
96
228
25
110
8
104
103
124
148
137
91
194
186
249
222
40
115
20
230
243
242
131
33
215
218
239
238
209
157
162
161
12
145
45
44
73
31
141
59
120
119
208
