111
199
99
112
94
115
100
118
75
103
104
121
107
108
122
196
193
202
203
192
206
126
207
125
184
129
130
185
188
133
21
134
137
237
138
211
214
45
191
217
141
91
143
89
146
46
49
42
149
41
148
152
155
38
35
178
181
156
159
177
162
32
29
74
78
166
174
71
26
173
23
24
169
170
88
18
17
86
83
14
80
81
54
221
223
51
55
227
230
70
59
67
62
65
58
233
234
13
10
238
241
9
6
242
3
245
0
246
249
248
163
218
212
5
226
140
39
180
68
93
114
116
158
20
195
52
28
231
153
167
96
200
220
33
124
110
239
240
73
87
144
63
44
204
182
176
216
102
84
77
56
145
136
120
210
171
36
106
244
243
66
128
190
213
131
132
187
235
2
4
16
92
8
47
11
