12
10
124
121
70
43
179
202
153
226
213
243
109
61
198
197
141
136
140
203
204
101
144
135
146
134
4
139
131
132
145
147
127
129
40
125
149
119
120
151
240
155
154
156
115
114
110
47
90
108
45
105
41
107
103
46
82
102
39
75
35
97
96
98
34
38
33
92
91
93
29
28
30
244
239
247
249
238
0
1
5
6
8
9
14
231
235
16
234
236
230
18
165
20
21
227
225
24
222
25
220
86
87
88
218
196
83
216
81
217
192
194
191
212
214
171
77
208
76
79
209
71
72
205
211
52
49
48
53
54
58
66
67
56
190
62
60
187
185
186
181
183
178
160
159
161
164
166
170
174
173
176
169
245
65
229
118
207
68
157
80
150
219
32
241
224
74
99
55
26
189
200
177
180
130
167
84
2
17
184
123
122
15
13
113
