29
50
53
51
55
32
36
33
40
37
46
195
180
75
191
74
80
73
82
190
6
86
87
188
15
19
1
95
3
150
10
149
11
144
12
17
164
93
105
153
159
44
91
138
23
146
242
20
24
94
137
246
134
68
97
133
67
207
47
125
62
117
48
202
174
58
59
213
63
241
196
244
201
224
102
234
89
103
156
154
232
157
99
229
175
169
172
176
179
214
222
116
217
71
218
110
111
113
181
221
54
124
128
129
120
122
98
100
236
16
163
198
4
142
249
248
28
152
210
209
168
170
243
238
225
107
165
81
184
119
60
186
25
204
45
21
160
161
0
84
139
114
136
220
194
31
39
223
66
226
132
151
65
38
183
200
145
148
96
173
177
14
127
78
8
197
230
