119
121
81
69
125
213
209
214
28
217
156
218
221
128
129
222
225
206
227
226
230
158
152
101
233
151
35
236
237
34
26
29
25
163
20
21
165
16
138
168
169
15
171
38
54
37
41
174
42
175
46
179
47
50
55
117
182
59
60
183
63
64
202
204
200
68
197
199
239
72
24
76
242
79
80
243
84
185
85
186
88
194
135
132
136
91
92
192
96
189
100
188
147
104
105
6
107
142
108
143
146
148
247
111
248
249
0
112
115
1
17
116
12
7
9
10
66
67
164
193
231
134
49
51
89
87
77
207
70
13
149
95
245
240
154
201
126
33
102
5
234
235
124
83
139
57
43
32
195
219
40
172
27
166
215
223
23
22
228
229
191
52
131
109
160
113
187
212
180
177
75
2
145
144
56
19
62
