30
319
208
20
66
241
187
160
85
332
169
49
11
98
96
8
44
111
362
91
92
72
251
220
93
89
90
180
144
240
84
148
54
83
86
88
313
309
143
140
147
136
145
307
306
137
135
133
150
311
310
56
317
32
69
315
129
322
390
158
130
128
256
132
323
125
260
19
124
119
101
126
304
115
305
117
301
302
326
155
154
123
327
156
16
114
329
328
161
333
331
334
316
79
38
393
337
80
300
78
294
263
73
296
71
295
291
292
287
207
394
288
286
396
336
341
293
352
353
122
127
281
284
398
279
377
278
267
283
6
324
18
355
361
4
23
179
340
2
141
230
27
342
236
343
28
367
365
149
51
25
351
209
24
356
17
12
345
138
13
5
369
349
108
3
347
7
366
186
59
273
87
372
190
232
231
374
375
376
239
65
62
237
235
53
60
52
173
170
178
167
168
177
174
162
164
175
185
183
70
194
191
270
269
198
262
272
265
199
259
258
255
253
153
257
250
43
249
246
252
244
247
243
184
389
392
391
387
386
385
388
224
50
45
94
382
381
383
42
213
37
277
275
226
116
39
40
15
31
34
227
36
228
225
229
172
219
221
222
110
109
113
112
106
104
102
215
214
105
216
210
212
201
200
202
204
206
205
203
76
348
121
318
274
197
103
346
276
0
74
159
335
152
134
371
370
378
379
188
264
57
373
181
312
320
26
339
321
81
166
360
82
100
99
282
68
357
358
299
354
196
195
218
