290
256
236
291
98
293
296
295
210
299
207
261
219
204
300
259
316
303
338
304
216
307
213
222
129
167
223
264
308
226
148
214
227
150
230
151
231
233
271
101
309
166
102
171
163
162
172
105
158
159
175
155
176
94
154
41
93
252
90
106
255
248
109
245
110
89
86
179
58
83
180
85
80
183
55
52
59
184
187
75
13
14
332
275
276
10
115
279
113
267
282
270
7
4
285
6
128
335
190
191
333
339
194
132
118
49
133
197
136
46
315
43
42
140
239
198
200
203
242
38
317
35
311
34
313
62
122
320
31
123
327
321
330
143
125
324
325
142
145
146
72
69
71
342
65
28
343
66
68
346
17
27
347
24
0
1
20
18
19
241
243
23
250
137
48
116
220
328
283
284
54
11
9
274
120
278
78
30
63
126
96
201
169
312
37
336
265
134
195
174
164
165
99
131
294
349
81
229
302
232
288
161
141
74
189
344
188
57
138
225
218
240
238
112
322
249
305
209
211
108
269
251
260
329
186
340
341
25
92
157
156
244
152
153
318
319
208
182
297
298
47
51
22
178
177
2
88
16
15
104
254
