240
0
32
170
163
56
87
18
115
197
307
192
217
108
213
121
124
276
48
72
70
308
255
114
94
136
22
268
28
299
300
297
298
81
302
294
303
295
293
286
165
1
55
33
292
109
154
156
137
312
311
289
315
314
79
318
6
319
287
285
242
264
349
66
2
348
71
321
80
78
228
75
84
64
86
63
67
68
57
60
54
337
9
230
92
322
91
144
247
336
325
333
93
339
338
138
140
142
98
341
146
103
148
149
342
248
99
104
106
153
139
155
330
107
329
112
327
113
326
162
159
164
158
131
343
119
120
275
127
208
130
126
53
141
59
173
344
250
30
249
252
256
257
347
345
160
207
77
171
169
100
262
198
263
267
266
269
193
49
191
199
19
47
271
17
273
214
274
196
279
44
280
283
282
210
42
188
189
161
43
35
41
206
216
203
215
205
202
89
184
185
245
183
244
182
177
118
117
178
179
168
239
11
27
241
82
8
12
26
36
15
20
25
235
229
236
232
51
234
69
111
90
222
223
225
221
58
101
218
219
220
16
13
21
309
304
151
174
125
123
340
335
317
110
34
291
331
332
52
323
324
258
316
310
175
284
301
201
96
278
133
238
237
181
226
227
46
195
212
134
24
29
31
3
5
167
