217
108
52
5
152
21
56
136
36
29
203
200
202
33
207
198
196
32
26
83
227
112
230
44
119
68
110
226
89
107
103
191
98
233
63
24
66
60
53
236
42
238
34
35
27
239
164
225
43
222
161
221
165
163
208
77
149
151
145
96
135
214
209
142
79
23
247
235
234
18
246
168
177
183
182
178
118
185
10
181
0
130
15
133
132
8
86
90
199
215
78
175
75
41
11
2
190
188
93
95
139
141
179
101
241
121
218
220
55
69
13
14
71
50
54
94
70
47
171
172
170
125
167
166
37
157
160
159
156
144
150
154
39
46
22
105
38
28
17
40
12
219
1
3
228
216
129
213
229
64
201
212
189
180
193
232
211
197
240
109
67
120
81
122
123
186
192
111
116
115
195
194
124
128
31
134
138
137
250
243
242
249
176
7
148
146
143
51
104
102
59
99
84
91
72
74
82
80
206
57
106
25
131
117
184
49
20
223
114
58
126
248
9
173
245
244
205
