65
188
202
61
191
58
55
57
192
62
195
69
70
198
201
199
146
205
208
206
211
48
212
214
42
218
221
185
224
37
182
36
179
39
225
227
230
124
231
127
234
45
46
128
131
54
51
33
31
134
176
137
140
172
177
141
144
171
237
168
147
238
150
165
162
104
154
241
242
157
246
245
75
72
78
107
103
87
28
160
21
90
24
84
81
82
20
91
94
110
249
100
97
17
14
111
114
10
6
9
115
2
3
119
120
121
152
151
166
99
216
15
25
158
50
49
0
196
130
233
138
136
183
181
86
85
118
169
76
228
68
189
219
43
96
123
143
12
175
174
71
222
161
34
27
125
194
38
215
101
89
248
244
243
239
235
23
22
133
113
209
210
92
155
163
164
148
52
64
16
109
203
106
105
60
59
4
