200
108
196
110
202
120
161
109
77
205
30
136
131
5
140
1
124
2
6
84
143
144
234
52
86
236
239
231
216
32
166
28
36
25
42
38
41
241
243
90
174
67
92
229
228
95
187
247
246
245
147
63
19
225
148
20
29
16
210
15
10
12
212
82
152
213
44
193
47
96
46
81
68
115
113
51
114
190
188
118
123
55
128
56
129
132
155
156
160
223
164
221
219
59
185
62
182
69
181
73
178
179
172
76
78
169
168
98
215
61
192
127
34
33
249
72
162
218
80
83
119
117
237
53
18
106
175
58
224
208
184
66
24
233
206
3
43
89
203
11
242
240
227
226
37
220
134
154
101
157
100
149
112
102
130
94
195
199
137
75
189
165
142
23
126
125
8
14
171
