450
416
159
154
417
33
149
160
451
420
155
421
161
396
70
166
425
441
481
377
96
480
426
440
171
437
172
317
483
107
175
447
429
137
436
133
178
354
433
364
118
363
138
246
179
249
143
367
248
358
90
368
252
369
182
253
372
194
111
266
148
146
342
373
256
376
74
485
255
316
77
245
279
259
260
181
281
43
69
308
75
265
73
267
55
284
64
272
463
22
62
60
398
206
311
134
312
234
275
313
278
293
231
56
460
54
280
422
458
453
338
109
288
205
51
292
48
320
291
349
42
298
347
323
230
105
203
297
227
39
303
302
37
305
210
93
345
226
324
239
213
86
327
83
341
240
150
120
82
34
195
91
85
198
223
110
218
131
14
401
380
102
103
191
331
219
98
489
99
16
379
467
38
492
412
470
30
31
476
385
473
243
411
27
395
129
408
392
24
493
405
21
128
190
115
402
116
187
186
119
125
124
18
388
334
389
335
13
391
337
10
496
499
0
497
4
7
5
2
8
471
472
474
212
469
49
50
162
163
242
17
434
400
285
222
26
28
25
328
92
350
455
407
409
144
383
108
113
332
330
404
477
276
414
356
59
399
461
215
318
307
309
365
351
487
465
207
202
65
274
393
387
386
164
165
498
495
339
121
122
295
236
235
415
233
94
423
106
419
418
491
490
183
432
151
457
468
289
100
101
142
156
158
375
374
439
216
220
221
427
140
360
177
176
174
371
442
76
443
445
321
130
357
132
88
153
52
200
300
299
136
225
346
228
229
271
36
167
127
40
448
449
287
84
170
435
430
204
169
44
258
72
71
189
188
35
192
32
326
343
254
20
80
15
264
250
11
