18
75
106
76
112
34
160
40
70
157
99
77
5
179
27
146
48
166
110
204
31
16
115
8
161
39
123
219
230
81
107
105
111
33
150
49
79
72
60
216
237
19
167
127
83
126
118
117
203
13
4
87
139
169
98
147
47
182
25
170
122
125
231
56
214
149
80
74
185
201
66
225
20
6
162
164
232
186
223
44
144
71
141
199
124
46
116
212
138
12
69
208
245
246
196
239
128
97
148
85
45
233
143
38
11
121
54
200
202
207
206
163
205
193
198
65
30
241
59
84
63
67
156
174
222
240
154
168
24
155
68
88
100
90
109
23
42
1
17
2
21
0
41
131
55
108
194
218
235
234
129
103
249
82
165
188
137
183
50
32
238
104
209
89
248
243
37
215
159
142
213
120
93
153
228
224
62
227
211
236
191
130
96
189
244
43
173
28
250
242
178
14
3
7
29
26
22
15
52
51
78
57
91
140
145
158
133
175
73
171
187
181
176
192
172
184
135
119
132
134
114
35
94
102
229
247
226
221
217
53
190
152
