100
78
75
125
226
50
2
99
511
553
571
559
4
549
547
583
602
601
542
527
517
25
625
627
619
18
589
613
595
598
577
580
565
607
108
71
26
17
126
105
106
107
14
110
74
73
109
51
65
27
121
122
123
119
120
124
111
113
114
66
7
115
63
64
67
68
116
70
69
81
97
96
23
19
98
82
95
86
79
80
85
118
117
94
22
93
92
91
90
89
88
87
83
84
41
43
574
72
76
77
530
540
585
584
104
101
102
103
621
144
218
266
509
622
28
225
562
545
556
520
524
592
514
616
533
537
568
610
11
567
569
24
1
3
605
604
161
176
192
163
164
165
166
167
183
151
152
153
154
155
174
133
134
135
136
137
243
216
215
214
213
212
156
208
207
206
205
204
146
200
201
202
203
145
138
182
184
185
186
187
629
129
175
177
178
179
157
587
236
235
147
148
195
139
224
227
228
229
209
160
162
128
252
251
140
180
230
231
232
233
172
196
244
245
246
130
239
238
29
30
237
234
143
219
217
142
169
211
241
127
199
198
197
194
159
193
551
168
150
221
170
249
248
247
242
141
20
250
173
240
21
158
171
149
253
16
15
181
131
223
222
220
210
188
191
190
189
381
379
384
624
623
617
618
539
541
515
599
597
560
594
593
614
615
554
555
557
558
582
510
265
563
564
132
611
609
608
612
521
522
579
575
576
578
591
590
534
528
529
55
531
532
13
526
573
519
518
535
512
513
5
544
