11
17
22
14
18
26
21
3
13
16
15
20
2
4
25
19
282
237
80
299
96
63
69
135
243
225
222
201
207
231
292
291
99
123
261
273
249
267
255
105
111
117
287
285
93
279
151
146
181
179
180
163
166
165
216
158
157
176
92
175
184
134
85
190
189
191
200
199
198
301
302
297
148
187
276
126
89
270
252
82
143
131
246
114
108
234
204
66
219
258
102
138
228
210
72
213
160
120
77
264
240
265
294
168
173
154
155
193
289
29
28
196
30
27
177
24
23
280
295
283
0
109
110
186
229
98
232
227
141
91
107
224
241
139
183
203
137
88
300
272
244
115
64
133
247
205
81
211
84
121
170
73
235
103
71
112
254
119
124
162
130
263
257
260
259
220
278
277
76
78
215
159
172
209
67
268
127
251
100
239
94
274
95
12
152
150
217
145
