686
641
921
946
776
100
646
861
1006
586
781
666
977
856
556
63
64
806
896
901
771
907
96
911
656
731
101
90
576
102
245
681
766
876
511
851
761
746
866
85
967
836
846
956
891
796
801
971
811
786
521
80
961
936
826
617
124
726
696
631
105
517
209
561
77
791
581
110
671
941
931
742
89
757
886
230
125
736
706
817
637
10
88
751
701
951
531
536
716
831
691
626
566
821
981
991
216
721
916
509
871
872
1002
926
5
996
652
526
248
165
30
6
661
606
841
140
183
541
711
188
32
986
987
571
546
98
592
60
57
881
36
551
596
597
601
621
622
602
23
78
35
232
614
51
612
26
25
227
46
611
677
676
108
87
114
79
86
27
92
58
9
40
111
112
3
49
84
68
95
81
16
34
83
37
67
119
927
242
395
59
214
143
208
131
184
153
718
196
627
628
713
712
253
109
843
310
150
244
152
693
993
708
133
141
549
753
997
955
884
919
879
724
118
117
116
334
73
99
72
94
463
252
151
231
160
311
314
782
355
785
247
195
966
738
932
983
213
976
215
1001
228
816
522
703
113
819
523
702
704
525
207
210
241
192
191
243
187
246
149
142
144
139
134
132
0
583
798
797
587
793
802
942
943
558
607
947
948
557
553
608
912
563
807
897
567
568
808
888
572
573
909
594
957
958
733
533
732
962
963
528
922
847
763
762
537
538
848
542
543
759
682
938
778
777
512
513
516
519
773
772
767
823
577
578
827
828
697
616
868
619
858
643
642
788
639
902
636
857
633
632
687
838
688
727
728
741
254
744
863
747
658
893
892
973
853
852
657
833
832
813
673
667
18
672
663
662
647
8
648
651
1008
1007
127
158
128
189
190
157
154
193
877
159
238
161
162
164
237
166
239
167
219
221
148
147
146
145
222
223
224
225
176
226
206
45
205
200
138
137
136
135
217
185
182
181
180
178
175
174
173
172
170
249
240
236
235
234
233
168
229
169
198
171
24
547
212
179
186
953
220
218
202
251
722
203
250
15
211
194
163
882
917
199
201
21
204
129
130
20
41
43
97
865
924
923
623
582
867
197
783
106
768
903
904
906
795
591
683
910
589
588
933
679
804
803
680
913
107
914
790
692
999
992
995
1004
1003
998
707
565
562
710
989
982
988
985
873
928
555
842
717
552
975
968
969
978
979
972
312
313
61
62
268
535
654
887
890
39
356
898
899
668
752
28
29
699
698
812
940
822
937
530
756
599
598
840
737
837
603
930
367
748
1
