117
66
75
105
115
125
70
100
120
80
111
86
85
65
110
1584
2131
210
95
90
168
88
180
91
1555
215
185
112
217
119
147
869
35
126
167
87
116
3960
214
123
130
2925
3067
3649
3240
2767
3467
3568
3131
1799
179
3171
2442
63
30
15
154
909
3595
1088
3085
1171
69
2851
118
25
580
41
79
2203
3883
20
3390
871
4075
3967
124
250
1021
3715
99
36
40
1166
153
2447
3857
21
3644
3074
98
1663
60
3563
575
522
2440
3751
2029
1519
4074
1951
3974
3564
3136
2414
3919
3391
18
109
170
2347
227
811
2455
2995
2419
1591
2933
3383
2707
3283
1308
2452
4
1141
4070
3139
1161
3128
3290
937
3355
6
2095
77
23
97
78
3895
2940
195
3092
3
53
3069
157
3679
3175
245
103
2521
155
1771
3955
96
1039
2735
3571
4067
137
942
2383
1184
2098
2390
645
3723
2710
5
2652
3121
1104
1178
1154
3319
33
3499
511
3962
3077
1148
1837
2401
50
2730
3126
3099
1778
1313
1034
3129
3686
4066
1260
1169
2102
3182
2932
917
3081
1028
3050
1592
205
2717
1097
2715
1168
2714
1164
2120
135
3950
3365
3124
3095
2520
916
1091
2930
3087
1173
3084
924
27
3088
3232
203
2718
3056
3471
2563
1958
56
1430
2551
2239
650
3326
2105
1073
190
2740
806
3330
2722
1095
3116
3083
2113
638
794
1804
3322
2127
2112
3117
3063
3372
1080
653
2937
230
801
1794
3043
3360
3957
3119
1972
3722
2103
2533
3562
93
3718
3958
1023
45
4040
1265
1922
4003
4065
2815
3113
1102
2945
2944
3327
1084
1927
3953
2540
1917
2546
3211
3106
3329
3109
2110
3931
583
2613
2528
2123
2487
1062
460
1781
2115
1025
2728
2462
3682
3377
2935
3108
2558
648
2108
631
836
3859
1018
3463
1187
3111
2480
2122
3687
3334
626
2117
2948
1182
3938
3470
3945
1774
2942
1030
3689
662
620
2553
1032
1078
590
1192
1100
1787
1109
3419
2479
641
2952
2822
3338
2647
3357
1175
2749
2192
1435
3599
2530
3244
1180
3341
3364
640
1076
3940
3362
1785
1792
3594
2468
3424
3343
2535
2561
2199
2185
2957
3604
3414
1041
3690
1107
2744
2174
1112
2372
2762
600
3475
1105
1616
2537
3233
1437
655
2599
3339
3676
2809
2671
2542
1797
2475
2507
3671
1119
627
2554
3237
1191
3150
3947
2548
593
1114
1641
1609
1043
2606
2949
2169
2365
2496
2955
3488
2379
2180
2756
1037
3472
2751
1069
3348
3401
2864
3948
3597
587
3482
3935
1604
2550
1599
634
2176
2869
1790
3242
3527
2482
2187
3396
2859
2500
3346
570
3666
2463
2769
1116
2513
1048
1309
3407
3352
2501
2858
2019
1077
3592
2444
1328
1611
3406
1071
2720
1058
3479
1444
1789
2753
1795
2854
1606
2876
1439
2012
3852
2354
2746
2764
2758
2458
2194
2360
1321
629
1440
3393
2518
4010
878
2549
2450
1335
2195
1305
2470
3229
2760
1052
3590
1491
2733
1067
3983
2011
2435
2766
2493
1622
2627
3834
2771
1618
2861
3839
1060
2183
2505
3224
1595
1054
3218
3399
2465
3845
1484
1601
2862
3532
624
1310
1065
2622
3522
3398
2632
2883
2498
2511
2477
2367
2439
3230
2871
3978
2430
1432
1316
2141
2015
1977
2642
1625
3411
1495
2866
2190
2134
2374
3403
1989
2387
2777
2472
1613
2428
2490
1955
2738
2010
1985
2437
2172
2021
2196
2878
1326
1562
2523
2432
1979
2503
2484
2178
2008
2625
1608
932
2516
2602
1241
1427
3583
1301
4055
1994
579
3159
2609
3416
2139
3578
1638
1286
1248
2138
2618
2148
1422
1331
3509
2421
1234
1897
1493
2003
1959
2025
1982
3219
1253
2610
1496
2731
1487
2620
1974
3585
3417
824
773
2608
3793
2392
1970
752
1414
1498
1999
1904
3214
1324
1258
571
3502
1886
818
3560
809
2159
1291
572
2623
2030
3045
780
1330
766
1960
2033
1318
2397
3514
3515
3587
2001
2051
1238
3031
2146
3580
4091
1967
1323
1246
2055
3555
1419
3575
3507
3221
3506
1826
3519
3929
1964
2402
1245
2032
2143
814
2046
3559
1273
1881
4086
1981
2040
813
1911
759
745
3038
1299
2227
816
1293
2164
2399
1237
1418
808
1425
1420
1847
1311
2044
2409
887
1250
2151
3548
2037
2156
1132
2048
1907
734
567
568
1249
557
1819
821
2152
3524
755
1832
3551
2404
4078
3525
1423
1268
1256
4050
1940
2913
4045
2082
1892
4043
3881
770
3788
1500
2049
2041
4083
3663
560
4048
4047
2411
4082
1947
1505
3052
1814
3058
3517
562
1939
1900
2069
791
550
771
1808
3888
1899
2155
740
1127
2918
2087
754
3544
3541
1902
729
750
3546
559
1281
3870
888
4058
555
747
792
1935
1888
796
3668
2412
1895
3065
548
737
4053
4090
1821
875
784
4060
1276
3536
3543
3694
778
1949
1288
4100
2062
3539
3537
2075
2092
3656
554
3451
2580
743
880
4051
1269
3040
3484
1884
2573
3701
1816
789
1929
4093
3754
775
2897
3702
2080
3651
2066
2084
3035
736
3491
3674
4107
3664
1704
3054
1810
3047
2591
1942
3658
742
1766
3486
3496
2915
2067
4088
2921
3698
3489
1283
4095
899
4103
782
2910
3653
3758
2578
892
826
3713
976
2908
2566
904
1818
1290
3703
1278
4102
900
1924
2585
3759
2890
2596
1937
1817
2071
2077
3369
3699
698
3647
2584
2644
3434
2079
2873
2906
1139
1295
3976
3711
2570
3706
897
2571
885
4104
2901
1532
3660
2880
1643
1828
1395
2589
831
3427
693
972
833
1919
1931
405
971
2637
703
3146
2902
866
896
3781
1932
2649
3439
3281
2639
1829
2874
3376
3374
830
889
2582
2894
3899
1537
861
2575
3381
1836
2825
3379
701
3446
862
1636
1503
1508
3776
3142
1998
2304
1544
2646
969
3157
535
3272
1400
1526
2675
2267
2587
1383
3769
1124
3927
954
2887
1130
706
3164
1137
2657
1706
1515
3902
2832
508
3265
700
3279
959
1388
1510
1834
2818
2272
1407
708
1628
1376
2679
2262
1634
965
3764
1840
3441
857
1551
3914
1399
3995
3153
3453
711
3166
3167
1539
3922
3771
713
716
3148
3990
718
990
2684
1517
1143
3784
2264
2249
1402
2246
2664
4000
3766
1699
3155
1547
545
854
2678
1523
1671
3909
3274
2823
1403
852
3830
524
3897
2680
1639
3917
3247
1702
2829
1585
1769
710
1150
3162
723
3779
845
3254
847
3260
1709
850
3832
2836
3761
1762
1676
2257
2242
2255
2265
3910
3825
849
1552
1398
3992
3780
725
2687
839
1527
1665
1528
1542
3912
1646
1652
518
3778
2260
1761
3455
2253
1535
1681
1391
1157
1390
1673
3985
1750
2843
3448
3987
1659
2692
2691
843
3450
3460
3993
2837
3773
1648
2699
2662
3988
3768
3837
2844
513
1146
2656
2804
1757
1754
2689
530
2339
2694
3267
1540
3436
1678
3850
1694
1745
1688
592
2696
1655
520
1661
2344
3431
2704
2660
543
1656
1680
2334
537
1752
3269
2982
2703
3835
3438
2654
1742
3841
2812
2848
3849
1747
2667
1749
2375
1707
1746
3255
534
952
1349
2807
532
2987
2370
1690
527
3257
1685
2805
1356
1737
2840
2321
605
1683
2993
539
4031
597
2336
2841
3848
3250
1380
3262
964
2215
2363
1342
3264
950
1697
1714
3636
3727
1738
3854
1454
1385
2808
957
2800
945
2356
2337
962
2833
2210
1459
2329
955
2314
1449
1346
3740
3866
2326
601
1722
2327
3294
2312
1367
4026
2222
4035
1845
1712
2349
2318
1364
2351
1727
608
1478
1471
2959
967
1588
665
1565
3314
2302
1581
2795
4028
603
1558
658
1720
1572
1361
615
1357
1371
2324
1875
1732
1457
2331
1351
1372
1577
1347
3747
2796
1725
2966
1717
672
3309
1466
4013
678
4030
4027
670
3317
929
2217
3734
2798
3312
1359
610
683
1868
1354
1473
3299
1570
3305
2297
4025
4006
1462
2783
3743
1724
3302
1464
1871
1574
1461
2229
1456
2307
2789
1569
4019
3742
3310
3878
1867
689
3735
2791
2300
4016
935
2788
2212
1576
934
2295
3297
676
3730
4023
1469
921
3292
927
2786
3738
1475
2207
2293
1866
1579
1870
4018
2285
2286
1481
1856
4011
1864
2236
3891
617
3886
669
3873
988
3731
986
1002
1863
2225
1008
3862
2214
2237
3028
2290
2278
681
993
3023
3726
1859
914
1852
995
2288
991
3719
3020
919
3868
3874
1849
674
981
1850
1843
3024
1851
920
2281
2282
686
3206
2970
3797
3812
3617
1202
3005
1220
1223
3815
3632
3875
3869
1199
3624
3790
3805
2998
3013
3012
3201
3804
1227
1213
1207
3819
3820
3810
1228
1197
3625
3610
1218
3639
1000
998
1004
3021
3795
3800
2975
3015
2283
3629
3002
1007
2962
3193
3203
1006
3008
3003
2991
3209
3808
1215
1216
1209
2984
3634
3807
3802
3196
3194
2968
2980
3622
1211
1204
2983
3198
3614
3613
3608
1011
3189
3010
2973
3188
2967
3615
3620
3627
2977
1205
1996
3186
3179
3178
1210
3621
3981
3017
2978
1263
3184
3191
2232
3350
3228
2219
2224
2781
3345
3905
2426
2726
3226
244
143
2793
2230
2226
2220
2231
209
3409
3415
3101
3102
3190
3185
3351
3344
3286
74
3970
81
82
3387
3301
673
72
2905
2218
3227
46
2013
3071
3070
94
2007
1381
189
3076
1631
2394
2006
2774
3443
3884
3885
564
558
1912
2160
2154
3921
2090
1151
1913
285
318
3556
3557
3920
1145
2091
2898
2904
2775
2400
1387
1630
939
3691
3331
129
2416
3965
213
3104
3512
3661
1969
2073
2362
1233
884
2247
1135
1280
1779
1474
2057
2828
2163
2130
1063
1667
3493
2252
3843
2538
1507
2182
1889
732
2417
3511
3667
106
3964
64
3103
2258
1274
3844
3477
1512
2885
2491
243
3827
3641
246
983
2779
3871
1854
2525
3893
974
2594
3907
2701
3602
2319
3582
3924
585
3933
2682
787
2309
3573
1802
3042
1530
228
186
1692
2385
2423
169
1093
1620
515
1046
1016
4063
4062
2205
1991
2923
1271
828
1442
218
3033
216
3429
2234
2635
2630
1962
612
1764
206
204
643
622
1567
3943
2615
636
1944
2669
2611
28
3474
720
947
525
907
3276
1378
859
144
3458
873
2358
1134
136
148
138
1759
864
3367
1121
2316
761
3239
482
762
2459
3566
1557
2665
3530
1563
1583
3245
3567
763
764
1374
804
803
3704
2846
1409
1410
1411
1412
2036
2028
2845
595
1451
1452
841
1715
2509
1670
1669
1657
1654
1653
1651
2510
2592
2598
646
652
657
663
3739
2889
2895
3749
3750
350
695
696
2927
1340
1339
1338
2928
1337
1716
3510
3504
1729
2167
2150
2144
2244
2250
2269
2070
1878
3026
3055
1320
1319
3059
3060
3061
3080
3025
3133
1189
280
1183
3151
3152
3173
3174
1082
3134
2986
2985
2953
139
2060
2059
2341
2342
2381
2382
1885
1879
1877
2467
2473
1839
1833
1824
1823
1782
1776
4021
4015
902
4008
911
1035
912
3998
4037
4038
3997
1050
4014
1044
4079
1036
727
4085
721
715
4097
4098
3980
3979
1003
1009
733
901
2673
2706
0
2723
2742
2748
2820
2830
2881
2899
2911
2920
2950
231
211
2634
208
207
3534
1861
212
2568
201
200
199
198
197
196
1434
3235
3520
3971
233
232
1251
3386
229
3969
4109
226
225
224
223
222
221
220
219
979
194
193
192
171
2395
3295
4105
2039
177
178
2094
181
182
183
184
3285
2332
187
188
1236
3646
191
3287
1230
1225
3637
757
2577
1206
2317
3612
3304
3307
768
1195
1194
3606
176
175
173
172
691
1306
4002
1298
140
141
3252
613
598
582
3708
542
2601
3678
523
3756
2125
3783
3792
2136
3817
2100
3669
2053
633
1926
1934
799
785
777
3553
1965
1984
1987
705
688
679
2651
667
660
3822
3823
2556
2171
3942
3952
2489
2346
241
242
247
248
249
251
252
254
3904
2508
3861
1953
239
1915
1893
2719
1841
3498
819
823
1806
3465
838
3462
1783
882
1909
3426
238
236
131
132
133
134
145
146
149
150
151
152
922
2197
1476
2201
1090
128
127
1085
3097
3208
1695
3094
3412
2445
2433
3090
3216
3160
1447
2454
3404
1055
1549
3394
1554
1560
1415
2963
3388
1261
3199
3422
237
1735
1159
1734
2407
2292
1719
3143
3169
1344
1352
1125
1586
234
3336
235
2305
1650
1117
1594
1333
1597
4072
1521
1020
3277
3138
925
1366
1155
943
3141
166
165
164
163
2276
162
160
159
2377
156
1486
2971
1369
161
2274
1489
19
1185
24
3000
1013
3353
3177
26
16
1623
29
3354
1624
3183
1617
34
49
2999
3347
1014
1012
14
12
11
59
54
7
3176
3006
507
1811
3659
1812
490
2827
1813
3648
1815
3654
966
3007
1825
455
1221
2486
2835
2834
2494
2495
3248
3249
941
940
2506
936
3253
481
1798
2512
3680
3681
2485
3683
3709
1406
2466
2850
2849
430
3223
930
3225
3696
3695
3693
3692
3231
958
3684
435
3710
2817
2816
2543
3550
3494
1633
1629
3487
2640
1627
671
3495
3481
677
1615
684
2653
2655
690
2659
1621
1635
3500
3501
1687
594
596
3552
3549
602
1674
1672
2603
3535
2604
1668
619
1666
3529
625
3523
2661
1602
1596
1285
2765
1890
2763
3187
2761
1896
2759
2903
3803
3181
3180
1479
798
3809
317
797
1905
1906
3813
3814
3358
310
1908
999
2909
1468
3359
2892
3786
372
3757
1857
1858
3212
574
3210
3763
3569
577
578
1075
1296
2359
1294
563
2355
3370
2353
565
566
3371
977
978
569
2916
288
3836
286
3840
3842
2922
1152
2361
3378
1300
2368
2770
538
540
2559
2677
2560
544
546
547
2564
551
1873
1874
552
553
1068
883
2406
2405
890
891
2852
349
893
894
2853
2855
2856
2857
905
906
2863
2867
2868
1545
877
1304
3753
3746
2443
3716
406
3717
1362
1786
855
856
3724
3725
3728
3729
2431
3736
3737
2425
867
2960
2712
2280
2279
2947
1208
2711
3890
2709
2708
1930
2271
2270
3906
1936
3900
3889
1214
2941
2547
1232
3863
3864
1231
1445
1446
3408
2721
3876
2938
3879
3880
2939
3882
3915
3402
3916
2961
3122
1589
3120
1057
1502
1513
1514
1525
1531
1533
1501
1534
2539
2532
2531
1700
1701
1705
2545
1711
1494
2685
1394
1396
1397
749
748
744
1488
741
735
731
730
2698
2697
2686
738
2457
2456
1730
2254
2251
3925
3926
4087
4076
4077
4081
3316
1123
2803
2802
2179
2801
2181
840
3112
1986
1129
842
2188
2189
1980
2797
3118
2175
1976
3016
4005
2023
2022
3022
2020
2811
2018
2017
2016
2157
4004
2014
2158
3332
1027
2161
2162
4052
4046
2089
1772
1768
1767
1756
1755
1744
1773
1743
1739
1392
1386
2772
2778
2784
2790
2813
1740
2328
2322
3847
89
2153
104
2165
2166
1963
1957
2814
1946
2240
2241
1883
1882
3856
3855
3853
1945
3324
4042
4033
4041
4034
76
1144
1142
1138
1136
2988
2989
2990
2994
2996
2997
1098
3029
1092
3030
1072
3051
1066
1064
3057
1059
1053
3072
3073
3079
3300
3306
3320
3321
1147
1070
3078
1163
2072
2078
2068
2064
2129
2132
2128
2124
2133
2118
2085
2027
2026
1243
1239
1244
2107
2042
1240
2043
22
1176
2086
2096
2097
2050
2052
1170
10
8
