9
12
21
11
541
15
30
192
351
534
639
6
548
675
531
1
559
27
3
646
18
538
112
564
63
553
539
552
664
545
105
70
124
117
567
101
131
671
657
119
624
557
550
667
306
126
107
109
631
114
116
636
133
626
666
662
501
659
649
629
555
655
613
642
247
496
619
326
606
397
611
404
389
653
617
771
390
394
759
91
393
160
459
81
402
88
401
86
57
96
167
406
89
754
409
748
76
153
761
84
142
413
411
766
414
77
79
756
148
421
750
137
155
145
72
418
773
199
682
150
162
194
152
67
204
571
197
187
578
181
775
196
780
189
313
174
770
361
304
213
185
302
297
178
184
356
763
177
179
435
752
286
164
757
292
430
448
488
281
300
603
295
293
610
455
329
425
711
443
622
322
283
462
433
466
627
438
469
450
467
333
317
340
476
324
445
346
334
700
693
331
434
452
481
707
474
745
703
688
344
486
718
336
343
698
491
479
341
702
348
484
695
685
736
691
477
574
743
729
678
683
569
585
684
592
598
581
725
576
724
738
732
583
589
720
587
260
714
594
727
722
734
721
253
596
245
265
268
520
232
523
217
258
513
225
527
528
250
275
515
516
261
239
518
224
210
263
256
277
505
511
215
220
498
358
503
242
227
222
383
235
376
229
234
359
379
375
374
364
378
371
366
372
121
311
508
270
288
157
138
648
442
437
436
432
441
431
601
768
17
354
416
22
472
103
321
327
315
489
29
290
74
169
493
319
65
16
457
634
778
615
128
543
272
562
208
94
386
500
506
93
560
566
673
690
251
686
680
252
674
249
650
369
368
367
363
580
608
135
652
651
176
182
614
308
307
201
740
739
202
709
279
285
100
206
98
599
392
782
638
546
536
530
525
510
731
338
23
641
25
26
143
20
212
440
237
165
713
273
705
24
28
453
19
399
660
172
423
2
419
427
741
669
309
140
464
129
299
123
130
677
495
676
681
110
108
104
590
579
582
584
588
591
597
408
710
618
349
350
69
715
723
747
236
643
190
240
186
248
533
521
604
605
522
141
696
697
749
755
764
758
422
339
471
465
461
460
353
352
244
82
83
381
384
385
387
395
396
4
