14
10
230
153
129
12
195
219
201
8
15
27
147
197
16
1
231
20
233
131
23
155
24
158
237
213
2
19
81
207
83
209
239
229
225
171
141
172
173
174
143
159
145
117
177
165
169
89
138
167
75
136
77
119
221
161
163
220
183
149
150
90
88
87
185
215
216
217
186
205
206
203
179
182
63
189
65
100
69
191
102
71
74
101
121
134
242
67
85
208
193
196
235
234
139
80
106
93
108
95
110
109
94
96
125
127
123
128
116
115
111
114
28
13
228
227
122
21
241
73
222
29
210
198
181
26
140
164
79
157
68
184
194
25
133
170
99
86
148
146
30
22
17
18
113
112
214
3
9
4
11
5
236
