27
13
14
237
231
243
26
156
24
25
245
357
110
239
233
232
253
109
105
7
254
252
249
153
255
159
261
34
161
263
266
162
148
150
257
75
147
260
258
155
77
154
346
2
5
99
135
297
19
299
9
183
303
315
309
317
185
311
350
273
17
275
349
23
279
305
304
308
129
281
131
10
130
284
195
333
339
197
341
189
21
343
327
326
321
325
335
338
74
145
146
73
329
328
1
69
63
87
351
353
65
358
360
359
193
191
194
190
291
81
18
83
293
111
211
113
91
89
92
137
140
287
212
209
210
285
289
102
290
100
101
222
220
267
219
269
271
272
166
182
117
181
168
119
122
120
294
244
143
144
354
352
356
242
196
198
188
165
300
180
277
278
316
64
320
85
310
116
80
79
78
174
227
97
225
172
98
228
93
96
175
176
171
202
125
126
124
123
204
205
203
201
215
213
216
348
345
246
344
337
28
30
167
187
330
66
29
178
323
312
292
20
71
283
221
241
149
15
139
226
298
22
265
160
107
214
234
86
132
115
134
142
141
95
318
319
307
118
208
207
251
3
8
259
16
