12
25
219
27
29
28
69
30
221
224
108
19
303
146
297
305
20
106
105
304
315
317
309
16
267
261
15
249
255
3
251
17
299
298
252
302
279
273
18
285
291
111
113
281
311
280
310
112
287
293
275
295
290
277
263
145
6
262
144
24
357
345
23
347
351
359
358
213
129
131
5
215
218
214
187
188
75
117
186
119
271
272
4
269
326
63
77
78
1
21
327
65
321
66
323
325
334
329
22
328
336
123
339
125
333
127
241
341
342
14
242
240
239
97
98
84
95
226
82
71
73
86
352
354
353
257
259
227
260
225
228
150
148
149
147
316
133
134
350
349
348
118
120
121
103
190
167
165
104
192
166
168
194
99
101
102
91
248
92
247
246
245
87
88
89
181
179
180
178
177
182
135
163
164
137
136
138
162
161
160
210
174
175
172
176
208
212
209
207
199
158
157
200
198
195
155
153
154
232
236
235
206
204
203
205
201
202
142
141
296
223
234
26
360
76
184
330
193
318
107
335
93
312
340
289
128
282
85
250
114
64
306
74
278
264
266
265
0
2
244
62
40
237
216
300
301
197
