30
25
28
20
26
18
27
24
16
739
29
23
19
715
1240
375
1600
631
1428
734
6
744
1593
636
1233
1607
1247
626
15
712
1118
416
303
1675
1189
1135
1424
720
1130
1670
1243
1680
1140
1196
5
719
568
1423
727
901
1185
3
398
1182
409
723
1242
1123
736
403
1180
908
628
894
1238
573
1236
1672
1203
235
732
0
1229
230
724
1673
629
1192
1198
730
240
621
1665
731
919
1128
1531
414
1211
1420
868
1133
217
1425
913
610
1421
1222
1526
1668
624
1187
1536
1205
1535
412
419
17
1194
617
1528
1200
1513
407
223
210
1215
4
1527
605
1227
873
405
1084
1224
1217
880
1207
1506
1519
1231
613
1524
396
1077
228
532
906
1225
1663
1116
1661
400
1110
620
606
1517
131
537
1213
1202
1511
643
1654
887
1144
233
972
1656
395
388
834
1651
124
1522
393
1647
883
501
127
22
1596
238
875
123
967
1153
215
1147
1510
664
1151
1603
126
122
876
965
775
1595
1160
878
980
1076
21
497
365
1152
325
1156
1588
865
377
318
119
871
1598
671
979
225
220
780
657
505
332
776
924
213
863
114
112
370
858
343
571
772
1073
311
512
115
673
1161
111
384
1582
379
1168
575
1080
576
773
358
380
1591
348
1081
336
100
768
337
1288
855
1584
329
107
1163
1577
763
307
1085
503
1576
580
1293
373
341
666
1579
353
110
372
102
508
361
510
322
1336
360
302
103
334
306
1088
304
960
323
316
917
1174
1092
368
1093
299
295
955
829
1549
1348
956
292
1541
1329
1323
1341
676
519
991
1544
984
1331
1170
992
1176
285
822
836
1548
1844
1828
289
995
514
1355
591
1325
1165
1831
988
1837
287
1172
1095
598
841
1333
1855
987
989
284
491
977
1833
492
1338
484
1835
970
1799
982
1849
1860
1836
1346
1097
1840
587
593
1343
521
487
679
1351
1099
482
1397
1104
684
1334
845
477
1792
1847
480
523
479
683
1015
969
516
470
1852
1356
853
850
1010
1405
475
898
899
472
518
765
466
1797
559
846
1546
468
1002
1810
910
1412
564
838
903
1404
754
554
1553
1858
1742
461
1786
1402
1360
1747
1464
1416
761
1409
1407
1815
826
827
1417
1008
958
749
1729
833
1365
1753
1007
1459
91
1735
1114
541
1822
1721
1502
1028
1722
953
819
951
1460
756
691
339
1005
1012
557
534
86
1817
1121
1726
758
946
1276
1119
948
546
547
1740
539
1126
1021
1733
1283
1019
1745
800
943
551
1054
1805
1751
1026
1137
1269
544
944
1024
933
550
1738
940
793
646
555
1743
931
1279
1059
811
1042
937
1731
1258
1825
787
1047
73
1558
935
1049
641
653
79
704
1037
1278
1274
816
66
805
1067
929
1818
804
703
696
1044
1271
70
1563
1061
1063
1267
809
808
1813
1062
1814
792
1265
1795
648
1801
1260
797
77
655
1051
801
661
75
660
1058
1565
688
1253
784
790
84
708
1570
1255
1629
700
88
96
701
1560
82
1573
1567
695
693
1555
448
1621
1684
268
1441
1636
1614
1448
455
441
275
1628
261
163
1617
90
1689
1687
1434
1387
1806
1773
1456
1452
168
1692
1691
271
1768
158
250
263
1624
1626
1382
1392
1643
1449
1639
1761
1446
1619
1781
1444
1699
266
1696
1638
1384
1631
245
1463
1451
1439
1756
264
1369
1757
257
253
1775
1377
1362
1374
1704
1703
1379
1385
1764
195
1708
1711
259
252
1707
1789
145
156
1367
583
1716
151
1376
202
1782
160
177
203
429
1305
1715
1760
1770
150
1477
1312
184
161
190
1484
1470
1300
199
153
436
1495
595
1784
1777
1765
1318
424
143
148
1307
188
431
1295
139
136
198
590
1475
443
1488
141
1486
194
457
1468
179
181
1493
1314
186
1491
1481
1320
1479
1297
433
450
1291
427
1480
174
175
191
192
1302
438
445
1316
1309
440
1304
1315
446
1437
1432
1431
1310
600
1031
528
1706
452
922
1046
282
915
1039
1503
1090
294
1640
1562
656
662
615
652
742
651
227
759
94
65
1499
357
1545
837
1854
1263
1257
1848
686
1251
1017
1842
327
1372
1500
1551
1489
1483
277
276
889
888
255
1609
249
1344
1345
795
796
1608
391
1612
1414
1845
588
459
618
1220
248
1660
942
862
1108
499
911
1132
582
465
905
856
941
1131
681
1649
1633
421
463
208
1056
1586
1033
526
1102
562
1000
1772
1515
1395
280
848
1719
1158
1149
578
722
1436
751
382
1658
346
1694
1262
172
1856
1862
205
1803
542
133
634
1286
1581
99
860
812
1802
134
105
813
350
814
1078
166
165
586
1390
1249
891
892
1508
1514
496
495
1106
920
1779
68
1250
74
1100
1235
1234
356
355
1381
1400
1399
1724
1678
218
231
705
706
232
314
313
996
997
1467
1380
1473
1677
1326
1069
1070
778
777
1327
1718
222
72
785
1538
1701
770
1111
766
1820
1353
747
138
1794
98
1210
824
1003
622
89
87
530
1572
831
1461
1498
638
639
1177
297
402
974
1472
363
1394
1272
494
975
320
1589
489
1750
650
928
717
146
735
315
1453
351
1605
330
1616
870
885
1184
1641
843
1645
273
242
1682
1142
1728
170
155
1763
668
669
602
603
746
1290
426
608
1014
1029
698
417
552
453
1529
473
737
1245
1281
1358
566
1066
896
659
1539
63
1035
1364
560
895
41
1282
565
902
1239
1859
1857
504
1653
1285
1458
1457
247
246
1139
244
243
1659
1138
1287
851
852
1666
1429
310
309
1604
788
789
1179
1610
301
1602
300
296
794
1175
1173
290
799
802
569
189
867
866
193
1698
1697
196
197
200
201
861
206
1107
1109
211
212
1686
49
1823
1832
1838
1830
1829
1465
1292
1298
633
986
1466
182
1089
1087
627
625
840
272
611
612
1313
1311
714
1714
1713
1710
1709
434
1476
1075
428
1482
1683
821
820
536
1759
120
121
1758
585
882
1755
1754
118
881
129
130
344
1748
135
1330
1746
260
818
817
1490
1496
390
389
387
386
385
1270
1504
1505
1264
1512
367
366
782
507
108
109
567
423
1739
1736
1339
1195
404
1071
1072
1533
1534
1542
410
1543
1340
1426
1427
884
725
1787
1788
1206
1791
1349
531
890
1350
1419
1798
1413
1804
994
993
949
678
1199
1197
689
690
1193
270
269
1191
262
256
677
1611
710
485
1154
1148
1214
1146
517
515
1807
1808
56
1145
511
1022
506
42
1411
1410
500
509
36
1208
936
962
963
964
35
1812
1811
1574
1568
1219
1226
1556
1780
1232
1322
1321
1774
543
932
912
945
918
938
926
925
939
1389
