29
28
27
30
24
26
137
357
25
135
359
89
5
114
265
87
6
261
263
91
147
141
149
16
267
23
351
353
143
15
354
144
255
249
8
22
339
129
333
341
335
1
105
63
81
75
65
83
67
85
315
317
251
77
253
79
20
19
107
112
115
108
297
299
303
103
10
117
104
189
305
327
306
321
191
329
323
119
322
122
269
270
271
257
279
345
196
198
347
202
172
204
17
203
71
171
174
173
69
291
38
37
293
281
309
283
280
311
241
131
273
210
275
132
98
208
242
238
219
97
221
166
220
168
170
169
227
215
362
225
213
226
93
217
218
349
102
274
139
313
312
260
319
318
295
209
197
302
193
194
331
152
148
336
334
337
340
70
72
181
183
184
185
186
182
180
179
178
160
246
162
244
243
248
159
164
163
123
288
234
286
125
232
235
124
126
289
285
287
157
156
155
158
153
154
350
301
195
142
296
80
68
254
116
361
21
342
352
222
92
207
332
100
95
121
130
259
201
324
236
240
106
304
228
276
140
266
86
0
310
268
48
320
150
247
3
4
284
