7
0
1
11
4
8
3
14
18
6
24
19
39
16
15
36
9
2
13
67
48
12
27
76
49
89
72
34
35
53
59
88
55
31
51
62
97
79
107
20
104
108
5
144
70
45
142
84
176
168
33
60
40
90
26
350
332
25
374
149
46
61
230
86
326
219
266
296
246
278
338
58
180
302
71
68
247
356
41
134
253
362
314
154
320
254
293
237
334
287
369
121
211
354
217
349
364
304
200
261
96
232
327
227
313
256
202
273
225
221
38
98
376
348
268
87
340
113
371
358
291
239
329
285
127
312
263
316
298
83
216
210
280
105
322
275
252
82
128
186
148
101
352
110
102
44
85
122
63
123
190
242
315
235
126
141
300
345
80
215
135
269
295
203
373
284
155
301
228
361
306
317
229
223
375
347
372
336
286
342
307
140
249
234
139
259
120
311
337
258
328
274
194
238
343
178
367
283
213
282
208
377
158
272
260
323
156
191
360
103
355
106
117
42
151
309
206
251
23
189
244
262
201
267
236
366
294
222
129
321
56
165
73
112
93
147
124
54
193
116
22
69
99
