6
0
9
10
7
15
13
12
8
33
78
30
19
2
4
25
17
31
35
58
18
20
11
38
27
47
24
1
75
39
21
40
110
16
158
92
52
45
90
102
42
66
28
14
32
91
22
89
98
53
41
100
88
61
43
49
55
96
126
141
135
59
117
164
150
156
68
130
184
83
73
146
120
82
162
195
151
144
128
222
26
218
65
108
296
155
165
77
171
107
64
261
266
44
267
238
240
67
161
276
290
63
142
182
284
112
242
280
230
236
175
263
138
269
57
288
188
298
286
258
228
5
87
252
154
274
143
105
163
62
224
70
149
125
202
294
206
54
225
160
172
231
248
259
220
291
199
234
209
246
207
297
282
177
277
99
272
204
174
255
176
213
215
179
74
140
46
243
115
69
134
109
212
136
190
249
253
60
262
