6
0
3
9
5
10
1
22
8
30
15
7
14
17
11
29
19
12
45
4
18
54
16
52
24
34
48
31
95
21
36
78
42
23
59
68
72
40
25
97
73
135
100
56
85
80
158
87
28
125
93
117
53
83
82
114
91
113
41
89
70
88
32
119
50
204
342
13
47
348
130
190
213
277
330
240
321
222
294
312
258
231
249
129
109
366
357
267
375
285
104
303
260
162
107
115
81
203
362
308
74
225
150
58
281
33
344
339
46
279
299
351
273
275
99
20
353
27
35
326
57
39
254
51
304
264
147
184
243
313
212
116
259
216
355
336
314
346
287
228
331
236
291
219
360
161
71
248
369
205
123
295
233
186
297
238
286
223
221
270
152
319
92
246
293
207
157
211
323
306
364
253
376
371
378
139
317
332
67
235
142
266
338
37
165
201
325
268
340
193
195
124
242
61
373
289
127
153
209
194
377
251
229
214
134
359
187
350
305
62
328
60
185
106
180
333
365
112
283
196
244
250
309
131
227
301
181
77
170
370
261
316
256
199
358
349
