0
8
6
10
31
1
20
161
3
11
104
7
33
9
4
55
25
15
19
22
63
5
40
141
2
107
45
13
150
39
72
102
59
97
193
21
116
61
52
16
145
195
126
57
37
58
42
162
56
179
14
165
68
127
163
66
194
131
43
154
23
123
166
44
69
192
121
92
178
38
28
109
26
86
186
112
133
209
184
120
167
29
49
48
124
182
149
62
53
134
176
34
125
144
108
84
189
82
188
142
198
208
85
191
135
196
65
77
95
140
12
180
98
158
17
190
170
174
153
96
168
32
197
187
101
164
139
156
146
71
47
94
111
118
87
171
147
50
54
81
130
100
103
119
64
152
74
181
105
73
89
183
151
169
93
148
117
67
78
199
185
136
143
177
75
79
18
46
76
90
113
88
160
60
173
138
99
155
30
80
122
51
91
137
129
128
35
172
41
132
115
83
27
159
24
110
157
70
114
36
175
106
