6
0
200
9
205
206
7
14
5
8
16
17
4
10
184
19
13
33
39
213
214
11
25
31
3
1
48
2
56
115
221
222
42
23
133
51
179
24
18
149
74
187
15
93
34
50
71
132
86
189
72
224
223
122
76
61
66
101
100
21
198
97
196
40
195
65
27
164
20
75
30
210
182
209
73
109
81
227
228
84
148
181
37
99
166
162
188
175
96
142
47
67
53
169
91
136
150
250
145
144
158
248
113
63
139
120
138
240
153
156
176
52
95
159
151
135
62
126
242
241
110
177
124
105
106
119
123
192
94
107
183
80
112
102
125
28
152
64
160
60
26
173
35
46
59
79
143
194
83
178
140
167
163
157
108
45
217
77
104
57
58
127
128
185
38
82
44
54
114
238
218
12
154
98
85
41
118
137
117
88
69
155
22
191
78
197
226
147
172
225
161
29
116
43
180
146
134
246
245
129
131
55
89
141
171
165
255
256
168
174
186
90
92
36
111
230
237
87
170
103
32
130
70
68
193
199
121
190
49
