0
8
7
6
11
13
16
12
17
22
19
37
40
34
2
14
3
149
24
32
5
1
35
90
198
23
99
43
9
134
97
118
73
171
143
58
76
21
33
20
26
41
55
185
88
68
18
51
178
94
71
162
67
169
127
119
4
83
84
161
195
154
30
44
62
69
124
133
28
78
189
52
46
179
89
105
155
109
31
56
25
86
193
48
129
131
159
122
103
180
107
27
95
555
64
121
108
139
65
135
42
160
72
184
50
101
104
112
36
166
172
117
116
75
39
240
177
45
187
627
546
591
492
156
585
584
61
586
204
474
438
249
128
147
140
54
411
420
258
114
141
182
77
137
106
115
501
324
325
323
645
618
375
303
348
429
456
483
312
510
384
597
598
528
285
339
609
357
164
165
81
87
181
151
573
330
74
113
173
276
60
79
125
110
126
183
70
53
47
138
150
186
366
537
294
231
213
267
636
564
465
393
402
519
447
10
176
596
29
93
142
222
123
148
203
200
206
207
208
205
201
202
188
102
167
557
558
559
556
553
552
554
551
157
163
199
145
175
152
578
168
581
153
146
191
407
92
57
197
410
408
409
413
414
412
415
632
192
633
635
634
638
639
637
640
641
196
644
642
643
646
158
649
82
38
648
647
130
194
190
49
136
15
170
63
96
603
604
601
602
600
599
318
319
322
317
320
321
497
132
498
499
502
500
505
504
503
98
111
120
425
428
431
100
91
432
426
85
427
433
430
383
386
387
388
385
382
381
380
80
174
59
66
144
237
238
236
239
242
241
244
243
262
261
259
260
256
257
254
255
543
544
547
542
545
550
548
549
514
513
512
509
506
507
508
511
527
524
530
525
531
526
532
529
315
316
313
310
309
314
308
311
395
396
397
392
389
390
394
391
590
593
594
595
592
587
589
588
435
434
436
437
440
441
442
439
560
561
562
565
563
566
568
567
404
401
398
405
399
406
400
403
286
289
288
283
287
282
281
284
374
371
372
373
376
377
379
378
352
351
349
350
347
346
345
344
463
462
466
469
461
468
464
467
275
278
279
272
273
274
277
280
576
577
575
572
574
569
571
570
448
445
451
444
443
450
449
446
341
338
335
342
336
337
340
343
494
495
496
493
491
488
489
490
331
328
334
333
332
329
327
326
624
623
626
625
628
629
630
631
475
478
472
471
477
470
476
473
253
252
250
251
248
247
245
246
606
605
607
610
608
613
611
612
533
534
536
535
538
539
540
541
221
224
225
226
223
218
219
220
460
459
457
454
458
453
452
455
361
358
355
354
360
359
353
356
520
517
523
522
521
516
515
518
368
369
370
365
367
362
364
363
419
416
422
417
418
421
424
423
290
293
291
296
292
295
298
297
306
307
305
304
301
300
302
299
617
620
621
622
619
614
616
615
268
265
271
270
269
266
264
263
234
235
233
232
229
230
227
228
217
214
216
215
212
209
210
211
582
583
580
579
479
480
481
482
484
485
486
487
