0
6
8
9
3
11
7
13
19
10
21
18
23
5
14
16
113
17
65
49
107
26
188
2
40
116
1
61
39
183
35
43
193
48
208
31
85
57
73
163
33
44
189
28
24
56
196
12
111
30
76
81
164
173
82
59
62
34
136
158
25
22
71
133
4
36
187
118
94
112
117
151
137
159
169
108
74
177
139
103
199
147
115
20
52
87
58
80
88
101
142
135
55
152
119
149
54
182
86
190
161
47
130
66
167
171
198
75
27
29
41
148
45
146
165
154
95
91
166
92
197
185
194
131
102
72
83
110
184
78
141
84
93
172
106
179
178
181
192
53
132
162
191
63
123
195
42
38
144
125
69
96
176
46
67
97
60
129
70
180
156
89
64
121
98
90
128
120
100
99
32
105
170
104
160
168
157
126
50
153
186
127
114
155
124
15
68
134
145
79
150
37
138
51
174
109
175
143
140
122
77
