4
0
12
7
6
8
11
126
14
94
10
9
30
2
43
29
18
28
21
139
50
15
73
35
48
178
17
174
22
40
112
44
33
195
54
152
19
3
51
188
153
57
26
198
31
55
131
103
161
36
23
71
156
129
81
52
46
184
175
91
177
59
97
64
173
60
88
5
70
186
179
170
16
27
138
38
193
284
140
98
99
102
176
278
130
115
154
147
169
75
84
101
128
308
146
63
104
141
244
212
266
110
37
87
254
66
65
190
248
62
95
157
199
296
260
204
233
205
25
127
68
24
158
134
124
168
185
122
76
162
39
163
61
93
67
82
290
150
32
224
272
206
74
305
285
240
314
148
182
172
180
194
226
220
132
105
292
316
262
274
256
250
268
208
241
298
231
166
192
135
187
106
125
181
53
167
144
45
83
121
20
280
310
218
164
86
13
196
42
137
100
145
109
111
189
197
114
117
92
107
191
34
58
41
89
143
214
303
242
160
159
56
85
118
77
155
80
142
123
1
113
96
78
90
79
47
165
136
120
151
108
133
116
49
286
289
288
287
201
202
203
200
317
319
318
315
302
307
306
304
225
228
227
229
235
230
232
234
299
301
300
297
243
246
245
247
119
183
72
291
294
293
295
271
269
270
267
261
264
263
265
273
276
277
275
251
252
249
253
213
216
215
217
282
279
283
281
210
207
211
209
238
237
239
236
219
222
223
221
255
259
258
257
149
69
171
309
312
313
311
