0
6
8
12
3
4
20
2
10
13
36
18
15
7
21
11
17
5
49
22
23
39
37
38
43
71
14
61
53
59
16
30
78
1
45
99
41
31
132
82
172
100
25
24
97
185
112
92
136
103
156
19
64
153
28
72
95
144
60
58
130
74
34
76
27
94
84
48
164
54
119
63
116
150
145
129
148
40
89
88
280
121
240
270
83
44
134
135
128
93
9
66
154
173
276
162
298
252
176
283
243
274
122
62
294
109
138
111
120
107
127
46
248
170
184
254
123
265
296
216
262
218
105
226
68
199
290
228
42
146
272
57
168
125
87
242
208
106
231
204
288
238
219
278
223
259
282
233
101
157
209
249
80
212
98
257
293
190
285
292
229
268
245
115
221
214
247
255
235
264
163
179
202
104
205
