6
9
0
7
11
4
36
8
2
3
20
23
1
18
5
10
33
22
19
17
91
70
53
12
68
30
47
25
57
26
24
41
96
43
31
29
90
45
32
105
28
14
78
15
62
93
71
107
79
100
115
76
63
51
60
52
54
35
75
135
72
73
191
240
220
13
175
235
210
245
46
92
230
42
182
215
147
205
110
98
196
200
225
65
108
122
184
56
136
106
187
174
242
114
202
88
206
247
118
217
197
67
157
237
132
58
148
119
101
226
139
158
149
222
49
199
128
159
231
44
212
39
170
219
189
55
163
40
221
185
151
77
208
129
154
138
59
183
97
16
144
48
130
244
120
228
140
165
232
246
113
83
239
152
204
180
161
211
