0
10
8
7
11
6
13
2
14
9
26
1
5
36
20
21
4
30
24
82
19
100
34
45
17
140
16
40
15
39
49
3
48
65
133
18
107
129
164
115
175
41
182
128
71
72
125
84
195
172
120
53
177
32
28
198
23
70
186
132
31
155
105
67
35
56
112
12
179
188
152
62
143
108
80
180
135
87
142
162
350
150
89
193
185
46
69
131
97
92
183
113
123
58
77
273
205
266
52
44
73
173
357
374
174
260
344
144
290
59
55
96
114
117
145
134
104
93
187
121
278
242
326
254
292
22
158
75
95
127
151
116
190
126
368
302
338
363
102
149
78
297
64
63
210
226
304
234
285
248
308
217
340
375
110
352
334
316
321
220
328
241
359
47
98
91
310
323
365
218
287
256
224
211
244
50
38
166
138
169
139
94
122
147
137
168
176
37
68
165
119
83
299
268
280
275
332
235
262
216
370
240
346
204
314
250
43
86
148
192
156
60
157
194
42
199
111
171
377
378
379
376
81
79
101
130
51
99
189
85
355
161
353
351
354
163
197
170
167
191
136
141
118
33
27
61
54
29
25
124
57
153
106
146
88
178
66
103
74
227
229
228
225
348
345
347
349
271
267
269
270
249
253
251
252
223
221
222
219
373
369
372
371
184
159
181
154
196
160
90
76
109
212
213
214
215
202
203
201
200
206
207
209
208
288
284
289
286
311
313
309
312
272
276
274
277
282
279
283
281
257
258
255
259
335
336
337
333
230
233
231
232
358
361
356
360
300
296
298
301
339
343
342
341
367
362
364
366
306
303
307
305
330
327
329
331
264
261
263
265
237
238
236
239
295
293
294
291
246
243
247
245
317
319
315
318
324
320
322
325
