7
6
10
8
0
5
14
9
16
4
2
19
31
23
165
13
18
194
11
22
102
43
24
17
25
192
15
47
12
74
157
30
41
21
34
174
144
44
152
54
132
100
178
56
93
66
197
86
138
148
80
113
123
184
40
48
38
97
108
91
129
199
32
109
3
177
88
133
20
68
63
105
61
1
115
182
135
156
45
131
171
137
49
84
55
62
99
163
114
92
154
118
87
107
185
90
121
72
145
147
183
128
193
59
50
73
110
153
134
195
53
176
64
103
173
200
180
140
160
179
162
81
175
79
167
125
190
117
188
96
186
172
158
106
85
187
51
46
67
170
146
35
189
126
116
124
76
58
33
60
196
95
143
52
39
169
98
65
29
42
77
37
122
150
141
119
83
120
136
26
71
159
139
151
28
111
89
155
75
70
112
181
198
168
161
166
78
149
69
82
130
27
104
191
142
101
57
127
36
94
164
