9
7
0
1
6
16
10
12
18
14
35
21
22
8
13
15
19
20
28
46
33
37
52
4
72
25
11
45
80
43
17
60
93
44
56
30
26
51
77
112
147
63
24
139
48
98
125
32
83
434
71
3
55
122
356
168
132
65
151
229
233
338
242
386
476
404
351
2
106
114
64
220
482
326
488
392
422
79
463
302
57
36
344
260
428
314
440
446
374
464
494
362
416
410
470
289
332
380
452
209
370
301
270
31
23
146
207
292
323
216
203
398
394
117
412
279
382
169
241
340
271
201
313
448
430
61
490
244
255
368
329
334
472
251
217
418
277
86
388
478
350
47
406
304
218
462
240
228
257
124
41
113
442
290
424
484
346
496
376
436
316
400
312
358
231
466
276
281
364
262
321
288
454
300
249
109
135
102
54
123
138
152
42
49
90
95
188
84
327
352
458
142
272
59
393
236
248
417
305
278
363
298
75
127
455
143
250
200
287
467
427
259
379
359
447
443
389
341
227
333
381
267
274
280
246
373
310
62
27
429
453
303
213
411
223
285
157
222
70
441
474
405
167
317
439
378
449
499
480
353
325
399
485
475
247
265
324
383
492
161
150
357
426
206
104
136
238
269
208
335
34
308
225
230
419
438
465
387
395
215
347
291
69
155
328
264
165
407
401
483
82
431
413
108
493
232
345
126
498
258
339
99
315
29
481
372
365
460
293
202
296
175
133
73
67
110
53
91
87
74
162
194
174
177
171
163
