13
7
0
200
10
202
1
8
18
6
16
21
3
2
5
201
38
12
199
78
23
162
29
11
71
141
26
17
153
15
47
24
179
9
46
87
57
35
99
49
83
75
85
25
128
28
164
79
52
60
20
132
42
27
137
188
101
139
40
54
184
166
92
41
181
190
148
77
50
172
194
65
213
103
149
68
81
111
90
177
193
105
32
178
106
22
73
118
133
155
127
186
159
173
44
36
53
98
198
196
144
91
115
192
126
147
165
104
31
138
117
185
143
157
43
140
107
145
175
112
59
14
48
197
134
183
142
195
120
123
96
45
152
131
86
37
72
69
121
67
171
89
170
70
130
163
61
56
76
74
97
191
84
19
30
4
119
102
110
189
88
158
129
116
109
151
100
150
108
124
66
156
93
167
39
136
95
34
169
176
63
187
146
135
174
55
51
161
114
125
94
180
113
182
82
64
168
62
58
33
160
154
80
122
