15
0
7
8
11
6
194
9
16
29
26
17
13
12
32
109
28
2
3
37
34
42
50
118
59
117
119
56
10
20
132
65
68
52
101
43
21
126
90
27
178
104
156
141
95
62
73
35
79
154
180
57
63
64
166
192
181
58
39
33
96
76
138
115
38
44
158
84
25
71
184
55
133
51
153
128
18
131
83
135
14
197
87
110
198
146
123
40
60
168
30
151
121
204
190
193
134
492
80
124
402
142
1
186
173
144
113
159
136
267
555
74
99
81
46
176
54
187
148
171
465
429
249
231
177
19
519
339
125
375
456
258
393
348
285
321
213
510
501
330
546
312
77
161
188
36
172
276
49
107
183
98
222
75
23
147
169
191
94
164
303
366
127
116
152
143
67
447
294
474
240
537
528
357
438
483
420
130
92
48
384
411
209
210
211
212
214
217
216
215
470
471
150
472
473
475
478
477
476
85
97
122
86
69
185
91
53
89
100
189
82
108
61
103
155
170
129
174
47
66
102
179
111
31
162
163
137
362
196
365
363
368
369
157
370
88
114
72
105
364
367
112
175
41
45
488
491
489
494
490
493
495
496
160
497
498
500
503
504
499
165
505
199
139
22
4
502
461
462
145
463
466
469
468
467
93
464
106
140
406
405
403
400
404
399
398
401
455
452
458
459
460
457
453
454
241
238
237
236
239
242
244
243
70
167
182
149
195
78
24
5
120
289
288
287
286
283
284
281
282
449
446
443
444
450
451
448
445
342
343
340
341
337
338
336
335
485
486
487
484
481
482
480
479
306
305
307
304
301
300
302
299
234
235
232
229
228
233
230
227
441
440
437
442
434
439
435
436
275
278
272
273
274
279
280
277
320
317
318
323
324
325
322
319
408
409
407
410
412
415
413
414
388
385
387
382
386
381
383
380
257
254
260
255
256
261
262
259
297
298
295
296
292
291
290
293
224
225
221
218
219
226
223
220
541
538
535
540
539
534
533
536
550
547
549
548
545
544
542
543
360
361
359
358
356
355
353
354
390
391
389
392
395
394
396
397
316
315
313
310
309
308
314
311
349
346
345
352
351
350
344
347
270
271
268
269
266
265
264
263
527
530
531
524
532
525
529
526
334
333
331
332
329
326
327
328
203
200
201
202
205
208
207
206
246
247
245
248
251
252
253
250
430
433
432
427
431
428
425
426
376
379
373
378
372
377
374
371
514
511
513
508
507
506
509
512
557
558
559
554
556
551
552
553
422
423
419
416
417
424
421
418
521
522
523
518
515
520
517
516
