2
8
7
6
1
0
11
9
21
12
19
25
13
18
24
20
14
17
10
23
15
32
51
30
4
69
67
36
60
28
110
31
86
29
45
111
33
90
16
43
81
95
145
27
101
74
75
56
135
55
49
22
129
47
132
172
105
50
189
155
37
167
72
150
106
147
5
260
250
290
265
280
226
63
210
276
270
149
295
158
146
38
285
240
183
78
235
66
220
206
195
115
247
26
119
216
256
245
113
84
231
107
122
173
139
200
118
228
212
262
241
222
266
291
232
208
96
281
278
286
201
296
48
181
65
71
94
196
44
98
77
252
3
271
236
199
164
218
175
230
258
52
93
203
282
154
243
102
40
249
35
160
288
58
225
141
298
261
238
209
148
272
124
193
157
89
275
168
42
215
68
259
293
133
268
112
117
152
170
131
211
88
62
140
221
197
116
254
