6
4
1
0
9
11
30
12
7
8
15
17
56
5
36
109
189
24
20
26
41
21
123
34
44
22
97
39
50
35
14
2
71
31
37
143
10
13
83
94
19
187
120
192
61
43
121
194
53
157
100
47
163
40
89
172
85
25
107
118
141
90
77
180
46
33
55
88
129
29
116
54
115
91
159
126
48
66
135
62
79
155
124
175
195
113
18
158
146
108
23
137
125
70
73
101
93
134
59
275
279
278
276
277
365
369
366
368
367
64
96
199
112
186
191
170
75
188
76
144
122
87
82
136
69
193
305
105
308
307
309
306
330
334
333
332
331
335
338
339
336
337
119
16
84
27
74
184
350
354
150
353
352
351
265
269
268
266
267
360
363
362
364
361
280
283
282
80
284
281
385
389
185
386
168
388
152
387
371
372
374
373
370
295
95
299
102
298
296
297
345
348
349
347
346
110
51
181
130
111
171
156
260
264
60
92
263
261
262
245
248
249
247
246
285
288
287
286
289
390
394
391
393
392
340
343
342
341
140
344
291
292
293
290
294
326
327
328
329
325
215
218
217
216
219
162
167
114
68
301
302
303
300
304
255
259
258
256
257
316
319
315
318
317
179
151
169
138
49
154
147
78
65
106
176
183
52
196
117
321
324
322
323
320
379
63
311
312
314
313
310
3
153
86
148
72
32
200
204
201
202
203
81
57
142
145
177
149
42
164
396
399
397
395
398
235
238
237
239
236
231
232
234
233
230
198
98
45
99
38
165
128
104
166
133
160
174
28
127
173
190
182
197
67
58
178
161
103
131
139
132
241
242
243
244
240
206
207
209
208
205
251
254
250
253
252
210
213
212
214
211
226
229
227
228
225
381
382
383
380
384
271
274
272
270
273
220
223
224
221
222
355
358
359
356
357
375
378
377
376
