10
9
0
6
1
13
20
3
11
25
21
5
15
2
7
16
38
18
8
49
35
28
73
22
14
90
36
45
40
17
32
55
30
26
97
51
23
91
61
59
58
86
50
29
76
24
70
117
34
95
60
163
19
67
122
138
126
77
112
131
150
285
174
348
294
231
339
160
139
12
142
83
222
213
303
80
132
184
85
321
190
312
357
72
353
375
204
62
276
106
267
66
37
258
249
330
366
240
102
110
308
64
156
101
52
33
362
305
326
290
181
247
317
99
373
336
347
319
215
157
164
289
166
214
219
94
167
114
316
296
370
260
144
206
273
300
87
202
98
342
346
253
275
287
210
241
245
208
374
225
242
304
237
233
127
235
364
44
314
270
360
352
331
255
368
295
277
162
65
259
228
323
200
251
173
170
268
189
282
310
379
338
133
264
325
54
266
221
279
358
333
223
340
135
137
328
113
186
232
298
154
171
168
355
351
377
159
230
108
236
244
4
291
209
153
344
359
71
39
283
195
177
216
42
372
53
307
68
262
329
175
284
143
257
299
