7
1
5
8
10
3
0
6
2
34
19
9
17
18
185
40
31
14
4
157
24
13
35
44
143
11
153
25
77
12
171
59
47
107
67
57
158
51
105
150
162
56
199
101
85
37
48
66
88
15
151
146
58
111
26
38
179
134
135
42
112
140
29
22
28
189
147
190
96
178
72
60
136
50
132
53
144
197
125
396
399
397
127
398
395
156
103
182
163
175
119
109
102
131
435
188
439
438
437
436
69
21
165
172
220
224
223
222
221
61
133
36
152
118
95
181
145
81
360
363
364
362
361
265
269
268
267
266
335
108
338
337
339
336
39
33
98
114
65
46
113
186
355
358
357
356
359
124
440
444
192
443
442
441
115
195
30
201
204
200
203
202
122
99
173
305
308
84
307
309
306
121
62
63
155
43
251
254
250
252
253
92
139
280
64
284
70
283
281
282
285
288
68
287
286
289
104
350
353
120
91
354
352
351
430
434
433
432
431
425
429
180
428
427
116
426
325
328
327
326
329
295
76
299
298
297
296
420
423
424
421
422
400
404
401
402
403
300
303
80
302
301
304
240
244
241
243
242
32
137
100
129
194
82
138
191
87
74
445
196
448
449
447
446
385
388
387
148
389
386
174
176
160
75
184
41
177
89
161
211
214
210
213
212
123
405
164
409
408
406
407
410
168
414
413
49
412
411
45
225
228
227
20
229
23
226
141
55
270
273
272
271
274
78
391
394
392
390
393
205
209
206
208
207
340
344
341
342
343
256
259
257
255
258
415
419
418
416
417
381
384
380
382
383
370
374
373
372
371
376
377
378
379
375
217
218
311
314
310
312
313
235
238
237
239
236
366
369
367
368
365
290
294
291
293
292
345
348
347
349
346
315
319
318
316
317
245
248
247
246
249
320
323
322
321
324
193
97
73
93
167
117
54
86
79
16
110
106
83
128
71
154
90
169
170
94
166
52
27
183
130
261
264
260
263
262
331
334
330
333
332
231
232
233
234
230
275
279
278
277
276
187
142
198
159
149
126
215
219
216
