0
200
8
14
6
3
16
13
15
20
7
12
32
10
202
201
11
2
29
30
206
4
21
74
17
43
136
141
49
134
1
72
51
173
53
117
9
152
25
38
128
18
182
41
195
26
68
86
75
55
97
62
214
83
85
158
31
198
60
47
124
63
102
231
222
232
90
218
161
217
174
87
88
27
107
164
40
179
19
193
109
79
73
70
76
112
155
56
89
129
186
82
84
116
130
145
165
147
46
140
228
227
61
123
36
127
160
23
99
77
148
66
35
234
166
146
199
96
44
151
156
181
187
108
135
5
133
189
39
98
139
180
183
69
237
236
238
190
114
197
50
42
192
64
78
67
162
54
118
185
103
143
229
230
159
188
176
58
57
149
94
33
153
167
91
177
100
125
28
95
142
48
191
184
111
196
80
137
105
169
175
194
119
59
150
81
115
24
163
22
172
93
71
157
113
92
144
132
168
110
154
45
122
178
52
104
37
121
120
138
34
65
171
131
126
101
106
170
