0
9
4
6
16
10
2
19
8
24
25
7
5
11
39
21
15
22
18
28
82
34
13
63
72
12
46
33
20
66
60
100
56
14
42
43
80
120
44
92
64
32
188
115
1
3
55
88
36
113
73
172
74
90
164
112
392
157
47
260
93
434
70
314
451
302
416
233
428
29
148
222
48
119
96
476
278
27
108
494
464
398
91
386
53
61
187
257
95
243
470
62
440
452
129
326
116
227
410
185
404
94
488
356
376
333
338
412
248
394
383
286
358
484
298
310
250
418
204
211
240
442
308
362
422
482
316
352
344
293
280
350
325
210
223
430
400
31
268
272
54
35
335
213
370
49
460
284
266
205
346
496
291
231
30
241
406
374
478
117
490
245
215
225
424
364
274
87
472
388
328
368
454
296
381
340
324
466
262
458
450
255
436
304
106
68
65
167
77
144
123
50
107
40
189
67
236
143
471
163
405
453
59
275
341
110
378
133
446
327
169
221
230
361
263
351
269
439
305
238
498
288
427
396
259
429
468
401
200
290
51
319
246
217
463
299
160
258
455
311
389
384
477
322
363
283
491
75
489
334
251
360
445
387
209
373
190
329
487
385
224
462
232
415
419
219
292
207
216
348
247
372
332
202
125
397
309
365
339
499
289
155
469
379
473
444
479
349
318
414
124
267
486
399
83
297
448
417
104
407
249
303
261
438
142
273
226
282
353
320
431
426
132
159
122
128
170
177
191
71
141
111
171
156
45
135
199
52
134
