0
13
9
24
7
26
2
5
1
8
15
29
21
206
3
201
202
12
23
188
19
18
32
6
92
33
16
14
36
10
43
210
62
4
99
17
138
167
11
204
30
65
27
51
80
216
52
131
44
22
193
82
42
104
67
49
94
77
128
89
175
50
112
129
164
192
162
146
20
149
126
125
70
25
91
185
58
100
220
219
156
40
72
61
45
195
118
55
158
63
197
31
96
153
141
132
137
84
68
38
56
124
37
39
28
103
145
105
187
116
159
97
75
35
114
34
180
107
113
134
66
85
171
165
90
152
41
172
121
160
144
95
232
177
231
142
135
120
106
178
198
174
71
108
86
190
238
102
46
53
191
59
221
101
222
93
110
173
133
161
229
74
230
150
183
139
225
233
226
130
234
170
127
157
189
151
147
181
78
155
115
140
48
143
168
73
154
119
123
117
60
186
64
163
176
69
179
148
184
196
182
81
166
76
87
122
109
79
98
136
194
47
83
88
199
200
54
169
111
57
