9
6
7
8
0
3
11
16
18
1
15
10
2
12
13
14
29
46
20
19
37
68
30
74
50
28
94
67
57
40
38
123
55
72
73
25
52
44
4
63
22
54
23
21
26
34
122
108
146
86
43
100
236
41
80
24
242
90
82
58
278
266
296
112
302
308
216
272
31
284
66
259
64
314
290
200
230
221
113
280
249
126
209
219
95
286
238
265
292
224
226
103
106
118
298
79
128
264
316
268
91
244
258
193
59
217
48
202
304
32
232
207
251
274
124
310
156
83
189
99
45
93
5
154
149
288
289
120
169
159
257
70
313
295
87
240
205
267
277
174
109
56
180
225
318
168
206
61
281
234
294
145
215
227
245
223
208
255
307
260
104
204
133
253
88
241
105
312
276
319
131
252
297
279
98
299
213
190
269
222
262
243
235
306
49
36
134
152
194
117
119
65
101
60
185
92
89
17
125
71
81
135
162
