6
9
7
8
0
76
29
33
5
12
10
2
23
197
37
4
27
16
166
30
42
89
21
3
113
153
53
181
159
11
18
62
36
185
164
83
90
13
158
28
14
24
22
73
58
74
91
55
79
98
134
67
39
52
157
15
34
66
56
54
114
107
49
190
84
60
100
147
94
46
97
106
85
68
171
123
138
151
117
172
92
130
77
81
69
112
154
161
87
156
111
155
174
35
48
176
194
148
167
127
175
144
173
179
168
104
31
149
184
17
93
121
187
183
70
199
160
20
120
45
189
61
102
86
110
169
101
19
140
99
146
57
82
72
1
122
32
162
80
177
165
124
142
143
64
41
43
186
145
198
195
96
105
139
50
182
115
26
170
188
193
63
131
137
178
150
126
40
180
191
44
128
59
135
95
25
103
192
129
109
196
132
116
125
51
38
47
136
108
71
141
75
163
65
119
78
152
133
118
88
