7
11
9
0
1
33
4
2
6
12
22
8
19
167
14
200
13
27
10
57
142
17
74
3
95
155
24
21
69
97
34
158
43
18
77
65
171
120
89
59
129
64
174
199
173
124
70
76
105
96
58
31
178
29
128
135
81
168
137
189
165
146
37
25
75
122
84
50
15
82
32
109
180
20
30
160
16
102
111
104
127
42
145
156
40
110
44
183
62
181
179
121
148
93
100
71
136
91
119
99
133
193
150
45
106
48
117
63
41
86
161
187
197
80
114
132
141
175
185
172
143
49
67
94
164
159
72
138
85
177
112
134
191
192
162
163
47
52
196
28
103
157
39
35
123
184
54
176
195
125
66
144
140
73
108
118
36
170
68
87
115
198
90
92
151
169
126
55
147
182
56
38
139
107
53
186
130
51
131
98
188
116
113
153
60
78
46
61
23
154
101
166
190
79
5
88
26
83
194
149
152
