0
10
11
6
7
4
18
3
24
16
14
15
21
19
9
28
17
13
8
54
31
36
41
84
46
26
51
40
32
43
20
59
69
48
128
58
104
71
38
121
64
12
2
57
33
77
99
60
106
75
76
102
124
66
79
62
1
29
126
134
50
39
107
25
55
30
162
158
63
164
45
67
82
140
112
52
137
85
160
294
113
81
117
125
193
88
148
159
183
70
131
91
132
170
258
23
34
173
190
292
234
151
250
298
296
248
240
176
182
269
228
179
155
236
27
276
87
246
5
268
103
197
222
272
108
90
120
154
290
278
286
167
122
284
264
211
78
118
238
241
259
288
262
209
229
199
225
213
243
143
273
206
254
281
220
223
266
141
174
123
207
202
138
217
37
257
216
203
127
232
251
256
86
153
280
