9
2
8
3
11
14
23
0
1
4
5
17
6
37
26
10
25
32
43
48
13
143
73
121
142
53
36
52
41
33
138
87
20
146
7
178
21
63
24
91
193
22
117
15
65
44
149
16
51
134
144
154
47
124
55
92
119
137
93
156
123
128
173
67
60
46
19
28
115
40
103
166
68
167
79
82
54
108
58
109
188
12
197
133
160
50
105
168
90
34
27
84
38
95
98
94
140
180
31
83
86
49
157
100
78
153
104
42
57
118
62
102
59
99
126
196
74
131
39
159
184
151
189
116
29
18
182
135
147
122
150
88
30
145
185
61
97
113
148
177
171
130
141
155
72
191
183
186
56
169
114
195
45
187
120
129
101
71
174
164
64
85
132
161
170
125
172
198
136
175
192
77
111
69
127
89
80
110
107
176
194
162
163
96
152
179
112
66
75
70
139
181
35
76
165
190
106
199
158
81
