11
0
8
9
7
1
6
106
12
18
148
29
13
23
179
3
32
31
19
67
38
5
25
62
20
40
54
68
22
42
49
86
41
92
33
15
194
182
135
30
72
71
58
39
108
45
52
155
180
16
93
188
34
83
198
137
57
116
65
2
60
109
4
98
84
187
128
158
154
161
100
191
14
183
24
117
172
169
149
82
113
145
64
50
133
69
142
190
63
70
147
160
195
248
350
150
61
131
181
27
152
332
132
326
126
51
96
104
359
362
164
320
120
75
53
59
110
134
266
298
344
144
258
290
231
236
368
374
103
196
115
338
156
111
136
178
193
94
176
119
26
157
85
166
165
129
88
278
314
302
102
201
203
95
124
130
77
107
125
48
175
264
214
171
167
101
87
114
184
153
275
311
221
265
225
287
212
322
246
309
280
238
21
105
44
112
340
328
285
247
357
211
364
334
376
273
268
219
370
227
296
99
118
66
37
159
55
185
141
78
46
47
28
151
304
259
210
250
316
352
233
292
346
146
10
177
74
139
91
56
192
186
162
90
127
122
43
168
121
138
170
17
80
197
89
174
35
79
76
97
163
123
189
173
81
73
228
226
224
229
220
222
218
223
343
339
342
341
281
283
282
279
207
208
206
209
351
354
353
355
360
358
361
356
272
276
274
277
329
331
327
330
301
299
300
297
377
378
375
379
199
36
143
140
237
241
239
240
263
260
261
262
321
325
323
324
235
232
234
230
337
333
336
335
303
307
305
306
252
251
253
249
312
310
313
308
242
243
244
245
216
215
213
217
269
270
267
271
345
348
347
349
365
366
367
363
254
255
256
257
286
289
284
288
319
317
318
315
369
373
371
372
200
204
205
202
291
295
293
294
