6
0
7
16
1
9
14
5
12
8
2
36
13
31
35
11
28
20
33
23
27
24
17
19
26
21
22
10
66
18
80
110
57
30
76
39
70
32
47
72
132
38
15
88
96
112
121
312
29
150
40
116
126
62
156
106
162
45
157
46
167
82
75
78
120
3
71
357
108
252
267
393
330
384
171
402
411
185
338
204
285
102
222
152
74
145
129
258
429
348
276
303
375
231
61
465
447
420
321
240
366
438
456
213
111
173
294
89
360
342
416
461
134
452
249
98
407
94
105
158
340
127
256
371
336
4
194
272
290
281
229
84
263
149
100
329
237
381
193
414
239
138
250
331
431
296
390
257
435
241
358
318
137
349
279
377
274
396
425
153
306
356
320
93
437
92
444
351
344
405
230
283
364
205
309
368
248
433
427
216
207
302
388
289
209
225
457
190
313
69
314
441
268
403
292
142
392
201
467
235
376
463
223
261
451
304
221
73
421
219
203
298
422
243
386
333
53
449
68
409
362
95
211
104
90
459
300
401
287
246
327
324
439
399
269
322
394
370
354
119
469
270
413
160
417
350
265
159
107
385
165
64
380
443
184
214
227
373
262
316
113
458
131
275
346
378
255
123
87
280
424
412
215
308
233
103
445
166
136
175
454
183
148
44
