11
0
6
7
207
16
9
20
202
8
50
1
14
13
3
19
4
69
27
55
114
15
150
18
86
10
35
140
57
2
108
44
28
22
62
187
25
90
5
117
48
17
36
52
42
159
115
82
78
184
34
133
83
54
87
162
109
67
104
31
68
180
105
145
119
33
12
92
38
112
149
123
96
47
101
147
152
185
74
154
94
132
121
46
71
142
178
70
107
43
144
85
49
30
80
169
32
188
196
77
141
66
175
122
75
81
168
179
53
91
192
134
193
138
177
158
165
191
120
76
143
79
26
84
97
21
127
73
124
29
189
156
153
37
58
103
176
195
102
116
106
23
173
139
131
170
60
164
51
95
182
59
41
148
64
99
89
155
45
39
61
197
137
63
65
166
181
194
136
160
171
130
56
24
129
110
174
198
111
172
88
161
93
118
199
157
135
113
151
72
183
167
98
126
125
186
146
163
128
40
190
100
