6
17
0
9
7
2
16
11
8
5
15
18
29
3
12
10
31
22
1
54
21
53
23
38
13
33
36
27
49
52
71
25
20
111
64
56
63
28
88
14
24
61
73
104
110
41
46
75
72
118
55
196
146
34
65
70
156
98
186
187
216
92
138
35
78
106
134
47
67
57
69
107
93
139
147
32
191
4
89
123
180
50
40
192
130
79
162
125
81
161
215
120
189
132
141
249
84
48
149
242
60
145
116
165
117
150
194
237
43
200
190
44
87
239
37
135
133
95
185
208
174
42
235
122
175
168
177
246
231
224
115
143
91
128
243
198
100
77
178
223
247
236
126
90
51
30
151
188
212
206
