6
5
14
1
0
15
16
8
13
18
21
25
47
12
33
7
2
64
9
27
93
35
117
50
36
45
3
32
23
11
56
42
29
95
125
137
57
43
19
69
30
147
71
51
74
75
116
48
22
88
77
66
60
78
24
172
10
141
63
94
58
59
103
211
233
20
91
54
46
128
17
210
133
118
85
41
113
214
44
198
151
212
55
132
176
37
142
62
86
108
61
126
68
73
31
150
26
83
114
173
28
243
175
157
166
97
154
163
156
216
155
79
199
232
129
135
167
131
96
244
194
109
209
145
158
120
34
40
148
182
162
81
196
70
188
144
191
139
231
180
107
177
143
102
149
226
248
178
221
87
187
249
106
124
115
92
168
247
