0
9
17
18
198
97
3
76
7
73
195
1
69
13
24
70
199
21
136
113
190
61
10
183
4
148
29
164
77
36
144
150
42
140
194
58
107
116
33
192
26
111
92
109
44
81
5
86
43
8
104
142
128
181
19
176
37
67
80
149
182
187
34
197
74
122
83
118
98
35
159
135
114
121
32
79
72
186
168
100
145
178
93
2
189
6
102
25
127
172
177
78
94
146
137
68
169
188
55
99
40
167
123
12
11
38
147
53
138
196
103
64
47
91
157
185
124
174
193
52
108
59
15
105
129
132
155
151
30
20
143
87
139
62
173
101
63
60
130
82
41
160
158
95
165
131
125
45
133
31
28
49
39
50
84
56
66
179
134
71
96
170
110
23
115
89
90
153
191
180
171
156
46
175
166
48
126
51
16
57
22
14
27
154
152
65
54
112
106
161
75
184
120
119
163
88
162
85
117
141
