0
4
3
15
2
238
118
70
16
235
6
112
81
195
171
49
65
10
137
177
143
29
217
200
57
191
8
166
25
178
207
111
23
26
5
239
216
150
9
228
14
223
100
249
224
1
152
147
209
187
80
62
76
69
64
240
73
176
109
7
91
89
86
58
193
67
61
114
222
125
145
46
212
183
186
107
185
117
210
22
133
40
13
218
132
79
226
129
41
202
174
47
233
134
220
27
232
39
21
203
130
94
121
172
19
188
24
48
35
110
106
154
102
32
138
68
144
231
242
42
123
158
83
12
116
197
104
165
149
201
30
206
243
126
214
101
122
230
139
55
146
50
105
236
28
136
56
53
93
234
237
247
88
205
52
175
95
211
180
241
142
99
245
173
54
151
196
17
168
244
164
182
225
179
181
96
135
60
82
140
157
128
31
77
103
120
131
74
72
170
18
192
92
43
37
148
84
66
163
51
213
219
221
159
167
98
87
97
85
119
90
194
71
115
78
11
34
108
198
141
155
45
215
246
199
184
59
227
248
162
161
36
124
156
75
189
153
190
160
229
204
127
208
63
33
113
38
44
20
169
