1
7
5
4
8
16
6
18
12
27
10
13
0
3
2
51
140
52
41
46
74
26
73
89
72
9
48
149
96
14
107
11
21
101
85
19
80
24
31
232
62
175
394
15
77
37
76
22
79
92
23
136
123
102
45
237
20
67
33
200
142
255
94
117
208
34
128
174
131
263
251
168
40
69
114
280
159
81
235
156
90
35
82
146
348
248
286
412
212
260
354
118
65
25
304
203
246
351
289
204
295
193
120
261
111
88
47
55
141
169
151
68
39
103
197
61
270
432
112
370
122
115
105
471
355
150
314
451
161
43
106
54
144
170
242
83
262
181
17
300
57
447
66
109
217
291
42
30
211
187
438
254
306
296
433
375
283
290
247
148
312
95
431
191
267
373
99
380
430
472
434
127
36
210
440
284
392
221
230
100
176
259
341
220
58
86
323
322
56
44
336
437
206
372
499
53
196
371
368
395
310
125
473
326
167
357
274
346
465
386
491
224
361
487
64
333
374
209
185
160
250
468
287
183
228
29
406
482
416
397
325
435
192
464
390
324
404
84
381
190
264
50
32
396
249
457
460
405
458
400
129
466
378
