0
9
11
7
14
15
21
8
19
2
12
22
29
10
6
65
20
3
1
25
41
35
17
63
44
36
24
13
49
76
16
23
31
83
5
55
39
105
57
18
33
45
42
40
26
34
70
61
59
135
66
47
58
77
64
72
166
97
143
113
74
136
62
89
174
219
85
38
37
116
93
32
125
168
56
162
102
110
53
46
114
100
134
139
80
71
118
193
67
156
94
163
104
50
205
101
177
54
180
228
172
78
152
214
173
213
171
194
130
179
159
182
200
240
170
186
27
248
133
202
221
161
48
111
128
84
176
241
188
154
82
112
90
69
191
149
206
196
229
169
99
151
142
178
220
68
60
43
246
115
108
199
126
225
91
223
119
181
92
198
98
235
247
245
