1
180
182
226
76
215
161
130
232
217
47
191
153
133
169
81
65
3
230
124
60
163
140
37
204
99
164
188
14
181
152
200
237
187
194
112
139
225
147
144
10
208
49
123
190
131
158
201
0
9
185
95
50
61
43
195
18
12
62
189
66
98
233
5
242
30
248
64
198
21
141
6
115
207
87
214
146
117
96
69
16
116
138
184
97
172
178
8
166
44
34
31
26
113
100
126
137
40
120
167
127
218
102
107
236
29
222
110
135
86
206
155
151
23
63
245
159
221
74
54
27
213
177
128
122
235
32
173
179
143
89
13
55
51
220
80
175
203
4
119
25
94
134
68
192
205
160
209
77
33
114
70
78
154
183
202
59
7
212
129
121
171
243
73
104
219
148
229
224
223
52
19
42
118
111
227
211
2
45
150
36
72
24
108
186
41
216
156
109
162
136
165
101
176
106
234
174
82
125
58
239
56
197
199
105
210
157
196
46
35
39
149
228
92
170
193
249
246
17
83
28
67
71
103
11
244
15
20
93
238
90
241
132
240
91
231
84
88
247
142
79
48
168
57
38
75
145
85
22
53
