0
12
4
10
5
7
11
2
27
25
8
41
49
22
9
26
21
3
29
18
14
44
13
63
81
53
28
164
24
65
103
54
69
56
108
43
219
75
293
122
39
16
143
1
137
57
240
59
176
17
117
126
196
6
111
116
72
93
172
144
70
180
160
73
60
85
155
153
209
158
133
207
38
290
359
94
36
47
46
62
134
95
151
308
104
71
422
254
52
188
40
185
322
227
241
192
58
394
353
131
51
91
220
92
154
125
149
121
82
34
274
78
15
76
215
239
182
356
175
286
371
298
310
415
384
163
105
452
318
174
285
77
124
37
233
113
177
361
171
99
97
348
19
357
142
263
245
291
319
80
83
387
102
382
252
434
312
35
438
299
260
211
295
495
244
342
130
333
347
477
157
225
195
334
449
221
79
118
88
354
20
55
432
255
426
448
453
248
402
440
386
498
264
332
169
412
45
226
383
267
112
23
87
42
458
321
61
253
216
329
330
145
407
135
165
115
278
261
148
129
483
428
146
32
246
343
100
398
378
345
229
101
136
460
421
338
159
152
335
281
427
282
190
269
436
140
479
110
492
456
257
86
484
499
443
397
471
376
292
234
271
