2
0
116
166
106
12
4
142
11
192
167
8
149
77
69
5
16
162
48
114
174
90
64
9
41
103
54
185
161
27
183
134
17
39
184
88
13
198
177
153
196
81
7
175
71
123
74
112
178
176
43
165
94
187
173
24
92
53
82
65
28
159
133
70
169
6
119
79
100
3
148
182
150
73
20
35
102
158
131
186
147
44
190
109
160
10
86
191
97
32
62
126
144
15
61
108
107
55
31
37
49
83
25
52
117
110
113
56
189
199
180
45
179
128
145
193
85
143
152
29
168
38
89
121
1
146
151
34
111
154
60
127
78
14
104
30
68
96
67
58
194
105
75
51
66
137
57
181
80
156
164
42
157
33
22
47
125
98
139
63
155
23
136
59
197
46
132
87
188
99
172
91
130
19
122
129
36
76
95
120
141
93
50
195
171
170
101
72
115
140
40
124
18
21
138
163
84
118
26
135
