0
10
13
12
7
14
16
4
18
19
3
172
55
8
34
45
9
37
31
17
36
5
2
62
73
11
6
239
30
51
46
105
109
27
21
28
84
52
25
32
140
82
163
54
49
129
159
226
133
122
88
168
61
238
23
145
57
115
22
40
178
191
210
15
198
42
39
224
86
91
80
231
138
149
38
135
185
150
47
58
143
114
245
43
194
59
108
89
230
63
221
29
205
44
20
112
192
158
131
65
71
75
228
119
207
95
120
69
240
137
235
249
148
173
199
243
142
229
98
141
153
175
156
64
182
188
234
72
103
208
165
161
176
127
68
202
118
216
213
130
81
24
107
183
196
126
219
124
214
78
162
236
203
247
35
177
56
233
248
167
222
132
154
155
187
217
227
110
1
134
97
181
92
180
147
204
96
101
223
102
209
186
225
189
83
93
67
26
99
171
136
212
104
66
111
94
157
193
146
100
242
200
241
76
174
50
128
70
220
53
215
152
151
123
244
201
144
77
90
33
106
232
74
79
139
246
125
170
218
166
85
211
206
117
113
164
169
195
184
197
179
121
116
160
41
87
48
60
237
190
