0
6
8
12
10
25
1
11
16
4
20
18
3
31
30
247
170
17
9
78
47
67
24
7
44
203
14
32
19
22
39
85
52
113
202
5
123
89
177
124
97
136
26
33
93
58
63
186
185
51
37
137
116
53
218
50
29
115
27
94
213
80
231
83
68
66
55
158
65
217
57
133
161
91
225
159
56
227
126
46
236
174
131
182
23
102
103
241
114
235
128
240
234
59
108
189
101
243
36
187
105
38
72
43
149
127
184
245
139
168
135
117
74
130
167
223
54
190
166
169
119
179
148
106
41
153
95
239
69
71
238
224
215
88
125
13
150
28
180
195
151
81
138
21
104
246
92
145
62
244
42
206
222
248
232
209
160
226
60
140
212
191
199
156
75
201
120
164
146
96
35
110
228
163
141
111
122
196
100
132
143
87
134
99
208
229
183
220
70
188
172
211
109
107
147
176
64
173
193
205
86
34
204
76
152
84
82
129
175
155
230
181
40
90
210
165
79
73
77
216
198
219
233
200
49
249
162
2
242
221
121
142
154
118
192
214
15
194
207
45
48
61
157
98
112
144
171
197
237
178
