0
5
21
7
12
8
6
14
15
93
4
28
231
138
72
182
13
246
108
146
18
213
194
9
88
2
51
30
113
22
123
48
211
29
40
17
171
25
204
81
20
24
102
50
132
212
35
75
34
59
226
83
61
55
188
115
229
118
193
150
186
181
26
140
216
31
47
177
157
80
218
126
158
107
185
168
248
137
16
203
42
172
77
179
70
74
100
54
109
57
196
73
145
86
125
249
10
184
242
241
189
190
165
52
120
147
155
160
235
58
32
237
180
223
91
92
210
139
124
43
87
68
201
36
44
69
79
41
208
214
119
45
143
176
206
46
110
156
191
225
183
198
114
247
27
117
164
85
161
76
130
178
63
62
200
99
129
169
111
131
105
60
159
175
116
141
227
217
98
64
221
82
195
78
197
166
233
149
192
243
236
199
1
148
152
239
67
66
95
144
23
121
163
162
207
37
49
154
151
19
39
205
106
173
215
94
56
219
104
240
122
174
187
220
3
228
232
84
209
53
244
89
133
135
96
136
65
134
97
238
222
101
127
230
103
224
153
11
170
245
112
90
38
71
33
128
167
234
142
202
