232
16
133
161
163
97
119
231
181
150
57
151
212
4
0
219
91
194
90
21
63
183
10
50
104
42
85
80
166
29
173
233
246
242
229
54
99
217
44
41
93
125
1
110
83
202
92
22
221
199
149
34
102
53
170
244
123
148
243
52
11
224
200
58
113
171
31
152
169
214
114
177
145
191
174
122
186
220
160
136
87
235
12
107
25
180
241
158
185
216
95
40
60
5
139
141
176
197
43
61
120
193
101
15
154
144
26
19
3
68
108
71
117
77
66
115
86
206
228
28
153
2
64
6
159
94
9
210
27
70
109
14
147
237
134
17
8
187
156
74
73
7
62
208
248
106
82
100
51
129
111
143
67
230
184
207
175
225
49
195
249
137
96
103
234
167
89
118
142
239
238
13
39
84
192
59
188
131
76
155
69
168
23
116
201
236
172
135
222
88
