204
37
229
157
107
50
83
166
129
69
16
193
246
224
188
179
35
19
194
82
240
45
134
128
136
161
81
0
150
228
61
173
95
8
94
184
178
71
162
159
219
2
87
52
203
199
195
47
155
226
13
239
92
165
113
237
218
42
153
234
122
148
112
146
158
17
141
99
139
201
90
232
105
1
74
132
60
120
149
238
215
145
102
152
211
34
33
138
7
65
79
172
243
86
181
135
160
80
89
121
200
39
176
192
15
88
230
185
12
40
180
101
235
130
177
171
109
217
111
5
183
91
249
175
182
222
36
4
54
220
248
147
133
62
73
75
214
142
11
242
206
116
210
32
151
227
154
66
244
20
233
26
27
23
209
98
41
108
167
124
70
123
115
190
196
85
68
57
221
163
186
18
48
140
53
137
30
76
104
9
6
223
21
59
46
125
213
168
245
64
117
55
51
22
110
114
25
78
164
225
170
205
119
174
156
100
169
198
28
197
189
212
84
58
103
56
31
44
106
67
191
72
3
127
247
63
208
77
207
97
118
29
43
231
236
93
38
24
96
131
202
14
144
49
241
187
10
143
216
126
