7
23
220
17
136
124
208
109
205
195
57
228
76
132
92
1
134
43
20
2
165
188
137
73
116
103
74
163
34
162
167
6
41
12
186
121
179
181
64
35
94
145
65
95
24
200
245
28
133
140
227
100
52
80
191
91
18
241
126
105
223
63
117
156
108
27
139
75
196
169
239
42
153
174
142
185
143
59
25
160
144
39
51
201
141
32
219
217
53
44
96
157
135
233
111
178
190
0
45
173
168
159
86
240
102
70
204
69
244
54
175
29
83
236
176
131
5
194
99
210
234
16
238
235
146
184
211
115
202
26
213
155
68
192
98
101
209
183
33
55
189
125
197
158
221
89
104
97
67
38
166
129
79
237
130
107
77
199
87
9
56
88
49
127
47
37
14
11
203
72
50
161
85
112
30
122
128
62
71
232
230
246
207
138
229
4
149
3
212
216
31
61
154
21
152
248
48
119
78
177
226
147
171
164
8
81
84
206
193
150
218
36
58
46
198
13
151
243
215
222
120
182
180
172
123
10
22
148
187
170
118
224
110
242
82
106
66
19
60
40
231
113
90
225
93
114
15
247
249
214
