21
119
89
245
29
36
215
76
157
117
225
85
103
243
127
50
42
84
4
163
135
44
60
79
14
204
150
39
131
187
82
116
184
105
32
107
97
146
224
114
145
139
22
86
40
138
81
47
49
61
31
72
88
51
241
247
57
0
20
87
43
34
166
173
155
106
231
229
154
193
27
12
249
165
223
151
132
182
67
108
198
78
203
83
233
134
178
101
99
238
143
205
148
71
189
48
147
129
35
190
208
222
65
7
185
55
159
230
232
110
93
133
168
196
94
142
28
234
186
136
96
181
201
98
228
5
10
137
121
33
92
160
9
41
112
16
113
70
68
227
216
38
52
214
123
248
122
246
171
56
126
26
15
75
207
218
239
197
2
202
158
54
1
176
30
235
13
109
128
153
217
91
130
77
125
177
169
45
8
25
200
191
220
244
180
210
170
167
149
219
144
152
53
63
69
164
24
3
162
140
188
58
66
64
195
192
95
18
23
161
6
199
212
46
115
209
90
237
118
179
124
11
19
221
194
236
62
226
213
100
211
102
141
111
240
206
156
73
80
104
183
175
37
242
17
172
120
74
174
59
