45
95
84
234
190
186
99
61
90
71
172
210
230
195
18
212
168
162
124
88
147
138
216
240
9
173
203
158
85
144
27
76
28
142
204
200
59
48
243
89
113
197
179
198
125
116
249
81
224
83
24
41
119
183
151
180
233
30
192
74
65
175
92
155
223
139
73
56
199
50
17
206
46
5
225
149
58
164
181
68
130
169
166
111
96
31
106
188
211
64
152
136
132
19
35
60
178
55
156
232
218
165
21
115
176
109
62
242
201
193
49
42
161
80
47
14
91
100
182
1
122
127
36
53
72
4
108
23
38
123
101
228
184
214
105
118
235
110
219
93
107
22
238
57
34
75
146
39
20
25
150
6
3
221
160
8
135
191
104
67
220
140
153
157
7
87
82
189
78
202
174
167
177
79
236
143
112
70
154
217
145
77
16
33
244
103
86
248
54
40
128
129
102
187
114
10
237
208
69
51
227
171
52
11
148
