248
204
347
340
41
23
223
134
215
339
231
189
111
206
76
96
278
320
190
7
142
63
202
75
34
87
316
133
292
49
93
195
334
332
175
315
240
264
13
337
83
227
234
132
38
217
196
168
210
317
181
178
104
145
343
9
97
129
169
152
342
4
266
68
330
117
245
8
25
30
82
200
176
207
16
182
118
333
322
221
21
253
283
48
165
5
160
20
10
39
88
113
257
279
90
100
314
98
69
126
173
328
54
319
232
309
310
311
194
327
294
35
250
59
286
171
136
285
243
124
284
153
308
112
229
187
325
1
263
259
52
161
298
209
84
348
2
251
167
225
269
22
143
121
341
46
28
218
101
55
312
78
270
162
53
226
138
24
99
27
29
31
290
19
212
3
183
260
79
139
15
346
326
56
42
156
199
289
291
43
247
271
338
244
323
102
128
302
267
150
299
252
261
193
307
120
135
115
146
89
26
258
72
180
275
94
65
127
148
297
179
287
18
51
116
45
233
154
305
239
92
151
313
230
11
301
58
62
74
214
108
228
219
224
159
105
276
238
318
324
172
213
268
155
288
198
73
185
329
36
131
249
345
14
122
77
306
246
6
141
147
40
336
274
203
80
71
272
103
184
281
85
60
304
12
242
205
280
262
211
188
66
81
