43
1
26
127
181
203
110
240
239
8
47
100
130
46
149
208
163
115
150
128
224
30
234
69
237
75
162
249
245
79
124
6
206
219
235
61
202
156
133
73
116
104
68
138
92
186
34
247
13
57
147
58
87
220
131
2
84
36
15
45
213
123
144
109
191
227
195
125
33
56
21
145
39
22
141
175
9
7
207
91
93
19
4
118
89
101
108
120
111
117
246
161
65
35
198
81
134
114
119
217
60
164
136
16
167
20
18
102
24
221
142
74
184
126
78
64
59
112
229
166
222
5
106
63
42
121
226
137
179
178
3
27
182
169
54
241
172
0
76
140
205
230
223
211
25
85
135
155
98
199
176
204
72
173
11
52
197
32
171
41
154
132
244
192
82
86
190
159
31
83
97
62
201
107
153
122
180
148
50
196
151
174
146
10
77
105
187
23
94
231
99
37
96
228
216
40
103
28
95
168
113
200
29
90
67
236
243
218
49
88
188
129
193
66
233
139
189
158
225
152
143
70
160
185
71
183
12
242
53
38
177
165
55
170
80
215
214
44
48
194
212
238
210
248
14
51
17
