263
298
342
399
211
299
435
219
83
241
295
29
94
386
336
20
27
187
180
430
499
327
355
222
111
407
498
454
230
236
349
37
125
331
284
70
231
79
102
471
257
266
347
87
411
171
240
416
457
63
393
379
328
2
303
46
238
489
232
365
25
418
214
472
478
75
96
131
8
50
243
161
357
368
260
132
183
207
319
98
470
276
16
142
252
248
294
401
246
151
356
205
278
226
410
306
264
204
239
371
215
406
54
71
36
390
397
153
495
249
55
45
41
491
154
100
109
475
89
370
255
270
32
297
381
221
77
158
112
318
9
108
138
199
443
378
345
280
413
254
361
346
469
496
225
316
329
383
114
388
173
68
374
80
122
258
167
14
480
169
367
490
234
296
343
1
384
164
377
262
269
67
101
442
115
387
203
335
323
95
291
52
200
311
344
302
22
261
148
123
189
436
333
170
149
458
259
380
17
256
285
428
325
304
23
21
456
147
84
72
351
483
229
35
58
281
462
144
360
3
440
44
362
449
375
447
223
338
19
247
400
216
317
404
150
97
233
288
129
185
128
103
408
34
366
465
113
178
434
493
73
213
18
141
463
460
321
137
265
484
57
250
334
369
133
448
415
62
82
208
283
468
279
40
88
163
275
12
423
282
444
139
395
235
196
188
398
414
391
24
4
218
33
160
182
47
494
106
312
474
451
242
130
38
476
433
305
487
86
341
198
224
39
473
268
156
422
289
76
429
30
143
11
120
121
300
437
324
417
126
136
134
193
124
421
479
53
446
13
145
202
352
426
174
313
308
209
441
354
339
290
197
274
118
43
186
464
175
127
59
42
194
181
91
110
467
486
119
373
81
272
92
177
452
237
403
159
402
466
409
439
6
140
385
271
267
104
184
461
358
244
425
497
165
61
332
227
56
450
49
251
482
179
116
66
337
310
309
155
117
157
99
453
7
69
301
135
389
424
65
432
74
212
146
382
287
488
364
292
5
350
48
31
206
326
15
492
320
431
293
10
376
405
427
340
28
353
459
438
64
412
394
455
191
477
172
168
220
78
419
277
273
396
90
330
445
485
420
162
307
348
228
322
201
152
314
392
105
217
60
363
359
176
210
26
166
315
286
85
253
93
372
107
190
0
195
192
245
481
51
