258
285
101
317
136
332
153
299
218
114
320
254
291
5
206
106
120
221
275
139
83
57
29
48
124
76
52
22
190
141
43
168
204
109
288
125
105
297
77
67
211
40
279
158
60
7
202
92
249
112
138
37
166
82
174
20
334
170
227
331
324
208
245
117
262
276
11
337
137
343
167
193
234
66
34
104
46
247
36
42
152
118
308
140
69
160
154
300
305
110
222
2
176
210
3
38
33
302
49
75
349
127
278
246
269
162
311
309
267
102
304
226
28
64
15
223
74
346
35
335
233
78
205
70
84
72
180
303
341
113
261
339
295
198
330
257
207
282
24
182
264
80
50
240
55
348
151
18
73
135
298
273
214
51
314
123
39
169
191
126
27
157
259
248
216
147
316
255
65
213
0
323
143
242
251
9
318
155
103
265
250
230
310
148
286
25
229
312
107
121
149
4
252
181
129
119
26
266
228
236
284
6
85
342
301
200
63
241
215
53
253
45
95
31
294
87
62
260
150
224
183
296
319
1
94
244
97
23
212
79
96
315
197
122
91
47
19
344
333
145
220
41
17
108
187
290
59
199
98
235
277
219
173
340
313
195
178
188
165
86
321
142
272
44
201
325
280
194
90
293
14
164
231
163
131
54
