14
77
121
30
230
206
50
189
165
176
105
140
192
235
82
111
76
40
217
169
222
128
23
97
225
154
210
116
114
207
44
238
190
196
49
241
147
29
18
60
197
74
54
150
149
168
104
20
69
144
209
177
172
201
113
228
215
98
146
135
7
171
124
78
148
103
226
231
81
233
139
205
31
142
66
13
12
72
8
244
181
22
61
62
95
16
152
219
70
17
249
65
73
34
125
83
110
183
87
108
102
80
28
11
247
132
159
119
162
123
191
199
64
186
182
214
164
151
242
211
134
25
32
243
58
234
173
89
184
93
143
6
203
213
67
157
229
126
48
21
170
38
36
232
94
24
195
167
57
86
2
37
240
63
99
202
208
141
46
53
85
239
236
33
3
227
109
1
41
68
45
187
160
96
101
133
88
47
220
198
91
136
79
27
71
107
5
92
4
84
131
56
179
55
0
51
59
138
166
118
127
39
10
193
223
194
216
163
178
245
153
35
212
43
188
122
218
100
155
9
185
75
52
161
120
156
106
19
221
26
90
224
204
112
180
129
115
130
137
42
15
158
145
200
246
117
237
174
175
248
