110
28
214
244
106
132
161
237
67
17
93
39
51
119
180
1
230
224
68
64
7
60
166
77
207
198
50
233
82
172
137
48
188
44
126
204
171
158
9
217
240
88
104
52
139
19
200
203
134
241
150
14
25
226
59
173
29
91
118
100
125
136
87
138
143
53
5
99
201
89
131
209
31
83
140
206
42
4
155
78
71
47
35
111
185
199
63
168
80
33
246
123
58
38
175
248
242
220
102
32
162
156
194
49
170
37
189
26
10
57
92
181
13
41
222
84
101
146
196
115
75
70
215
236
43
113
112
8
18
116
142
66
34
30
245
177
21
54
24
239
163
148
124
225
90
232
3
243
211
46
95
98
86
107
182
96
191
36
12
6
219
247
121
213
16
149
152
154
114
15
133
127
151
45
187
205
147
165
229
40
159
69
11
238
234
184
195
23
27
73
178
141
208
145
190
216
167
72
130
117
227
169
2
76
157
85
55
144
62
192
22
174
135
