177
13
226
142
19
242
60
221
116
201
20
27
154
29
89
218
222
122
186
93
230
147
146
182
187
94
181
5
189
244
103
114
163
3
86
184
101
107
217
130
84
30
167
38
196
164
75
152
119
173
118
25
125
211
82
36
97
213
165
48
73
49
136
77
140
133
58
193
233
151
117
42
22
127
203
188
209
206
112
220
145
236
121
156
28
176
215
31
249
11
79
141
148
90
85
225
162
131
2
185
174
106
137
74
200
14
240
39
190
224
129
62
0
241
132
109
1
68
44
105
180
113
57
7
228
8
171
91
245
81
246
63
16
17
110
111
21
214
71
166
46
53
231
40
232
138
47
238
51
108
239
12
61
153
4
192
69
210
198
99
50
172
34
100
216
55
160
179
175
88
158
157
54
219
155
195
26
229
9
223
134
123
124
202
115
64
104
18
56
24
59
248
32
135
120
35
72
43
70
183
92
128
227
170
150
194
204
139
207
178
102
161
243
169
80
159
6
199
45
33
237
212
208
66
76
98
96
149
247
95
168
41
234
205
15
67
37
83
78
10
144
143
197
52
23
191
126
235
87
65
