371
193
479
163
137
253
451
145
224
227
307
279
283
99
293
167
127
141
431
246
468
42
436
170
80
306
264
322
405
285
107
334
240
319
494
320
138
104
243
211
456
28
385
7
164
312
172
90
333
270
379
386
497
86
54
159
92
273
335
446
357
114
369
437
33
129
377
165
204
233
201
68
408
255
203
112
249
308
423
37
174
66
17
143
489
105
407
184
331
72
171
110
289
6
88
232
347
397
212
135
139
428
254
101
354
432
470
196
181
327
461
241
454
384
189
225
61
396
296
32
482
495
304
302
155
330
15
209
478
115
425
185
422
46
74
162
52
269
239
187
263
217
317
429
294
93
337
499
173
229
194
286
338
147
154
67
271
82
180
31
168
136
215
142
476
47
19
457
210
50
262
442
313
70
278
5
220
404
444
343
13
398
9
314
471
381
252
496
309
178
483
186
23
365
94
359
96
443
382
318
234
71
373
149
305
123
469
132
339
299
465
358
78
265
160
95
378
488
69
213
491
490
49
120
275
406
424
30
146
485
116
144
366
440
276
247
113
487
415
387
77
324
260
14
118
418
39
376
340
56
362
222
4
417
259
399
258
350
40
122
219
352
290
311
245
53
151
244
430
295
280
183
248
281
433
191
389
361
103
44
156
57
11
130
328
119
85
251
121
458
228
18
336
403
36
237
291
356
27
25
409
43
169
128
410
447
236
364
267
323
332
182
59
257
463
325
133
202
453
26
214
197
303
126
199
455
439
374
316
41
492
416
152
76
370
176
205
426
435
24
363
367
124
345
35
140
477
75
131
448
45
414
413
157
261
360
188
390
445
16
427
493
460
20
315
459
402
341
321
380
106
10
372
288
65
216
108
48
391
266
62
421
300
89
102
38
206
81
238
462
3
353
208
464
348
351
392
150
473
58
235
326
250
329
223
192
125
383
109
55
480
179
21
284
297
230
100
2
301
452
60
177
51
12
434
411
190
395
287
282
467
472
310
420
161
83
481
349
298
277
272
394
91
393
111
226
87
400
221
498
63
466
441
242
268
449
355
419
175
218
207
486
292
344
148
388
450
29
484
200
346
117
134
22
342
375
153
64
231
166
98
438
274
97
0
195
84
79
198
8
474
475
73
1
368
256
401
412
34
158
