3
126
225
219
245
145
247
144
25
28
237
84
214
58
185
206
89
162
117
209
202
211
180
221
93
231
27
36
208
23
115
123
149
128
72
189
178
121
148
61
174
238
239
11
122
159
220
249
34
81
26
222
199
201
114
132
0
62
39
204
94
203
99
30
137
59
166
74
136
205
223
170
19
167
22
96
190
186
18
90
192
216
172
113
156
67
111
79
150
161
160
80
131
228
105
243
130
108
92
182
171
83
191
151
6
106
169
212
119
45
181
244
102
97
43
70
248
116
163
188
68
179
193
56
41
29
60
165
38
127
139
183
134
53
104
110
235
229
75
24
20
234
87
103
15
69
147
232
155
215
64
218
51
240
63
224
71
73
54
200
31
12
44
112
42
98
9
1
138
173
198
50
124
40
154
164
13
47
230
91
66
227
210
37
17
217
141
65
135
197
77
33
86
226
143
133
7
55
4
187
88
46
184
194
109
101
