307
177
282
284
5
143
113
167
23
193
311
200
109
261
136
254
29
288
316
184
328
21
225
63
164
47
11
94
217
181
169
291
18
126
188
104
325
257
65
159
314
310
213
199
203
180
34
255
320
270
324
210
346
315
216
26
337
152
265
42
252
290
24
299
174
205
124
208
123
74
131
305
46
121
41
25
336
230
219
224
129
51
153
78
171
3
107
342
68
232
274
157
173
202
349
72
178
223
148
287
38
16
145
156
330
267
32
64
105
262
98
321
83
343
92
102
338
116
170
187
294
9
185
242
191
39
258
61
138
231
57
168
194
322
201
130
296
298
20
147
155
162
115
279
222
37
176
192
215
90
275
53
278
6
101
253
73
133
211
289
334
329
97
84
17
158
59
106
197
281
134
150
259
286
49
277
88
166
285
36
119
40
295
19
110
251
264
198
142
48
227
112
318
183
13
10
196
67
220
22
69
241
271
139
43
86
60
28
140
340
238
127
319
313
154
14
297
308
33
120
309
266
206
190
132
276
125
70
312
249
7
165
204
345
327
214
244
77
303
226
56
333
323
99
233
236
122
300
58
0
189
228
82
207
50
160
247
317
31
108
35
245
304
79
52
292
250
240
75
135
4
260
163
263
218
339
293
172
81
95
96
