47
280
113
471
68
416
407
82
142
114
92
212
193
432
69
206
391
441
304
138
371
489
11
100
157
32
180
136
313
437
369
301
465
295
430
446
366
232
475
13
357
87
237
186
242
287
450
127
166
51
234
297
99
389
329
493
111
219
373
226
429
208
79
96
235
477
255
179
236
298
288
264
464
462
410
363
185
57
246
149
367
27
35
181
12
112
5
54
368
84
360
334
434
225
268
340
91
388
400
70
195
451
184
22
279
44
25
417
348
254
137
118
239
312
259
470
67
380
463
260
275
198
338
415
146
145
411
36
321
302
210
327
485
163
73
249
188
308
172
292
394
18
257
270
382
216
341
176
277
93
494
31
362
286
486
45
444
390
328
56
7
344
240
406
23
0
358
174
479
222
231
284
106
435
34
412
211
209
71
33
439
221
306
299
143
347
282
159
229
182
86
156
421
281
399
120
440
62
30
128
247
170
265
52
436
491
474
66
273
300
291
472
318
169
152
123
10
115
6
175
164
74
243
457
63
148
108
119
316
346
448
452
248
374
155
310
167
151
197
354
379
126
160
393
224
8
274
285
425
144
349
59
263
48
364
293
102
398
37
443
428
241
311
261
403
409
39
283
199
499
65
413
72
319
483
61
202
447
78
230
140
89
339
351
315
158
16
484
480
492
132
401
154
168
3
233
117
396
423
476
375
350
227
125
38
153
76
296
333
427
332
40
386
250
467
343
194
55
203
461
220
101
205
385
384
189
325
4
124
267
109
90
498
217
466
266
15
21
191
481
129
387
345
150
262
468
192
445
420
134
458
162
337
133
9
478
253
46
130
453
244
97
355
408
418
405
64
305
116
196
269
365
317
190
438
17
335
215
75
490
383
171
381
58
165
497
122
77
201
422
178
431
252
326
95
324
424
460
271
110
331
173
20
414
356
60
258
103
200
214
81
251
88
49
426
272
183
105
161
238
482
342
397
372
107
85
455
276
353
473
29
19
278
359
352
24
187
320
459
121
294
336
449
377
361
370
80
135
131
141
322
50
454
378
204
94
53
147
223
404
213
419
139
228
26
289
290
323
496
456
469
488
256
442
177
392
330
98
395
314
245
376
43
42
1
28
207
495
218
307
433
309
487
2
402
41
303
104
83
14
