311
341
696
532
531
384
850
1111
1110
312
389
412
1087
1086
413
1109
647
698
1085
1108
695
414
975
530
974
406
51
581
67
1195
86
132
1058
788
253
814
112
569
553
193
130
555
299
556
88
297
736
664
707
661
654
662
839
430
186
1120
525
1119
1114
1093
1115
395
960
43
836
808
968
46
481
275
671
276
672
487
156
165
819
820
1118
790
1092
166
45
44
793
794
795
134
1006
267
1225
855
268
603
1157
650
621
972
639
971
1158
613
649
1159
693
692
108
675
730
201
578
169
840
111
400
1209
401
526
1073
1079
1074
212
224
233
228
239
774
71
114
492
141
807
101
1018
149
656
109
683
663
217
745
221
440
441
439
248
436
746
929
1061
1062
522
1151
1182
1147
1164
1204
1025
1205
1152
1153
1202
1165
1199
1189
1175
1024
1190
1166
1200
944
1146
1154
1176
1206
1177
1155
854
1203
1156
853
81
421
300
357
891
356
9
28
420
10
179
419
305
1138
1144
956
1208
955
1145
1142
304
952
458
1207
457
456
135
517
518
1014
115
116
1121
170
76
867
1069
1002
1149
866
1000
1222
995
1068
1003
1067
894
987
988
1011
26
909
714
851
948
879
23
1213
131
155
800
843
799
147
822
823
48
433
47
118
72
508
77
73
33
188
307
966
306
104
728
727
726
841
168
434
482
534
543
544
1012
557
542
541
404
1046
965
1047
989
1080
1081
1
40
42
1089
435
339
479
1016
338
145
550
560
146
561
200
493
476
477
893
892
634
945
78
182
183
551
572
537
332
1221
366
190
1095
1100
1096
1097
1098
318
1023
622
1094
1026
993
1027
317
202
203
251
443
250
1039
761
437
935
659
455
878
759
1143
758
873
872
877
876
461
757
314
1174
315
863
326
316
471
310
309
619
925
924
1217
923
1216
922
921
920
178
509
292
177
602
176
286
287
554
483
732
213
1037
1036
133
706
342
343
328
93
806
789
576
90
137
100
731
50
271
55
54
1078
1077
904
1076
1075
689
969
973
725
724
723
263
15
85
322
847
981
61
302
301
60
715
999
359
653
454
358
453
355
1001
354
265
577
535
258
444
445
1034
754
742
743
1033
744
449
450
238
243
1040
1041
1042
220
1060
951
252
1054
950
466
120
269
270
18
809
897
896
962
998
961
1220
997
996
1219
1218
386
677
676
473
262
991
124
91
396
1082
1084
1072
1099
369
360
331
604
330
928
1021
1020
927
926
364
365
470
552
488
964
1066
25
910
65
181
113
180
126
12
681
127
682
564
563
1045
739
710
713
801
321
979
599
976
496
340
324
185
5
30
36
31
32
870
887
871
933
901
869
852
900
888
934
899
53
144
92
1051
94
494
821
978
977
347
346
348
208
211
753
771
776
691
1049
1048
1005
690
645
735
207
780
781
635
636
646
637
638
290
288
558
559
624
939
625
938
623
937
626
796
573
27
957
209
1128
1105
958
959
605
606
313
234
446
62
667
1124
529
787
668
506
512
513
516
381
380
688
963
82
670
472
119
83
657
157
158
159
1122
16
527
712
11
1088
711
684
1044
19
17
187
160
424
143
89
431
138
432
219
775
665
666
52
786
827
828
1116
68
148
95
150
986
467
523
480
1070
468
1071
533
407
1107
1103
1015
1102
685
1019
385
399
398
720
936
1224
1223
1106
387
620
383
837
377
838
291
678
679
680
382
319
96
189
501
426
87
97
49
792
729
285
323
565
272
791
595
325
1126
1127
898
345
994
229
230
631
630
303
629
815
499
980
410
805
409
804
495
408
813
1101
294
171
376
204
1022
1017
320
337
336
335
197
198
658
882
881
875
883
361
738
880
392
393
56
949
521
1057
1056
763
762
767
1059
593
592
591
585
586
587
588
589
590
237
173
601
411
175
80
298
594
75
596
655
99
916
474
628
475
942
917
918
919
1187
1186
485
946
486
484
947
451
749
452
747
741
1053
256
240
547
546
548
6
545
1148
1194
1185
1139
616
600
1210
353
352
329
1104
719
718
351
717
350
349
371
372
370
1198
1197
1183
1184
59
58
614
390
391
848
849
779
478
524
1125
199
802
153
812
803
810
172
154
498
497
34
151
35
783
784
1008
1173
943
1167
1169
1168
520
1007
103
102
423
427
98
162
107
110
191
66
674
192
403
344
970
615
1065
402
1064
1063
397
708
864
709
782
164
29
24
528
125
469
429
117
1004
990
121
1013
254
216
215
205
206
1010
967
984
388
519
465
772
733
422
266
63
293
64
161
374
375
618
373
378
1083
327
617
1172
1171
1170
1191
174
941
704
627
940
194
536
136
701
570
702
703
660
669
716
686
597
223
1055
769
740
442
222
438
214
1032
1031
257
448
447
260
259
249
225
232
889
755
756
57
932
902
903
908
907
906
905
1140
1141
333
128
129
510
511
826
824
825
142
428
140
296
295
562
37
566
489
490
282
797
152
785
281
280
798
1117
460
459
992
895
20
21
22
1090
1091
167
84
4
3
2
0
13
14
184
122
283
642
643
641
640
644
405
1123
829
830
831
983
985
982
274
139
273
700
123
699
106
105
865
930
931
7
571
284
8
954
953
1212
737
842
74
844
734
69
70
1050
1201
334
1192
1193
368
858
859
857
890
278
279
277
607
503
