19677
21232
21233
3293
12203
3619
19926
21346
14378
19313
14670
21541
4013
3743
19680
21235
3898
20026
20403
14667
4489
14669
21040
3618
14668
21351
3287
3291
21540
4018
3842
3521
21353
21238
14457
21035
19519
3838
3271
20506
18973
20541
21542
14291
24861
23322
3904
21371
14493
19439
3312
21006
20747
3538
3233
2821
3758
3373
15043
20575
19124
4632
20746
19654
21554
15
14314
20894
21240
21010
3317
20744
19337
3374
21702
20749
14495
21009
20406
20753
15330
21555
3837
2825
19927
18987
3923
8782
19183
14464
14246
3799
7663
14885
14553
21348
14452
19190
3899
7566
20745
3922
19679
5452
20751
4098
21049
16637
2913
4256
8837
22012
4200
12734
21007
19675
9976
4172
12217
4609
20913
21377
7569
20799
21008
13
21477
4016
2836
14681
20755
9641
14451
14496
19946
21005
19766
12216
15632
21341
19928
19653
19743
19493
14393
4610
9306
21352
2983
2790
3454
23086
4614
3666
6495
14488
14461
16156
19379
21507
19152
3665
21527
3886
7995
19953
19339
3254
14245
10342
19310
19858
20269
21118
12134
19349
3848
24988
4202
15266
4607
19525
19209
3070
1746
13485
19790
23440
21443
19779
20417
19175
19599
10349
3387
20603
3621
3682
19441
4178
20067
11288
14
1970
3609
2713
4615
21505
7994
21163
163
14619
19415
20508
3684
21033
16890
3854
21050
3280
21032
13216
8781
11771
23971
11311
8629
19442
21300
19491
14039
20986
3686
3341
20502
22905
14487
1995
7526
4041
6672
14961
20987
2880
10629
1397
19166
19763
12981
15029
14964
2820
4199
7989
20424
7567
3476
5122
19944
19959
15030
14665
19595
17678
20991
13210
24878
4639
4315
13484
2062
3855
24957
21059
4263
2985
4474
9382
14478
9086
11287
8377
19842
19948
3683
19791
19240
2993
21471
1924
3250
21392
4226
1166
21928
12735
11622
21339
3592
5438
4496
6492
20988
17696
14572
4502
20045
3668
17574
3634
20059
17527
19794
19798
3525
11741
20285
20569
20148
4097
21442
15896
20354
3457
3900
19334
19505
4198
18576
12599
6016
9650
11283
2684
7434
19986
19233
8494
14259
22545
5873
22768
12732
2800
3970
21553
16800
4073
19363
473
4029
21705
13483
9084
17577
3791
20302
16989
19594
4442
3211
410
11294
8715
14481
9642
20173
21002
20752
4081
5802
20454
4524
971
13390
4014
3232
13486
19524
3905
14456
19419
22097
2752
20151
21237
21475
19597
4633
20491
19488
3452
20321
21823
7565
21460
11992
13426
14258
2685
11938
22317
21674
12462
2822
3729
6967
14666
865
4177
15503
3526
3263
3789
21003
14392
22661
2859
19954
3804
20230
20055
4082
12820
6632
20433
15014
10347
7951
16519
20291
20280
15093
19416
18974
23178
4640
15332
11328
20232
2721
15140
4480
21091
21085
4493
14257
4175
4418
11231
9120
2735
23380
22868
20475
10352
2791
9960
5875
19288
19229
14490
11332
19123
3555
16621
19506
18438
8488
14266
4445
20624
23967
20050
20483
3977
5871
10348
21272
21123
23179
13233
19728
21098
20989
15052
3259
21578
9846
9631
4861
11525
3114
23949
18047
4251
14646
15407
20875
3642
11993
2566
6980
21926
23040
18859
21167
5502
2992
19311
6788
20892
7563
19486
11790
277
12859
11407
15181
14312
21157
12884
14482
3052
19186
14268
3673
11486
4762
20605
21347
19490
13988
21366
20708
22017
2417
14594
19845
19236
20581
18441
21968
19333
14613
3036
20278
3310
20760
10216
9331
9313
2810
4357
3801
22016
6262
21292
16570
20288
20867
2699
19054
970
6363
3991
1382
19184
18575
16495
6000
21797
1741
3606
11991
19224
14010
16172
3068
3058
20673
11383
3659
15546
8627
4605
4250
8476
19707
20451
14127
4475
9999
20999
14660
21254
14480
11576
1768
23006
20056
19225
20485
8847
20516
4471
16347
21177
13039
21055
4491
3379
6156
4363
17673
2053
23114
19289
14185
8777
2689
20492
20177
14593
11800
14264
24987
11764
14285
18819
3829
3728
20039
19417
6455
3266
12745
17356
19593
2939
16577
2980
19527
3376
19566
14890
9630
21047
17753
24991
20813
19630
19500
12978
20955
24620
3849
3083
20816
351
20621
16100
22156
17867
20369
3160
22158
14311
16873
19234
4790
10983
11514
20262
14184
21321
24732
3961
516
11667
14397
14690
21671
4341
11478
15889
14509
12252
3242
19526
10148
24880
24691
21522
9777
6708
9814
5700
8979
3380
12030
3286
20048
17869
7978
20601
4228
6692
17325
8615
19922
14316
14430
2281
13902
23633
18581
5590
20571
4325
1396
21120
21504
1012
21654
23041
9186
15881
2609
4634
17556
2722
8073
13558
19463
2448
24330
16579
19317
456
4477
3914
16572
21784
20981
4413
1743
6727
3755
14916
21457
3067
21048
21906
17723
14390
17575
2789
22556
16683
21370
533
3852
19984
24733
23741
18
20043
21103
3069
4503
3006
14529
21539
14293
8512
14479
368
20482
24978
24982
4247
14541
17599
20261
21258
2727
5121
4594
14419
12489
19192
20493
22212
10637
7443
18695
10094
14426
3740
20487
140
10383
4488
19438
17619
19684
7291
7892
14116
13150
6670
3131
2982
5694
8798
1306
14349
19413
20429
20820
12736
11489
16157
17815
8749
14583
18040
4278
22531
20375
21400
1934
4138
17584
6415
3038
16638
5223
7012
19981
4449
20797
15216
39
4354
11201
7678
16485
3316
14585
557
11488
3247
20281
24153
7791
12218
14237
3176
14519
6085
21112
15461
21116
24648
3787
4010
18245
22216
15962
7117
9089
3993
19987
4272
22218
2647
14743
14243
14255
6330
2846
20382
19529
19291
3269
14658
14537
19320
18401
8899
20944
14491
20724
3599
9403
4758
6671
3844
21156
11079
6409
13221
20865
17322
17697
8284
9457
3001
19988
6006
23694
15356
4436
2206
12365
23437
3381
4030
9292
19485
5042
20374
4670
13922
19487
19360
2691
15336
19238
18520
19923
13728
20837
14470
6711
17703
13097
1639
23077
11555
17623
20839
2723
2868
7792
15157
21683
15287
3175
18311
15883
20521
7662
3627
467
5788
24213
9977
19221
11292
15327
7610
11229
21100
19381
987
5628
19292
1737
9085
4508
21825
2650
22141
16248
11493
2611
19975
15864
21296
10421
14046
16686
12385
10669
19138
4358
18479
2966
255
19824
21487
19663
20265
21281
5269
20381
17626
24054
21824
8741
16099
12446
16674
19678
21268
16297
20204
20138
6544
20968
20431
22013
3661
19520
14534
2879
3809
20607
4525
13802
14477
4033
4249
7468
19254
4597
20377
21655
24051
19955
10882
4213
4499
11037
3299
23087
11840
10072
14532
14622
2938
21243
15243
17162
14027
3810
11252
20097
774
7991
13460
20024
12533
19056
1342
8239
15891
18425
7655
18626
5446
4482
19215
14318
8787
14032
11139
5999
9751
727
5464
17469
15750
19596
11674
3343
20486
20253
11935
14233
20713
2979
19139
17101
19267
21401
4456
6710
21897
8288
20037
24388
2643
21489
3542
20231
4466
21493
16779
17137
14651
11886
3879
11127
20617
1740
19647
19002
3015
16795
21221
8491
11881
11562
1960
19402
10361
20015
16282
2097
21317
8440
12658
22922
5974
15405
15412
20840
17724
19198
5062
21682
16751
5865
4360
10360
19142
21658
20254
19246
3864
13025
23566
21874
18791
19838
15209
8942
15764
12268
19068
9056
3616
21201
21080
3350
1167
24899
1554
13799
22954
15865
15855
8077
14037
2272
2307
14823
5441
14960
19
21592
20028
15413
16591
4209
15114
18045
8350
3375
19658
12711
15724
4904
11490
20583
14165
21847
16002
8981
4385
21869
11102
19247
20644
10591
23901
1716
1971
10922
21567
1437
20405
11125
21248
5895
9147
17819
18547
3261
20300
18870
18993
17
21307
5268
19217
16111
3274
9243
12888
21528
14963
5778
5666
13979
20068
5552
4658
20741
19837
117
20211
5019
1389
19361
10167
21014
3544
4174
17773
6414
11906
4483
9055
20446
18516
19466
2848
14313
11925
13703
21865
21860
13743
21256
3594
4399
3857
15793
18397
16786
15051
22155
2785
3522
20924
19780
14365
19055
16522
5973
16393
2916
20980
7313
4277
6331
15621
11745
21678
990
16285
18283
21214
1935
23224
4692
9896
22784
3239
21986
11285
1024
19664
4189
16394
13947
14164
19367
20126
7750
199
504
40
17466
19507
9766
5845
4620
23505
22786
6464
13508
8896
4441
12558
2336
8189
2657
2927
10862
12382
21435
12794
18702
15387
21335
2926
9194
19263
14558
13292
18029
1720
6328
24976
11429
6483
7553
7627
50
18653
19591
9675
3378
19285
19077
22519
19220
21927
14688
20847
7737
19316
10689
24204
21969
19789
11763
15675
22826
10110
21319
18181
16897
14635
16633
3623
21669
10737
14240
22191
20638
1620
23883
21168
7642
3918
489
14296
22119
3479
20640
11038
17755
21350
5681
4907
11196
22428
6633
19931
8066
10672
4565
20110
12954
6075
10957
16431
6005
3129
14087
16524
11175
2202
15324
4678
20591
24649
7779
20533
20809
5671
24228
