3619
20541
14668
21346
3758
21540
19313
3291
19926
14667
14670
14457
21233
14378
21541
3293
3374
14669
3743
4489
21232
21353
3842
19677
20026
21348
14493
3312
3618
3838
4013
19124
20403
21040
4256
21542
4018
21352
21235
3287
3621
19519
21351
1934
3898
21035
21554
3538
3271
19310
21238
3899
19439
20894
3521
19680
4014
20506
3266
3904
3250
14464
20575
14291
6145
20747
19675
7569
2821
19311
21371
21032
19337
15043
3254
15041
7566
19654
15330
14459
21702
20753
21010
20406
3799
20746
14553
4098
20749
3922
21009
19928
19190
14
8782
14461
2825
15640
4632
19491
19927
21555
20744
9642
3923
14885
19493
6000
19946
4016
5729
21007
21477
10349
4202
21059
20799
2836
20745
3837
5873
14452
14246
16637
14496
14314
8377
9976
2913
21475
4172
18974
13
19766
21005
19743
21049
20755
3317
19954
21377
2983
4614
12735
14451
3848
14482
20913
24861
3666
19779
14487
19653
18441
5452
20269
20751
21928
2713
21039
4041
21050
2820
19349
1746
12216
14488
21341
19858
3682
21527
3070
23006
19183
21505
12877
18047
3454
6633
4607
15
14479
19339
23322
4610
24988
12732
19152
16689
16
21008
4615
22905
21300
14245
15883
14453
2790
4205
7995
12134
21
15632
21350
19175
14681
19525
8629
14393
5154
16621
3668
3886
3684
4199
20067
21926
16156
13216
3665
18772
14619
11288
10347
9382
4609
3686
24211
21237
3609
15697
10351
20417
6672
4200
7526
21163
19678
14481
20508
19790
7994
2800
2922
20405
19595
18
20603
4263
21507
9641
19209
3280
19442
21240
11771
6727
1995
20987
19415
3616
21055
4178
1397
21118
20991
11287
18979
4226
13039
12729
3476
11332
20502
2062
3854
24878
3341
5122
7853
20986
19948
9086
4639
23971
20148
11741
19763
19599
16890
3387
20669
14961
3905
7819
20045
7990
19794
19951
19798
11168
19959
21443
4502
11327
2985
23710
3970
19505
3900
7563
19944
19441
4480
19438
19233
1166
22012
15052
7567
8494
2822
971
20221
21392
21161
17696
20601
3791
16907
20452
19953
11283
2993
19419
3211
19289
16989
23086
4496
21052
22545
19791
21006
4315
1352
3592
3052
16622
3977
2417
7312
19594
20285
20176
11167
20280
18576
3634
21403
3774
865
20194
12734
20232
4097
21460
1141
9084
20059
23380
1347
13390
23321
3452
21553
3683
11291
20302
19596
22768
19440
19842
15181
14572
4073
17844
4418
7989
16800
22911
3380
20056
8893
14480
7663
2684
6330
19240
13483
4524
14665
2752
17753
2789
19363
20291
20050
2992
19488
20281
20433
490
3789
21366
5671
7527
24733
3259
12218
16579
14257
23040
20813
20988
20989
4494
2712
19166
17678
22317
4442
19949
21705
12217
21266
21821
4010
14392
8798
12365
2566
20354
21091
20491
9777
12884
6262
6967
4474
20288
20321
11407
1750
24957
20278
21827
19334
19379
9846
4029
39
20055
21272
15075
3525
4633
23041
3038
18769
1118
4630
4228
3993
3286
19597
429
433
20173
22716
21825
19291
20708
19417
22531
4824
19524
22460
19288
8167
14646
20043
2689
21292
9650
14311
21156
15014
8787
3457
19630
3855
11514
19845
2685
14258
3729
3526
22953
14485
949
14666
4445
15324
11166
21826
21243
20048
20039
2980
20947
24882
9331
3804
21708
22298
21471
4493
8343
6492
20810
15412
4139
19506
9120
20617
21671
19229
19225
19333
20454
13210
19416
15407
13073
3852
2839
4628
4082
11934
3263
7393
14460
410
20097
20605
1598
7977
21048
14039
19224
17356
3849
8715
3242
14484
24921
8781
4001
3058
21014
17724
17867
20581
20230
21968
21254
20516
14490
3036
21823
2735
8166
19056
19934
1110
24732
8073
19186
3787
14185
21047
20981
21539
1609
20875
19679
24770
20571
2859
18073
22017
481
3160
19917
775
19728
17238
5121
21043
11790
19566
24763
3067
24178
19984
3642
19707
4249
16100
2296
3673
14743
19486
4481
23179
4790
15093
3373
14127
20752
20816
11486
20839
10010
21003
4177
20867
24333
23570
692
14540
10629
970
4081
22158
4640
17584
19490
21177
19236
13484
21103
15546
21442
21167
3994
4449
19123
3479
10421
14613
8164
14593
16347
456
14602
19526
827
20837
20624
14255
20724
19500
21152
19593
14268
937
14390
6191
20673
3606
20973
21268
13704
4715
7434
8350
20262
14534
14398
6156
3801
16570
8488
18859
24242
15762
4278
3232
15994
11080
1737
14266
10684
14234
16917
4357
8476
17623
2981
15157
8198
11079
23949
12859
13922
12546
20377
5337
11311
727
15193
21258
21784
20177
21085
19495
14594
10828
473
18575
20429
20955
22868
4509
10094
20068
3279
16297
4363
19838
16296
14032
11312
8748
19520
19918
23967
3268
20492
2727
2827
1741
21106
11127
5269
3667
3805
6296
22784
7443
14397
20797
4904
14010
4601
4413
11391
5700
10314
14519
11764
19922
3991
2281
17889
4491
18625
13486
15855
16873
14491
17723
15140
16499
3376
12404
1140
19198
3006
14585
9313
23545
4605
4471
2699
5586
11231
20569
3755
4503
9657
5486
753
3114
18584
24883
18751
19234
21683
15332
9960
3728
3207
13206
19184
15716
13172
14316
10348
21435
21401
21321
24987
10352
4201
24968
4325
24633
5012
19981
22954
14289
20431
13902
3985
21098
3740
24812
20058
12602
19987
4477
2979
9089
14583
24978
14890
14182
11488
19527
17555
774
11622
4440
21797
597
20485
4341
4358
14259
14419
17556
2448
4594
19986
4250
3500
8981
7761
15359
15639
2939
9813
18456
2880
24330
4475
21841
14537
24982
4525
11328
5927
987
6980
516
9085
24153
6746
2721
17826
18626
8777
12736
4138
17574
4678
21120
24383
5886
3914
4634
20999
12599
2810
4272
20483
20892
6982
17697
2644
23152
21654
3961
8288
22156
16686
19192
5331
20034
15345
3599
5590
15962
18973
6327
21400
4565
140
17869
14264
18181
19483
2722
22556
8838
21865
11478
3829
184
5011
2260
6280
4198
3316
7892
11907
11881
19955
23224
11840
20253
20968
16813
968
20319
18773
24699
18425
338
19139
11525
18078
14318
198
19864
17619
20445
18870
3011
21969
20760
21704
16172
4908
20138
14427
2111
11576
20865
7538
22492
6464
8193
19228
19983
21489
21643
9403
15856
9410
10669
255
21487
17577
16684
3068
14671
19383
23859
14116
20591
19521
20375
1970
19238
19947
9811
9788
12252
23439
16690
13941
70
15724
9386
19317
1608
4132
13999
21869
21434
9977
12446
8741
15793
19121
14243
20944
18819
2787
15891
6410
5658
20111
7979
3199
14437
5865
22514
24688
2612
4758
22191
3303
3447
20644
2645
19658
3661
6745
14520
19267
16674
2982
21927
14690
24166
4620
20521
19780
4597
16740
14285
24213
21347
368
3310
24759
12030
3857
9292
4488
11037
4359
9306
20583
19529
5736
4247
2650
1139
21259
16286
19923
18520
19463
5628
8847
40
5437
2846
11777
9414
17673
10753
22325
14963
3176
1355
16099
19485
16524
15209
3131
3001
2393
21260
8979
20458
2647
15858
5226
14509
20820
23633
17819
2462
7564
19418
13705
24648
20487
18736
19371
19179
19
9467
23123
1849
20730
11292
6499
10735
14040
11906
5123
13936
12533
7780
3843
3129
21317
19293
15366
9479
3858
22431
3918
23741
14165
15526
19312
14046
5064
16372
12553
11571
2742
3641
20211
4248
5376
6006
11490
6002
5733
2599
6495
4510
17557
16519
17527
3246
12033
16282
3541
14164
11667
6096
9216
14529
77
9675
18385
3009
19534
6673
12385
5973
18031
19484
7377
21592
14960
2915
8239
7750
11196
6144
391
21319
3378
17186
15329
19148
5009
3630
3587
4210
18580
13194
4871
15413
9751
7553
7112
4213
11746
10990
13426
3379
20838
16685
19145
9456
6415
19824
12711
11375
20796
11146
11002
23531
20382
3879
7627
3071
4033
21187
13802
3809
20710
18097
18804
20261
16522
23634
22717
12489
6634
12054
14622
13591
3623
17983
5186
17618
15152
2238
23893
17660
14964
22519
19978
7804
8750
14985
1724
22057
21533
11763
9193
21504
15336
12052
2102
7537
11142
5267
24350
4036
19216
5895
4499
12904
6331
13292
15405
15637
2620
9195
20621
11683
3175
6324
8379
3522
17599
21655
9733
14917
16257
9429
13166
14576
23088
18895
15048
7558
9113
13034
11757
23038
4277
1925
22316
6206
19684
21820
19765
13813
11140
3262
9357
6155
15825
18438
16911
2609
20363
23562
24295
20195
12532
2867
5677
12910
19146
13799
11542
9896
1853
17145
18402
6934
20847
12306
989
18397
19153
3440
15403
16189
15939
16779
20379
19402
4174
2130
12745
14333
5073
10334
11368
6711
717
15859
4360
6546
3627
6437
15482
12382
12800
20404
11038
20374
18289
24793
558
10167
19342
4094
5802
16157
8710
23566
1165
11252
17407
21646
10595
6709
4466
1382
677
6075
11429
6671
21116
6087
11762
18341
3144
19744
19341
14651
15887
18972
5227
19360
7731
3274
3810
4364
20453
9305
13248
17311
20009
3130
21281
12840
21062
13131
21838
16319
13168
20640
6587
199
7942
13565
12794
21296
16393
3800
14296
14425
24439
5467
9457
21159
14240
4670
23627
705
4612
17959
7800
23391
3600
2691
7806
7429
1041
