52
145
134
176
55
155
58
121
97
9
8
34
198
67
88
137
173
75
108
41
182
26
23
64
148
170
114
192
163
2
18
47
72
167
151
153
150
152
154
149
147
146
31
29
100
158
156
157
159
103
102
101
99
98
128
126
141
143
142
144
89
92
93
91
90
39
10
79
81
195
130
5
61
111
189
118
179
13
11
12
16
14
15
17
38
40
36
37
35
42
33
32
30
28
27
25
24
186
49
48
50
51
53
54
56
69
166
168
169
171
172
174
165
175
164
177
178
180
181
117
119
120
116
115
113
112
110
109
107
45
43
44
46
76
77
78
80
74
20
22
21
19
85
87
83
86
82
84
133
135
132
136
131
129
127
125
1
0
199
3
4
6
197
196
194
193
7
73
191
71
190
188
70
187
185
68
66
65
183
63
184
62
57
59
60
161
160
162
122
124
123
106
104
105
139
140
138
95
94
96
