160
229
119
74
206
51
148
152
113
60
185
11
5
238
215
192
220
197
89
102
188
175
225
108
234
65
96
242
128
2
68
43
181
142
209
203
81
21
22
34
105
212
31
246
200
133
15
13
48
27
172
99
155
137
56
18
20
19
17
16
14
12
10
125
39
122
85
83
166
78
76
71
169
178
161
145
165
163
167
168
162
164
170
171
173
174
176
177
179
180
59
58
57
118
117
120
121
123
124
126
127
241
240
239
249
245
244
247
248
243
0
1
3
4
232
92
111
93
91
90
94
95
97
98
100
101
103
104
106
107
109
110
112
26
184
182
183
186
187
36
38
35
37
33
32
131
129
130
132
139
42
40
41
221
86
84
82
88
87
80
79
77
75
73
72
70
69
67
66
158
159
157
156
154
153
45
44
46
47
49
50
62
61
63
64
218
217
219
216
214
213
211
210
208
207
205
204
202
201
199
198
196
191
189
190
54
55
53
52
7
9
6
8
235
233
231
230
237
236
149
151
150
147
146
144
143
141
140
138
224
223
222
194
195
193
30
29
28
226
228
227
114
115
116
134
135
136
25
23
24
