487
165
119
189
393
17
303
127
179
13
292
426
6
52
401
249
410
157
71
97
469
82
359
481
271
88
79
418
61
66
324
34
144
286
386
341
122
205
151
154
436
397
327
9
320
238
422
432
459
450
258
192
382
211
365
372
225
263
368
93
362
283
232
161
477
38
495
473
215
183
330
491
307
266
25
462
101
352
295
196
415
312
441
243
355
130
43
335
136
109
46
390
147
22
299
74
344
406
219
28
171
3
277
455
229
187
315
57
202
49
140
112
31
116
252
289
378
338
90
486
429
280
199
175
347
246
0
321
193
375
483
53
108
77
274
178
268
412
465
435
476
261
102
490
453
85
317
442
206
394
306
169
133
19
241
14
37
125
162
94
222
186
257
137
381
212
148
351
113
407
298
333
439
158
56
98
448
143
309
398
445
423
234
218
105
121
64
385
70
480
348
472
152
358
389
60
80
458
371
166
253
41
67
284
141
427
27
275
417
342
323
106
281
272
7
363
316
336
366
207
402
198
86
492
431
301
180
463
311
405
287
203
379
496
228
63
176
248
173
264
468
339
296
10
83
293
4
91
482
267
326
132
411
45
374
216
155
48
16
170
237
226
231
30
35
438
118
190
497
126
290
76
223
421
209
20
331
103
95
369
391
11
139
251
475
42
87
304
334
452
99
244
163
413
73
117
466
499
313
26
354
302
255
245
269
214
443
110
449
201
387
456
346
461
399
58
260
408
55
395
159
488
239
150
181
40
478
278
470
184
424
128
68
194
360
430
357
318
