24
54
152
107
133
190
47
62
74
2
37
87
159
125
163
148
10
147
185
97
75
32
193
84
135
134
177
196
115
129
5
122
124
123
40
39
38
169
43
41
42
78
69
138
137
136
21
1
3
4
144
145
146
143
142
103
51
90
110
100
182
183
181
184
29
28
30
31
156
154
118
120
121
172
171
170
15
65
64
63
61
57
56
55
53
52
94
95
96
98
99
93
101
102
151
149
153
150
119
155
157
158
117
116
130
131
132
187
186
188
189
191
192
194
195
19
8
6
7
9
126
128
127
106
105
104
108
109
80
82
26
76
77
25
79
81
27
83
85
86
88
89
91
92
35
36
33
34
12
11
14
16
13
17
18
20
22
23
199
0
197
198
112
114
113
111
72
73
70
71
162
160
164
161
46
44
45
174
176
173
175
67
66
68
179
178
180
139
141
140
166
168
165
167
60
59
58
48
49
50
