124
213
4
240
231
119
12
165
61
149
39
197
179
8
70
54
28
47
108
90
153
205
141
82
136
184
43
226
115
189
109
20
202
199
159
211
130
244
33
100
74
171
96
218
164
173
63
222
249
16
85
69
121
235
6
243
144
178
227
224
207
53
92
113
81
196
77
101
155
131
135
25
29
148
35
107
0
49
140
138
137
143
58
183
38
36
160
162
239
174
88
102
104
105
103
106
99
21
22
170
172
11
66
216
190
45
127
128
62
206
220
223
221
219
217
225
114
111
116
112
110
73
166
163
161
169
168
167
194
120
117
118
201
204
203
200
198
195
192
212
214
215
230
228
229
232
93
3
1
248
2
5
57
55
60
59
56
237
234
233
238
236
241
193
242
191
132
134
129
126
133
154
152
151
150
24
23
27
30
31
26
32
34
37
40
17
19
18
78
76
79
80
145
142
139
147
146
94
91
185
188
187
182
181
186
180
177
176
175
83
48
46
50
51
52
44
41
42
75
72
71
68
13
14
15
87
84
89
86
95
97
98
245
246
247
208
210
209
156
157
158
67
64
65
123
122
125
9
7
10
