309
0
401
170
254
209
369
87
457
372
50
324
421
27
223
31
416
341
205
392
385
242
124
215
274
451
249
156
284
94
327
481
111
395
345
489
412
135
448
465
150
257
295
289
178
131
35
74
354
405
314
90
58
432
336
3
461
441
268
220
444
398
144
332
225
46
19
189
359
280
495
65
202
276
75
233
212
318
388
42
321
80
192
349
14
197
24
301
447
472
286
117
426
484
438
100
380
228
362
492
184
71
128
477
377
328
245
292
121
263
141
108
167
408
9
38
181
138
105
53
355
97
298
429
435
153
310
61
260
164
454
83
133
127
471
174
32
76
315
391
475
188
383
339
246
283
422
208
115
102
11
462
123
304
147
363
404
277
351
185
488
159
41
56
466
201
69
458
374
216
219
15
411
346
232
236
343
6
171
358
269
366
496
93
480
252
18
306
168
195
177
272
49
198
264
86
21
499
397
34
325
371
120
193
243
240
281
293
28
311
134
70
384
60
338
137
302
109
162
23
287
468
290
335
54
224
39
113
329
248
130
145
450
433
331
89
317
320
229
443
238
160
79
378
8
409
417
299
154
485
149
414
142
476
118
342
235
206
394
256
63
439
307
424
96
4
211
66
428
491
381
57
45
165
275
479
474
350
172
482
103
176
227
313
353
81
183
258
190
244
106
17
455
222
376
464
148
25
387
152
403
262
250
413
431
357
436
361
497
389
140
13
419
77
442
407
278
266
469
460
110
364
487
400
125
99
73
297
322
29
180
