231
90
105
240
220
32
81
7
151
117
23
98
174
160
54
64
248
16
225
94
58
48
181
133
39
2
44
143
202
138
74
164
156
69
226
110
192
80
27
115
207
187
235
122
11
213
169
86
244
182
75
19
188
40
218
199
173
62
212
34
203
3
168
109
99
91
208
139
127
238
193
28
129
157
177
12
230
53
150
144
76
118
60
249
18
222
195
100
243
84
165
178
71
65
135
113
236
106
43
123
183
24
38
49
6
95
229
114
215
22
191
15
161
29
234
146
87
142
55
128
239
66
33
70
245
10
82
104
172
200
155
152
219
134
119
206
1
77
61
227
170
88
179
35
148
93
101
85
194
111
45
184
162
223
214
124
204
89
198
232
189
140
79
20
51
166
25
9
46
14
108
176
242
137
59
158
247
149
4
67
121
210
42
37
153
