215
97
8
207
245
32
38
183
44
119
89
73
193
21
112
145
201
211
155
237
0
178
140
165
231
101
134
220
106
56
63
206
227
173
16
167
160
37
170
84
76
48
67
179
127
186
11
192
92
200
156
43
46
4
22
244
149
52
41
27
216
238
113
226
58
141
142
108
110
80
96
94
95
98
118
72
135
187
123
162
130
174
233
248
197
12
62
3
184
69
83
85
212
166
163
164
91
221
218
42
45
40
39
28
29
151
126
103
100
99
17
14
15
13
10
249
1
2
114
111
109
232
50
47
49
51
115
116
117
120
34
35
36
79
82
81
78
188
185
196
239
243
242
241
246
247
93
240
202
199
198
195
194
225
223
224
222
219
217
214
213
139
59
61
60
57
150
152
153
154
129
128
6
5
7
9
146
148
143
144
147
180
182
181
24
26
23
25
158
157
159
161
172
169
171
168
68
71
70
104
107
105
102
230
228
229
203
205
204
175
176
177
137
138
136
208
210
209
125
122
121
124
131
133
132
31
33
30
65
66
64
74
77
75
86
88
87
90
234
235
236
20
19
18
54
53
55
191
189
190
