208
142
197
247
69
243
110
185
0
93
148
23
75
11
101
128
160
96
138
177
135
37
204
167
7
214
223
54
87
61
72
130
162
120
242
175
156
158
26
24
25
111
184
109
201
234
229
42
40
14
13
15
133
238
219
80
116
29
27
28
48
58
56
55
57
60
59
10
12
103
90
207
206
205
203
202
84
85
86
88
89
91
92
94
95
192
182
9
8
183
181
211
209
210
212
213
145
146
144
143
147
149
125
34
66
20
22
21
226
51
53
52
50
49
47
46
189
191
190
4
6
5
3
2
1
233
178
179
180
220
221
222
224
225
227
228
163
161
159
157
165
164
166
170
168
169
105
107
196
173
171
172
174
176
108
106
104
102
100
63
64
65
62
67
68
70
71
73
74
76
77
78
79
17
19
16
18
237
236
235
124
126
127
129
123
122
131
132
121
134
136
216
215
217
218
113
115
112
137
114
246
245
244
248
249
44
45
43
41
39
38
36
35
33
151
150
152
188
186
187
119
117
118
98
99
97
240
239
241
30
31
32
230
232
231
200
199
198
139
141
140
82
83
81
154
153
155
195
194
193
