213
21
97
103
57
206
244
83
61
182
42
232
65
18
20
19
210
190
191
159
12
140
133
177
228
226
156
111
172
217
218
52
86
30
220
219
236
114
152
69
80
108
24
22
76
248
3
93
197
48
124
39
201
109
110
112
113
23
209
211
212
208
207
181
180
179
15
17
16
14
13
7
5
185
183
184
143
223
221
222
224
225
227
121
239
238
237
35
37
194
192
193
195
196
117
167
166
72
71
70
162
170
168
169
171
136
134
135
138
137
139
141
142
146
144
145
147
127
153
154
155
157
158
160
161
90
98
100
99
101
102
104
29
28
27
25
26
130
132
131
129
128
126
125
123
122
120
119
118
116
115
38
40
36
41
34
230
229
231
62
63
64
75
73
74
54
89
88
91
92
87
85
84
82
81
187
189
188
186
246
151
58
60
56
55
53
59
174
173
175
176
178
199
198
200
202
241
240
242
243
245
247
249
1
0
2
4
6
8
49
50
47
51
234
233
235
46
44
45
43
216
214
215
106
107
105
32
31
33
148
149
150
10
9
11
79
77
78
66
68
67
204
203
205
163
164
165
94
95
96
