138
78
24
93
19
223
7
13
218
14
168
108
163
203
253
1
149
8
88
174
213
198
118
248
23
233
153
243
73
208
12
104
238
228
67
83
258
193
143
188
124
10
173
158
133
204
234
144
183
98
129
17
113
178
154
169
20
255
69
135
2
180
63
142
209
22
214
28
151
249
128
79
225
16
26
230
159
99
197
220
165
27
123
244
106
119
18
21
109
200
239
140
184
68
259
15
89
65
74
30
85
114
195
189
95
25
29
250
103
186
161
84
260
5
76
131
245
206
152
134
210
4
257
120
40
170
232
241
125
216
111
179
202
190
219
100
90
70
146
167
80
227
156
235
94
175
115
