1575
1698
799
1603
1638
179
550
1450
56
1260
1546
589
90
976
1025
629
1235
257
1744
697
1021
1057
619
1806
250
1009
1391
587
1565
810
988
1
684
802
378
1118
1112
955
1588
1114
1199
1765
1343
1661
1243
1087
301
964
948
610
558
1159
1380
118
147
1201
1128
1258
106
151
665
719
631
774
1818
1350
1302
161
918
480
577
221
1846
1420
380
386
1013
178
2
0
1287
445
978
82
1267
762
1487
1711
413
340
1548
1306
1096
1299
1305
120
871
898
1739
1439
1355
1349
228
361
599
57
294
192
726
757
390
17
36
35
547
1560
1298
1292
540
70
1332
655
1284
226
227
1489
1531
754
1084
1457
260
714
713
720
1786
1785
55
733
1190
1184
1837
1079
1799
1673
1408
1423
359
1462
1461
1463
693
943
949
1663
1162
1599
1605
682
939
1091
1090
143
14
29
30
1557
946
945
252
251
1776
1523
1684
862
1367
1583
1732
1738
1164
156
1855
1473
189
864
1379
10
432
1590
1589
1741
1633
967
968
1416
1397
270
163
162
1768
1631
1632
475
199
1708
935
724
844
905
473
474
1186
1830
1831
1832
1838
1621
342
1315
1511
910
904
218
212
874
352
353
85
1675
1055
1482
1488
1781
1787
395
323
448
421
422
1121
371
1133
1127
1246
1245
509
154
153
155
290
284
1624
1174
1173
538
744
326
828
1752
1654
1693
1658
13
6
28
1157
1163
1158
1619
1625
298
736
1119
1113
1120
1107
1108
1093
520
798
406
20
41
42
1703
1404
1398
1116
1115
1122
1556
216
222
1043
658
132
1189
1183
857
863
858
1763
1270
331
332
1006
101
100
99
105
196
195
201
202
376
377
430
1221
790
772
1841
1783
1782
1788
364
358
365
370
1475
1481
731
725
732
730
833
113
107
112
119
111
117
646
1816
316
317
881
409
1294
1293
1300
1459
1758
856
1757
1759
1760
1766
185
1369
985
1387
23
48
47
504
1206
1200
913
1553
1554
1559
1547
1516
1517
94
1789
1790
1784
93
1062
1056
1477
1483
1476
516
510
450
1727
1733
1860
1861
1862
1856
268
835
834
814
813
27
592
598
593
597
591
750
751
752
756
758
1345
1344
648
1825
1826
1824
1330
484
622
1609
1610
1604
667
1135
1134
641
640
647
642
831
1048
1049
876
870
875
869
868
1098
1097
1092
16
34
639
645
33
523
1813
1819
1820
1814
1812
1504
1505
1510
287
1794
1793
1800
1447
1851
1845
1857
1211
1205
1212
901
1492
545
544
539
546
1848
1847
1854
1636
1637
1630
689
683
1656
1655
1657
1662
1038
1037
187
186
193
502
503
1010
1004
1003
12
26
25
963
471
817
818
816
815
574
1150
1156
785
784
783
789
847
1224
769
768
763
764
770
1528
1522
1372
1373
208
1513
72
983
982
984
977
1179
31
1180
1185
19
40
1503
1509
1515
1521
1527
1533
1534
1231
1018
1019
1012
1696
1697
1702
1680
1679
1674
1681
1682
1676
443
444
449
1729
826
827
832
825
1228
463
1664
464
1722
1728
1721
1723
1724
1730
402
396
306
300
1525
660
661
659
654
653
666
652
651
657
702
77
71
76
1334
1328
886
880
885
887
879
873
867
328
322
700
699
705
706
1277
1072
1073
1078
1131
1125
1137
1126
1132
1138
1139
1140
1141
1142
1265
1264
1271
1266
1259
1279
1278
1272
1273
235
1567
1313
1060
1061
1054
624
630
625
623
1289
1288
157
1804
1805
115
114
953
954
947
1585
1584
1171
1165
373
379
372
374
385
384
383
382
381
375
319
318
861
325
324
320
855
1764
1628
1627
1622
1626
1616
1620
1615
1614
1613
18
38
37
1384
1385
1378
1386
1390
1389
1383
1392
1377
1371
1393
1394
1388
466
465
472
265
266
1045
1044
1039
1050
1051
1666
1660
612
618
1452
1458
1453
1451
1464
1465
1466
1460
1454
1448
1411
1417
1410
527
526
1601
499
127
126
133
121
134
128
122
116
582
583
588
883
877
882
888
889
890
884
878
872
1834
1840
1839
1833
335
341
329
330
336
334
487
481
142
148
149
141
135
136
137
150
721
727
715
716
722
728
734
786
1227
800
214
220
578
572
571
584
590
1217
1218
96
95
289
295
283
288
296
282
302
281
1801
1807
1808
1802
1795
1796
291
297
247
246
245
123
129
500
1485
1479
1486
1491
1480
1474
1497
1498
1309
579
585
573
567
568
586
580
581
1360
1366
1361
1365
1359
498
497
496
495
501
458
1494
1493
1499
1500
1748
1742
1754
1736
1753
1735
1747
1734
1740
1746
394
797
791
792
796
795
801
807
808
809
803
804
1809
1810
1811
1803
1817
1823
1822
1241
1247
1342
759
753
747
748
749
755
263
269
264
258
259
253
254
248
305
299
293
292
739
738
740
737
743
742
745
746
741
735
729
723
1705
1699
1704
1147
1148
923
924
1592
1591
1586
1580
1598
1579
1578
1597
1771
1772
1770
1769
1775
1777
1778
1029
1071
1077
1083
204
205
198
203
197
191
206
190
916
922
917
921
915
909
911
912
903
897
891
892
1238
1232
1244
1237
1250
1249
1248
1242
1236
1230
1229
1223
1222
1216
1215
32
679
680
678
677
676
675
681
687
688
694
1691
1692
1685
1686
1687
1688
1694
1690
1700
1706
1712
1718
1717
824
1634
277
278
272
276
275
274
271
273
267
692
698
686
685
691
690
696
695
701
707
708
437
438
431
73
182
188
176
194
200
1815
1821
607
613
606
608
614
357
351
8
363
620
369
626
632
638
637
636
635
1440
1446
1445
1653
1085
1086
1659
1665
1197
1191
1761
1755
1767
1762
1756
63
215
64
65
66
67
68
209
74
210
211
217
69
75
81
87
88
89
83
84
78
79
80
958
957
951
959
960
961
962
956
950
952
944
387
9
4
207
213
393
388
219
389
1136
225
1208
1207
1213
1214
1202
1196
1195
1335
1341
1336
1329
1323
1324
1617
1623
1618
1629
1635
1641
1612
1611
1642
43
1643
1644
931
932
938
937
603
604
15
609
605
611
617
616
615
1123
1129
1117
1124
1111
1130
1110
1109
1040
1046
1052
1058
1014
1015
1020
1016
1022
927
933
1376
1370
1382
1364
1363
1362
1381
1368
1374
1375
920
914
919
925
926
1089
1095
1543
1542
1544
1550
1549
1555
1541
1540
1539
1545
1551
1561
1562
1552
1558
1568
1574
1573
1530
1529
1524
1535
1536
1537
1538
1532
1526
1358
1283
989
1356
1357
1351
1352
1346
1340
565
564
566
492
486
493
494
488
482
476
470
469
1041
1047
1042
1035
1053
1059
1036
1065
139
140
138
144
145
146
152
158
164
170
169
168
167
433
439
541
992
986
998
1255
1254
1256
1261
1253
1252
1251
1262
1268
1274
1257
1280
1263
1269
1286
1285
1745
1751
1750
1749
1743
1737
1731
518
517
524
530
529
528
522
521
515
556
1001
1002
1008
1007
1000
999
1005
244
1011
1017
1023
1024
1030
1031
851
850
849
843
837
838
627
621
633
628
634
1456
1455
1449
766
765
771
760
761
777
767
773
778
779
780
1081
1080
1074
1075
1076
1082
1088
1094
595
596
602
601
594
600
238
237
231
232
1297
1291
1290
1296
1295
1303
1301
1307
1304
1308
1314
1310
1316
1322
1321
1320
1319
1204
1203
1210
1209
1198
1192
1169
1168
1175
1170
1176
1167
1161
1155
1177
1149
1178
1172
1166
1143
1144
1160
1154
1153
174
175
173
180
181
172
1187
1181
1182
1188
1194
1193
349
350
348
347
346
345
339
333
327
321
315
7
3
171
177
183
184
1577
1576
1582
1581
1587
1593
971
965
966
970
969
975
981
987
972
993
994
995
1427
1426
1425
1419
418
412
417
419
411
420
1437
1443
1444
1431
1438
1432
1433
1434
1496
1502
1501
1495
1490
1484
1478
1472
1471
1470
1469
1468
1467
39
441
447
442
436
435
453
429
423
454
455
424
456
425
426
457
451
452
446
440
434
428
427
397
391
403
392
398
404
410
416
415
414
408
407
401
400
399
405
1101
1102
1103
1104
840
839
841
845
846
852
853
854
848
842
836
830
829
823
822
821
820
255
256
261
249
262
243
5
1281
1282
1275
1276
1719
1720
1726
46
22
1725
45
1683
1689
1695
1701
1707
1713
1714
103
104
110
109
108
102
1652
1651
1650
1649
1648
1647
44
21
819
1670
1669
1668
1667
1066
1067
1068
1406
1405
1400
1399
1412
1418
1424
1430
1429
1428
1422
1421
1843
1849
1842
1836
1844
1835
1850
1829
1828
1827
49
24
11
459
460
553
559
552
560
551
557
554
563
562
561
555
549
543
548
537
542
531
532
536
533
534
535
240
241
242
236
239
233
234
1027
1028
1026
1032
1034
1033
650
644
643
649
656
662
668
674
673
672
671
1402
1396
1395
1401
1403
1407
1413
1409
1414
1415
900
899
906
893
894
907
908
902
896
895
313
307
314
312
311
308
1239
1233
86
1240
1234
1570
1569
1564
1563
1571
1572
1566
525
519
343
344
337
338
865
859
860
866
1773
1774
1779
1780
775
781
782
776
1312
1318
1311
1317
936
930
929
942
941
928
934
940
303
304
309
310
159
160
165
166
479
478
485
477
491
490
489
483
1646
1640
1639
1645
1506
1507
1508
1514
1512
1520
1518
1519
1348
1347
1353
1354
974
980
979
973
1070
1069
1064
1063
223
229
224
230
704
710
709
703
1607
1608
1602
1596
1606
1600
1595
1594
663
669
670
664
1099
1100
1106
1105
812
806
811
805
1441
1435
1442
1436
508
514
507
513
1338
1337
1331
1325
1326
1339
1327
1333
462
461
467
468
569
575
570
576
1219
1220
1226
1225
1791
1797
1798
1792
997
991
996
990
506
512
505
511
280
279
285
286
91
92
97
98
124
130
131
125
356
362
355
354
368
367
360
366
1852
1853
1858
1859
793
787
794
788
1678
1677
1672
1671
1152
1151
1146
1145
1715
1709
1710
1716
711
717
718
712
