1073
784
884
970
438
641
1174
782
1102
467
537
379
995
510
664
712
556
31
64
63
129
128
580
999
18
270
749
893
950
965
676
573
820
683
566
1065
331
165
806
921
669
670
716
483
856
735
1150
923
1097
1106
320
159
787
101
1130
1095
471
235
117
932
13
27
625
674
675
125
280
139
252
506
752
1035
861
740
704
25
1028
904
498
1214
638
747
746
741
733
734
739
745
751
757
758
896
271
849
855
1193
17
8
525
700
1162
679
463
231
685
673
611
879
645
1133
844
850
1125
1005
532
531
754
753
748
957
1037
1223
520
526
592
563
1203
539
538
11
633
639
561
562
567
1052
916
922
1211
629
1181
554
555
773
1169
1168
1175
1163
1164
1170
1176
1182
889
883
143
890
895
901
902
903
1114
662
663
668
1148
815
777
813
814
1221
518
519
1061
863
862
590
933
122
77
360
179
156
313
38
78
155
158
317
391
195
97
1216
1215
1222
1217
987
737
1184
1040
1034
1080
1086
50
1124
24
968
1138
1072
935
608
1172
791
1024
652
651
825
819
953
1070
1077
1071
702
1096
827
826
821
846
840
761
760
759
755
509
762
756
1063
1069
1064
603
802
21
43
667
661
770
1145
1144
1139
1007
1219
419
1220
1213
209
1225
1226
1227
1228
1229
1230
1224
1218
1212
718
388
914
915
789
790
783
776
707
708
706
701
9
1186
1187
1180
1188
1194
421
210
104
51
103
208
417
886
885
881
887
880
1109
1108
142
504
285
1192
251
70
71
35
72
146
294
193
1099
321
160
79
842
843
599
1195
475
237
373
186
92
124
249
250
500
381
977
971
978
976
972
966
57
116
233
115
468
232
1042
1041
1036
992
993
575
581
119
239
479
560
94
190
189
380
269
134
952
951
622
623
624
630
54
109
220
441
218
174
781
350
775
769
86
626
632
631
637
1177
1178
1183
1171
1189
1190
1191
1185
1179
1173
677
696
695
694
809
808
807
801
166
334
341
170
84
333
53
26
108
217
12
5
515
514
513
512
516
1004
998
212
425
105
1123
1129
426
489
244
52
106
121
60
794
795
796
793
797
788
278
138
798
792
213
428
484
241
723
717
722
721
150
301
727
728
729
254
943
944
945
949
300
946
149
947
948
954
74
960
959
36
73
148
958
964
297
699
705
693
711
710
91
184
45
370
803
183
367
305
152
7
15
32
66
3
133
268
657
656
658
655
925
931
1199
1200
1206
1205
168
338
83
28
41
58
118
1044
1038
1050
1043
1049
1048
1047
1046
1045
1039
1033
1027
33
67
135
466
16
68
34
137
275
715
69
709
703
140
354
176
87
175
763
764
529
1197
345
172
85
1198
42
1204
1210
1196
20
1209
582
576
1082
1076
1075
1081
182
82
486
242
120
59
29
90
44
89
180
362
961
955
967
973
956
974
975
962
963
969
940
939
941
942
938
934
937
936
750
811
812
805
1119
1120
527
533
521
522
528
534
540
546
665
671
659
660
666
672
678
684
690
689
1088
1089
1090
1091
1092
1098
899
905
906
900
894
888
882
876
875
874
873
1012
1006
1013
1011
1014
1010
1008
1009
1003
997
991
1016
1015
1021
1022
772
771
778
765
766
767
768
774
854
848
536
535
541
530
524
542
543
523
544
517
545
153
511
76
37
75
687
688
686
682
680
681
979
325
985
162
986
980
981
80
39
19
40
248
123
61
866
867
865
860
868
869
870
859
853
864
847
841
824
818
817
823
829
830
831
832
833
834
828
822
816
810
804
579
1159
450
1165
224
1026
1020
1032
594
593
588
587
586
600
551
552
557
558
564
570
569
568
574
990
984
996
1002
1001
1000
994
99
49
100
200
199
400
1087
1093
799
1094
1100
1101
800
1107
1113
202
396
197
98
454
226
48
23
597
591
585
598
584
583
589
1141
1135
1147
1153
1154
911
910
909
917
908
912
918
924
907
913
919
920
926
927
930
929
928
610
609
604
605
606
612
618
617
616
615
614
613
607
1152
1151
1158
1157
1156
1146
1155
1140
1134
1149
1128
1127
1126
1132
1131
1059
1053
1058
1057
1051
375
187
1068
1067
1074
385
192
1062
1056
1066
95
47
1055
1060
1054
96
194
389
725
726
724
447
223
111
55
112
225
835
836
837
838
839
845
877
878
872
411
205
102
871
206
414
444
221
110
222
93
46
22
10
4
1
0
2
6
14
30
62
126
253
1083
647
646
653
654
648
642
640
636
635
634
628
627
621
620
619
1103
1104
1110
1111
1117
1112
1118
1105
550
549
548
547
553
559
565
852
851
857
858
601
595
602
596
650
644
643
649
720
719
713
714
785
779
786
780
1017
1023
1018
1019
1029
1025
1031
1030
1121
1115
1122
1116
697
691
698
692
433
431
215
107
216
898
897
891
892
731
730
732
736
742
743
738
744
1084
1078
1079
1085
1136
1137
1142
1143
1208
1202
1207
1201
1167
1161
1166
1160
983
989
982
988
577
571
578
572
