587
373
757
120
737
180
438
862
17
991
579
271
302
412
900
193
322
700
624
882
127
269
84
70
434
424
184
808
173
113
12
954
1025
6
792
556
655
400
719
727
221
1133
611
664
986
294
130
574
144
631
545
28
667
484
245
1089
92
942
79
1070
571
408
535
1045
832
30
690
779
1122
340
160
189
10
480
811
875
451
772
214
109
558
511
937
378
415
959
1097
473
196
877
583
796
359
1050
623
1009
77
336
1099
692
1080
1115
978
769
595
148
1021
507
898
996
660
361
865
628
307
366
521
476
754
613
305
1063
456
1052
91
682
198
106
976
442
974
916
846
834
0
645
250
837
907
553
839
287
385
647
1006
799
235
695
1078
1094
477
538
431
1085
1043
487
717
855
349
162
949
952
102
1061
870
1135
914
935
616
223
697
1054
257
368
285
761
759
720
1087
259
844
1013
593
880
167
396
804
18
469
207
576
1120
827
449
565
923
331
252
939
739
829
730
509
540
376
16
118
329
405
971
947
232
403
74
519
502
135
988
516
863
1117
20
324
912
905
151
292
466
289
24
983
364
652
514
1018
89
262
774
191
216
702
116
155
981
504
841
1092
657
352
82
228
264
735
212
72
125
873
685
919
732
371
523
581
327
276
569
354
1059
407
1129
592
636
343
979
435
672
1041
310
967
588
742
146
497
961
178
187
1008
781
499
1027
99
491
266
762
300
704
744
111
123
393
722
590
715
65
626
816
758
825
175
533
137
675
848
1032
1108
240
421
747
858
543
280
1057
884
388
274
383
621
944
169
791
887
1125
806
357
1016
164
1096
836
461
1003
380
75
225
619
956
233
464
433
341
893
809
648
182
707
230
963
822
650
643
930
606
444
688
157
454
1038
662
282
1075
724
927
338
1001
317
603
1030
560
1113
1127
23
885
820
910
787
678
550
526
54
255
783
1020
709
446
447
19
312
209
891
531
459
205
734
749
767
1066
254
410
895
1082
247
902
468
27
1124
29
15
132
1132
1068
1048
776
1110
3
1140
547
506
297
872
203
200
518
326
87
868
96
903
1011
940
153
67
794
267
889
315
142
807
674
1104
542
712
1023
640
1036
1073
495
853
391
851
659
369
999
319
94
426
563
334
139
683
600
398
693
578
1071
395
419
528
765
789
610
86
150
472
989
945
984
1112
530
186
177
482
128
1136
725
1084
802
849
218
920
166
346
114
632
1004
785
586
635
458
669
705
633
284
1138
750
1101
746
1055
964
493
475
201
220
915
242
278
485
602
814
63
591
348
567
598
304
1034
295
797
608
928
1106
1040
437
998
4
618
665
417
243
5
824
972
356
121
561
314
860
381
104
918
932
107
680
925
238
439
994
969
764
489
429
957
777
25
551
299
21
339
22
818
211
414
934
1131
158
861
390
465
801
1128
1103
1107
1083
609
752
143
134
723
179
194
555
213
436
630
671
1142
401
171
987
1064
1091
614
966
303
165
174
350
677
226
1056
463
488
98
36
100
637
1015
548
653
231
980
784
492
416
42
760
869
478
428
32
53
1022
713
917
1047
756
681
642
605
141
922
856
296
546
