203
207
206
204
205
69
70
72
7
193
26
197
196
194
195
88
91
92
89
90
188
192
25
189
190
191
153
156
113
117
114
115
116
4
108
112
111
109
110
71
68
2
17
35
249
250
252
173
177
176
174
175
103
106
107
105
104
13
27
143
146
145
144
147
178
182
181
180
179
183
187
24
186
184
185
150
151
155
208
29
212
209
210
211
157
154
228
231
230
229
232
233
34
16
33
251
237
248
236
235
37
234
219
220
222
221
218
31
213
216
217
214
215
133
136
137
134
135
138
142
141
140
15
32
139
42
63
67
0
1
66
64
65
93
96
97
6
94
95
14
30
61
158
161
162
159
160
84
85
79
82
258
261
260
39
262
259
123
126
125
127
12
5
124
163
167
166
165
164
20
9
19
40
118
122
119
120
121
11
23
45
22
48
10
21
86
83
87
57
28
253
256
255
257
38
18
8
3
254
78
81
80
36
128
131
132
130
129
74
75
76
77
73
223
226
227
225
224
239
242
238
241
240
198
202
199
200
201
168
171
172
170
169
99
102
98
100
101
244
245
246
247
243
148
149
152
