450
724
625
509
142
475
88
79
575
223
648
372
775
293
482
337
685
732
677
655
727
665
522
161
628
234
268
437
251
504
413
359
484
595
520
107
584
198
719
546
84
541
433
342
379
329
610
394
472
700
119
585
239
682
593
408
196
577
265
637
232
653
646
306
697
166
658
397
702
442
406
215
276
253
623
304
757
463
181
126
255
362
722
24
477
712
461
9
766
468
185
660
539
550
344
322
445
695
178
325
612
288
6
598
364
487
150
340
690
286
27
735
263
89
401
114
480
750
773
124
1
581
667
376
18
299
553
258
754
200
72
220
163
103
295
173
399
607
143
112
502
70
227
121
367
430
154
605
15
511
630
30
77
557
739
12
145
415
762
588
737
21
91
193
440
448
457
235
302
327
517
205
134
650
330
564
459
411
742
116
63
256
410
271
131
643
560
218
283
100
138
246
514
769
418
318
621
75
778
780
374
426
663
3
208
687
216
383
726
744
285
190
96
479
692
617
157
632
186
570
524
371
641
389
574
672
225
734
670
297
506
603
715
357
168
620
495
313
771
67
761
281
532
438
470
16
507
499
527
651
635
348
20
147
600
392
65
334
360
759
82
369
260
567
491
74
183
548
396
704
17
555
466
211
109
562
537
23
244
764
730
29
534
455
332
586
22
529
86
544
420
117
639
203
403
717
707
28
311
159
662
230
497
678
675
435
213
188
105
352
290
355
93
452
747
152
709
768
616
270
201
384
618
688
261
492
422
613
241
320
494
424
171
559
519
308
273
489
749
516
447
751
381
98
135
683
473
602
591
583
278
164
579
25
782
345
316
39
26
5
386
133
149
275
249
323
350
140
309
714
301
347
680
705
279
191
180
248
237
633
725
175
693
228
335
552
292
431
387
572
746
156
444
129
609
128
590
674
536
102
428
366
515
182
343
756
390
752
405
110
568
525
242
770
169
543
429
729
443
551
711
0
333
321
222
454
95
404
485
294
608
565
81
19
137
10
576
210
195
353
720
471
512
272
377
