54
110
111
109
22
45
94
46
214
106
61
154
77
29
64
21
42
43
11
24
50
102
51
49
207
1
0
5
6
12
56
115
117
116
230
228
269
138
133
259
260
481
252
129
65
19
31
67
134
68
136
261
498
105
400
185
344
361
384
197
97
18
36
78
180
89
179
283
350
158
312
456
311
200
99
202
60
124
122
239
218
419
442
232
118
8
15
2
30
16
66
131
255
248
127
63
128
243
150
296
295
75
35
349
166
178
82
164
165
327
38
323
81
209
162
318
310
446
157
309
455
359
234
119
184
91
57
44
92
186
282
27
143
225
113
430
523
431
299
152
452
237
76
121
153
149
74
25
53
52
108
103
210
199
266
98
195
48
23
96
47
17
33
9
4
10
20
34
73
72
146
144
286
246
126
289
62
160
80
37
79
159
313
369
189
125
236
244
120
268
137
59
69
28
32
14
70
7
13
140
274
520
26
347
55
39
177
88
41
83
87
175
168
