683
180
407
505
358
70
217
409
648
559
521
766
589
323
467
361
434
252
613
385
658
437
510
578
400
187
262
665
731
586
257
503
412
335
727
696
364
545
430
215
396
550
624
90
163
119
220
106
99
83
582
145
299
694
4
448
469
126
629
271
507
192
391
15
445
325
540
484
452
253
114
719
222
486
199
333
738
111
416
78
750
346
631
616
234
160
425
523
21
353
660
143
552
575
377
294
762
280
338
250
757
185
646
304
708
92
667
474
148
287
128
773
245
30
531
150
736
547
479
455
289
190
653
306
515
495
155
598
264
557
73
755
27
380
85
26
269
604
671
432
330
178
373
197
366
493
611
775
685
655
328
24
18
724
227
124
414
594
472
703
368
342
109
721
88
477
450
6
229
121
701
232
301
292
481
538
622
573
375
733
276
421
107
778
28
498
349
562
66
76
23
534
682
459
16
747
759
609
769
5
664
274
393
699
564
321
395
714
388
606
677
195
402
457
370
207
267
641
526
543
740
626
618
224
308
528
580
518
743
182
488
706
593
239
687
296
236
285
405
17
22
780
627
102
689
157
726
712
508
650
63
204
29
398
355
519
97
542
601
153
283
141
71
692
435
571
639
427
662
260
340
443
133
596
311
337
95
183
636
3
9
241
129
25
255
318
81
764
378
634
194
476
136
462
382
225
717
771
316
162
568
651
138
210
591
675
80
202
745
555
167
173
643
313
554
297
729
439
152
754
131
175
116
419
491
500
741
359
776
371
464
411
587
212
768
502
363
266
619
614
169
466
663
516
309
104
514
697
282
752
326
351
678
447
690
42
403
237
93
583
164
722
278
112
530
206
347
68
423
259
761
674
171
247
511
117
535
0
442
576
638
489
208
19
213
710
344
680
140
672
243
165
533
566
319
496
749
130
100
331
471
339
354
440
603
623
438
54
41
362
69
389
654
600
734
621
590
404
454
383
460
240
125
608
585
300
570
698
248
781
284
512
64
670
715
417
