178
163
69
165
202
243
30
43
219
249
31
64
212
195
48
231
28
99
130
141
261
3
149
133
192
273
35
257
105
75
227
286
153
125
297
39
239
135
111
164
4
1
225
187
101
63
0
279
36
17
93
291
38
123
237
29
147
14
255
32
15
7
213
85
245
55
117
171
137
56
267
34
80
86
89
208
197
95
189
21
10
22
233
269
201
173
87
221
177
19
9
155
251
244
33
248
50
16
247
246
143
285
37
18
8
293
263
215
188
107
11
24
23
276
167
71
281
79
76
77
78
299
119
116
82
83
84
52
25
81
199
196
45
41
20
198
200
27
13
6
2
5
12
26
53
274
277
278
275
65
67
66
68
204
205
206
203
180
182
181
179
115
114
112
113
191
194
193
190
97
96
94
98
259
256
258
260
287
289
288
290
132
131
129
134
210
207
209
211
254
250
253
252
296
294
295
292
120
121
118
122
234
235
236
232
272
268
270
271
170
166
169
168
73
72
74
70
240
242
238
241
88
92
91
90
140
138
139
136
161
162
159
160
264
266
262
265
154
157
156
158
220
224
223
222
280
284
282
283
146
144
142
145
302
298
301
300
109
106
110
108
128
126
127
124
172
175
174
176
151
150
148
152
185
186
184
183
102
104
100
103
216
217
214
218
226
229
228
230
