243
30
135
253
231
28
279
36
149
286
131
118
270
51
183
315
42
333
45
207
125
159
299
52
354
190
80
228
114
99
172
69
343
154
81
105
216
274
11
226
89
303
40
169
50
24
49
201
147
255
348
237
268
27
56
177
93
297
39
19
314
219
26
362
291
38
123
327
44
321
63
87
261
33
195
141
13
101
317
174
18
37
309
41
20
232
29
14
6
347
214
344
245
203
239
273
35
360
185
209
153
83
263
117
9
249
129
221
323
197
305
71
345
47
350
23
48
349
346
112
335
293
65
257
165
17
161
288
179
95
189
329
137
107
75
281
143
352
358
359
357
361
1
4
0
2
5
12
25
276
277
275
278
15
31
32
191
193
194
192
234
236
235
233
120
121
122
119
170
166
168
167
155
157
158
156
311
310
313
312
164
162
160
163
79
76
77
78
111
115
8
113
3
7
16
116
34
254
250
251
252
265
43
21
264
266
10
22
262
46
324
326
322
325
146
144
145
142
181
178
182
180
110
108
109
106
128
124
126
127
355
353
356
351
259
258
256
260
246
248
247
244
74
72
70
73
294
296
292
295
269
271
267
272
338
334
336
337
212
208
210
211
331
330
332
328
64
67
68
66
148
152
150
151
301
300
298
302
90
91
92
88
318
319
320
316
173
175
171
176
196
199
198
200
187
186
184
188
133
132
130
134
104
102
103
100
213
217
218
215
202
205
206
204
140
138
139
136
98
94
96
97
289
287
285
290
280
284
283
282
306
307
304
308
340
339
342
341
85
82
86
84
240
242
241
238
220
224
222
223
229
227
230
225
