110
232
450
625
544
552
620
521
340
329
59
238
112
6
427
400
206
328
164
177
621
522
274
130
611
163
113
600
416
583
412
324
337
592
383
608
464
242
115
599
443
229
619
518
272
749
664
57
594
393
203
58
598
410
211
587
350
181
420
609
467
601
769
157
686
252
3
90
36
76
156
78
75
316
384
199
612
487
624
535
280
627
558
292
141
782
135
488
257
640
13
563
294
143
271
128
616
500
546
285
138
305
381
168
603
436
226
614
495
602
419
216
532
279
591
372
613
493
259
215
22
277
529
276
610
475
248
288
615
496
261
373
193
584
223
626
551
289
140
151
633
589
588
354
581
413
212
321
396
188
816
97
723
358
593
391
202
39
866
683
739
578
767
700
54
79
159
323
213
650
796
234
792
834
585
336
172
677
768
781
507
784
785
783
804
662
631
618
509
830
35
18
737
743
454
829
512
752
751
267
750
865
757
596
716
663
853
639
649
241
169
160
230
109
52
445
262
338
124
728
61
121
258
657
676
49
102
104
41
87
85
179
192
346
92
808
65
129
273
520
540
283
137
705
81
165
166
331
351
182
86
762
120
256
255
84
176
178
343
506
265
244
126
644
642
641
643
100
207
402
47
208
403
437
227
108
233
687
689
688
111
53
236
452
27
12
25
48
103
214
417
574
300
28
56
55
114
14
240
116
460
245
469
441
218
74
51
26
788
787
786
789
23
46
24
98
99
204
395
11
319
5
158
604
447
231
448
306
867
773
622
148
72
147
526
235
302
133
355
184
694
693
695
2
7
0
1
60
118
249
29
119
15
253
221
32
67
136
66
281
134
385
278
531
809
811
812
810
93
194
44
859
858
860
857
732
446
733
734
712
713
714
715
17
8
16
31
64
630
628
629
632
590
167
797
365
189
132
91
43
389
201
96
671
45
670
95
669
200
386
237
268
127
266
508
595
818
819
817
183
205
397
547
286
139
68
33
69
142
19
37
80
161
171
38
9
4
82
170
334
254
484
499
263
430
222
730
729
106
50
107
225
731
433
425
220
105
219
423
361
186
89
838
840
841
839
310
153
311
567
296
144
70
34
71
146
299
573
379
197
94
339
173
195
710
711
152
579
802
73
801
149
307
747
746
745
744
185
88
356
359
502
42
21
10
20
260
123
62
40
30
63
83
125
174
854
856
803
855
636
638
637
635
824
825
753
634
680
681
682
679
763
765
764
766
741
742
740
478
806
685
805
807
607
835
836
837
699
697
698
696
794
795
580
623
790
586
793
791
491
799
800
798
702
704
701
703
719
721
722
720
760
758
759
761
654
655
656
122
846
847
848
774
776
775
597
647
645
648
646
780
778
779
777
815
814
748
813
675
672
674
673
755
756
617
754
833
831
606
832
843
845
844
842
652
77
651
653
771
576
772
770
726
725
724
727
870
869
684
868
822
820
821
823
828
826
668
827
852
850
849
851
861
863
864
862
718
320
717
376
708
707
706
709
659
661
658
660
198
582
577
678
131
665
667
666
690
691
605
692
738
736
462
735
