406
51
301
56
27
28
222
95
363
149
294
52
199
215
157
270
144
372
250
394
120
85
217
216
340
83
179
184
322
168
195
160
360
397
365
366
234
198
13
299
300
9
20
335
291
420
106
347
116
220
252
282
342
341
348
286
285
377
371
227
221
228
415
362
356
76
379
378
24
50
78
77
84
402
163
169
170
164
158
125
80
79
264
12
25
26
54
86
331
142
143
174
173
31
15
268
113
119
177
183
178
189
172
171
18
127
126
187
261
267
273
40
274
19
88
94
93
89
87
324
232
226
233
358
359
357
257
251
258
191
190
185
108
114
107
304
289
283
288
284
290
413
414
419
71
0
370
369
364
39
295
296
302
306
305
73
72
74
68
67
66
65
374
380
373
368
367
361
355
354
353
352
351
48
23
11
5
2
194
188
193
192
186
180
200
230
124
91
92
98
97
90
96
99
100
101
6
105
14
30
102
343
349
350
344
345
339
346
82
81
390
396
272
278
317
316
323
318
253
401
395
407
389
400
388
387
393
408
399
405
327
321
333
334
315
328
42
329
330
336
337
338
332
154
148
151
152
150
404
398
392
403
409
410
416
422
391
421
206
205
204
35
235
236
242
229
223
224
241
218
212
211
210
240
209
239
238
237
231
225
219
109
110
104
115
103
121
122
128
134
133
132
131
130
129
123
265
259
271
266
260
277
276
275
254
248
247
269
246
245
244
263
262
243
256
249
255
382
383
384
381
385
376
375
386
201
3
1
8
17
4
7
10
22
16
34
46
279
75
36
280
281
287
293
292
298
297
303
309
310
311
312
161
155
162
156
167
166
165
159
153
147
141
135
136
137
138
64
63
70
69
207
208
213
214
319
325
320
326
146
145
139
140
313
314
308
307
203
202
197
196
176
175
181
182
411
417
412
418
112
111
117
118
