88
91
90
92
89
124
127
20
41
42
73
77
76
74
75
158
38
162
161
160
148
34
151
150
159
149
152
169
170
171
168
172
133
136
137
134
135
143
146
32
15
147
145
144
178
182
46
179
180
153
157
36
154
155
156
93
96
97
94
95
108
112
109
110
111
198
54
202
199
200
201
193
196
52
197
194
25
195
163
166
165
164
167
40
19
9
208
211
212
58
209
210
28
14
30
128
132
129
131
26
130
12
23
47
181
183
187
48
184
186
125
126
123
185
188
191
50
24
192
189
190
11
5
118
122
119
22
121
120
173
176
177
174
175
99
100
102
101
98
63
67
64
65
66
78
81
80
79
82
103
107
104
16
7
105
106
8
17
3
18
68
72
69
71
70
203
56
207
206
204
205
27
13
6
2
0
1
4
10
138
141
140
139
142
113
116
117
115
114
84
85
87
86
83
43
44
21
