911
445
271
719
582
951
1115
441
809
503
114
306
937
876
775
667
804
127
148
308
83
970
1085
629
685
595
265
225
616
505
78
76
180
520
958
1062
714
191
486
330
1093
262
664
1050
556
396
217
844
586
739
949
575
71
694
323
20
155
335
918
786
448
984
24
1010
868
282
343
840
1006
151
26
1008
1011
796
763
162
432
1096
522
252
947
1013
401
299
481
900
871
269
367
649
360
612
159
472
981
754
30
328
235
89
922
934
214
136
1135
316
1042
540
977
1027
85
593
793
365
632
1018
707
880
954
1078
732
545
1126
905
469
682
973
811
510
376
829
1060
758
661
357
144
243
372
1128
206
28
863
630
1074
409
325
419
750
1086
558
689
174
577
926
927
73
619
109
260
379
434
304
508
721
125
257
450
222
106
197
193
847
895
842
286
1057
1133
1117
766
1037
827
1055
1081
4
6
647
412
339
736
773
988
484
443
702
465
991
429
806
882
394
289
1107
560
1045
247
250
654
824
8
547
697
898
436
297
245
866
995
797
232
966
294
538
832
102
1015
652
724
515
227
907
1020
301
16
467
22
414
768
761
184
693
1098
942
1025
517
474
659
455
479
118
421
601
1140
1110
628
264
139
1088
692
181
352
756
563
19
889
816
122
759
986
852
589
677
910
839
255
405
209
374
999
1068
625
875
513
1121
607
240
488
476
731
675
452
90
1071
1064
172
929
97
1105
313
819
800
574
424
398
1048
202
166
158
1130
66
123
789
711
224
611
893
671
524
891
785
132
669
163
492
639
642
1090
771
807
946
21
1119
5
179
276
146
501
130
1035
337
199
347
92
195
884
88
609
963
176
186
814
535
533
362
153
1030
143
391
802
1100
1001
744
598
747
543
1003
17
274
267
111
690
854
340
856
296
321
728
349
637
431
657
342
498
377
666
1053
279
438
780
15
120
188
944
729
979
370
177
292
903
913
18
565
550
1022
332
956
457
318
834
635
389
778
1123
1131
726
462
229
23
69
1023
579
384
604
861
873
552
496
621
864
1114
1052
859
220
915
1103
709
107
311
704
570
0
614
770
80
407
902
837
1032
961
355
623
259
27
416
287
591
700
822
64
403
25
1138
460
542
939
477
141
1040
512
81
529
584
656
887
527
1083
99
427
29
204
972
930
400
381
941
116
877
997
210
974
788
189
783
826
982
1066
674
737
849
278
1038
587
212
493
215
705
95
567
734
531
237
836
1073
344
3
919
640
150
818
782
790
213
254
742
923
93
358
284
799
491
633
169
333
1076
353
717
1069
989
975
1091
618
167
393
1112
320
594
716
242
1043
160
1142
1034
749
1101
678
525
687
489
953
965
695
453
233
557
914
464
932
554
993
417
572
555
885
363
851
44
751
680
746
645
134
792
386
113
644
500
596
439
712
68
104
309
1041
672
228
402
115
35
207
1059
156
869
268
872
192
1095
426
553
1061
1080
1116
190
912
959
662
620
835
605
615
924
194
581
170
820
291
137
917
936
1124
266
33
14
967
795
825
410
741
230
280
569
383
857
562
998
996
369
727
100
440
346
1108
388
683
599
239
845
