156
132
87
130
142
93
99
89
32
162
123
30
135
36
171
54
26
75
63
69
107
111
117
165
51
105
147
86
38
178
173
101
65
85
153
45
22
159
48
23
145
34
167
125
151
113
77
140
71
9
19
39
20
42
180
95
139
138
35
136
137
17
119
146
143
141
144
160
163
161
164
50
24
11
7
16
15
31
33
155
158
154
157
175
174
176
172
6
14
29
59
55
152
148
149
150
102
44
21
10
103
4
104
100
91
88
90
52
92
25
12
5
2
0
1
3
8
18
56
27
13
28
57
79
76
78
80
114
115
116
112
70
73
72
74
118
122
121
120
126
127
124
128
129
133
134
131
98
94
97
96
166
169
168
170
108
109
106
110
82
83
81
84
182
177
179
181
67
66
64
68
