5740
1941
13915
14457
434
2380
5426
16906
7858
15884
18995
15045
21863
6640
18077
7854
15549
19311
4020
12258
2384
5225
6279
6282
21864
19307
5075
12206
19675
11314
6458
21235
15640
3290
24915
15642
472
23320
19310
17106
8241
7658
24226
14673
3621
6631
8164
15039
14315
18975
4016
12061
24988
432
14312
18654
18804
13214
3902
21351
21551
17739
14039
17107
3620
14314
15027
9641
24918
1937
12257
24565
21850
4258
1354
24211
19309
14458
14036
5425
18978
15643
23318
13949
24860
11311
3539
10348
9068
11313
13505
19677
10442
10400
10738
15030
18977
3271
10739
1142
12261
21535
18440
24568
9070
15332
10628
20891
11939
3376
24229
14316
12260
1143
21537
19676
14463
14672
7564
6637
20400
9751
3236
5070
22659
12731
22952
7565
5422
11315
7567
12229
8838
2927
15028
4201
14313
1141
23541
21003
4492
16236
24799
18441
24862
11938
21030
1999
5731
11699
4018
10347
22654
22656
14379
11620
3269
11289
19924
15029
5157
7570
101
11697
13669
12875
20572
1371
7855
6636
10313
7568
3291
12730
13482
6461
19926
21236
9071
23854
19312
7849
13485
14466
18079
21344
23966
15641
18439
3926
5069
18324
23316
24563
15551
21973
6147
21238
2827
5226
2204
11285
21349
24228
12597
7852
9642
6332
24224
14459
11700
3901
22054
11937
19438
18805
22188
10643
21671
2002
17102
11297
19679
19925
13164
203
14890
3618
21534
20749
1906
24230
11934
24917
5072
21032
11701
7955
2826
9753
7293
15555
21698
2286
3522
1163
5419
2203
12201
10200
3316
12059
14460
1995
40
3777
11330
433
23319
5159
12732
11921
8930
2829
5066
19336
11662
20750
21037
24987
16901
11281
197
14671
16905
18074
22653
5454
23543
14497
8510
14462
12133
7664
8783
12599
22657
15041
474
21002
9305
19855
5231
6563
184
14489
17147
12733
3802
23542
10985
10637
19490
17726
9975
20796
19
24212
22744
367
19333
20752
7001
6334
16424
15698
11286
9306
16117
972
6004
11284
5158
3813
24567
21029
18350
21923
11664
5875
10350
971
117
5139
17103
8615
13145
22840
19951
8730
10351
13785
19945
14476
4174
11290
10190
3257
6333
10346
5024
22953
21538
4615
18045
14496
16012
3689
24762
9655
108
6692
23863
864
18042
7233
20402
11230
5025
21
17033
16121
14248
17602
18655
112
366
11124
10939
20985
11288
21049
6638
7566
6296
16688
2885
9649
6998
6063
6003
6994
19441
3841
4202
21924
21524
17989
2937
13936
20403
13208
23671
1380
13105
22213
13504
2284
21925
19852
22918
17603
9776
1166
17869
4205
372
3320
11663
1381
13590
4707
6663
20743
2250
3670
368
5665
24535
6328
163
20062
22346
6002
16
20
23847
16689
13484
23087
9067
13483
4099
370
2825
16685
1973
20059
14484
2796
12871
21047
4497
19956
6496
13912
12489
11799
20297
12214
12727
7060
3925
13830
18518
23991
14394
11769
4636
14516
21339
944
10138
19652
13166
21865
3685
7224
5440
862
14292
5804
5239
11575
6672
374
4611
10373
8632
12682
7785
4176
21126
15075
20910
13195
6936
21550
7929
4864
9654
7052
5264
21338
3908
3746
20060
24694
1592
12038
761
19518
1591
6632
1856
2550
11291
14981
21430
4175
7820
3907
2832
23992
24255
20600
15976
19439
23844
21006
20503
1752
8462
11702
7447
1930
2569
20901
7787
17727
12215
20421
16637
11292
16621
12485
14885
369
19742
23707
6634
16120
5504
7995
861
13161
4180
23710
14452
18487
20472
5068
4204
10510
14554
24580
10010
16690
19440
3669
18974
1370
1927
5929
676
23708
1926
21758
2113
23176
1165
4706
15633
6064
20299
9651
1968
7989
9621
8379
9720
3283
23114
1677
1584
371
21050
14
6502
7851
11283
11917
7606
17579
11326
20277
24978
22216
8167
13426
4206
18051
24763
21821
11371
16577
18544
17984
21007
5026
19851
19946
17700
21279
7435
8894
1049
22661
1389
17034
21156
11196
18582
22043
19943
21103
24693
16636
5009
15975
11287
23989
11902
17576
14494
19948
19947
15269
4609
8168
1585
107
6980
24883
13150
13499
7991
3455
6325
4203
15859
6005
20986
16635
4498
9902
11166
3523
9631
10938
11573
13832
18988
1933
11167
1140
21440
19944
16683
4181
6633
24882
12979
2830
22214
3074
22210
14453
15052
19489
15181
15829
4207
18106
19983
24859
23529
21857
13037
1905
17803
15890
12216
22948
14465
22532
5960
17037
19942
23709
20449
24210
3382
22
11704
16517
8799
23074
22217
9544
2987
1351
1971
14485
2421
22209
9543
18770
1581
15845
2549
275
24691
7677
13998
11898
1306
24125
11539
18658
20565
16886
20253
6727
2986
14482
80
21433
21004
2795
10710
23041
11698
23872
16300
14700
24920
17038
7605
11837
5488
8166
11540
11746
21051
9381
9868
15305
3453
15639
12936
1583
11901
20481
1508
12002
1998
10982
15895
16154
747
24787
5673
9455
19415
16122
3387
16679
2546
1896
15
1749
10034
6755
11165
21230
830
15854
9792
22094
21705
10372
12375
23438
24633
5127
14699
15447
22297
1397
4688
15775
4500
21011
2805
18048
15980
6299
11569
8111
24761
14650
10509
11079
8782
6465
17418
42
15894
16575
20042
10374
17035
2468
11916
14451
24878
7527
19418
14486
6495
17039
22556
15306
3995
11309
22778
23389
1116
21374
9652
11067
9891
20963
5071
17
12250
22211
3977
1352
23076
14038
16169
16155
8955
21432
3246
23513
22393
17627
22949
12029
19797
16560
11880
19524
12770
9855
21052
15043
8170
2604
12734
4505
4141
13163
21000
16781
15051
9852
41
12000
24382
15774
6006
9895
11738
9087
13032
7163
20266
6407
21059
2852
3389
15446
12883
24661
21115
20748
12487
4529
6194
20063
8350
23653
19847
11743
21894
11744
11523
1110
24690
7928
1347
13557
19337
6671
11368
17782
3803
12534
15592
18628
15748
18
4908
15302
16674
2828
2263
12486
22866
23568
16686
19055
11228
8173
16986
7558
16302
23970
646
20983
9746
13586
20795
22215
12513
20578
4901
8519
13987
2707
15216
14483
23084
1164
18050
8634
22154
15304
1611
8839
23175
1118
12376
9085
198
13509
9382
22919
6670
12007
10139
12065
5126
6990
9630
19762
1042
15133
21766
1307
16684
1972
13308
3519
21005
18047
5228
6707
15517
11325
3296
20984
9304
16568
15503
22609
13588
11574
19056
18193
2574
23085
13388
23086
18195
23433
24857
14697
6353
23917
14247
19769
7990
19741
19596
19504
23949
1115
4469
21536
24351
14259
7994
24858
23926
19765
15843
18292
9410
24289
1047
1167
16799
13033
9089
21468
16789
4899
14481
24162
13427
18627
9395
7699
8629
15276
24861
15763
844
14964
13673
7888
20638
22978
24225
4827
22832
4765
6297
390
14032
19856
16240
19090
16352
13964
4530
20501
20488
7099
1041
16784
3996
21552
16615
20061
15031
17588
9454
14290
5095
22904
6999
9057
12337
1107
11369
892
4012
1746
15451
7560
24050
6466
9970
11374
22315
11661
16515
12378
20810
8377
13325
17528
3234
2984
14093
24405
1934
8073
20110
18046
8193
1282
1621
6722
15275
9620
14755
15504
5909
20109
12006
20598
20056
15993
24322
675
23434
13587
8169
4613
342
24231
13554
17880
5931
8120
7528
438
21902
5238
16800
24732
15157
23437
14727
3289
17781
19257
7000
17981
5270
23843
24406
7979
14719
21400
12705
9302
10399
14260
487
6404
2152
20218
144
21159
14491
4090
17027
480
7559
10202
20484
17025
11980
7113
4084
4991
8635
3827
21701
12109
13591
15853
23048
6330
5229
12530
16972
2841
17117
7720
2283
15448
20080
6788
7779
16783
5269
17036
14752
16790
22440
22766
13219
11080
21704
5495
11571
5240
8982
11745
7098
8354
19057
17344
10148
9946
15613
21823
8513
8154
14261
17007
12041
19594
6988
8174
24158
11278
16027
21767
14754
5439
16562
12974
21258
5321
11078
9252
14454
9747
23540
16890
20952
3262
20744
18228
16775
20229
13944
9619
24957
15053
24294
5679
15014
6298
19123
20045
1238
18037
19338
16746
9457
7040
19412
7575
347
24989
479
21819
19238
20489
13510
23177
24906
13008
8883
21154
19430
22706
13135
4905
4440
22649
21031
9243
24905
38
24933
19920
20813
2300
1894
16391
2694
8790
17626
5593
2989
969
10156
20282
753
23005
515
17530
11823
17577
16228
7821
5081
14091
24770
5016
970
2570
3794
13355
7670
17238
7238
750
9359
6263
20999
1125
23631
17400
23040
15268
7427
9772
10625
19650
5125
11068
16493
4422
9675
2327
11935
18249
18191
10593
19880
6043
5888
11310
16959
9504
4318
20192
14651
11426
10559
24163
749
8627
6055
3282
11145
16301
2275
21270
23428
14831
15489
19674
7395
21502
13518
6507
12885
10920
16565
15406
6996
24771
1197
316
15077
39
17326
20414
22354
21088
14701
18774
15897
22201
20168
8716
18752
8112
23098
23037
21824
15114
7421
4251
17471
22323
12598
19793
24968
1510
9086
3042
23435
10458
15857
3668
23050
14595
20426
24912
14042
12265
24379
24825
18847
3302
8888
8512
975
143
1873
17903
3809
3117
21040
16725
3556
11885
5717
19788
17596
946
12003
20174
1740
11387
10795
11037
3378
20602
9774
14334
3903
21067
274
16557
21398
22153
2114
20040
23317
11062
923
4345
23624
3432
23636
7430
18196
11351
22838
20396
22155
5588
7207
21304
4838
8976
5873
5452
12543
21157
20288
556
1196
11882
4483
8343
7780
2653
18586
11383
20505
5242
16505
1872
8770
15501
15717
3594
16682
11739
23597
23321
17357
4919
8800
3637
15208
3916
11914
3611
17872
561
10225
20618
691
14249
12889
632
21045
2594
15211
15552
18110
19379
2262
24509
18098
20566
21346
681
4075
12657
20047
11069
18248
23091
13115
7977
13096
5284
11259
740
21254
1509
6001
23150
703
17077
23993
20836
9226
8074
21036
15622
4719
9811
7592
5696
1590
10996
19875
13671
8682
14311
20564
20666
22490
11427
20094
21817
21365
21044
21095
22880
11239
21043
6323
5707
11878
15638
4723
5124
19213
13492
23446
12005
14878
18226
22707
8341
12778
21937
8797
8065
13324
11388
16497
11884
13457
22739
1974
9285
21830
953
24769
9886
16820
11584
12484
9481
19869
5271
3858
5870
15325
11146
11660
23002
5333
1761
2362
2056
15525
21242
19872
10930
13174
22913
15539
24979
3319
20568
15676
4766
847
6034
6293
15369
16870
3526
4738
7097
5030
21439
13290
14399
22618
18154
15924
7784
6016
13670
1744
20285
3380
17628
14830
4772
15991
13750
9773
15856
9812
13704
7416
9710
18414
21866
16280
22139
13935
17529
13538
5864
21790
12246
16296
14961
17049
9959
2727
23403
15907
21149
2100
9605
13555
14510
16678
4528
10360
19678
15545
10599
13897
6620
1992
10201
21820
15209
12259
739
4459
10977
24798
18481
358
16552
11991
15160
19790
24501
23695
5748
18713
19663
269
19982
9266
21670
2807
23823
4913
15861
207
254
4902
9331
1596
4793
6745
20513
6493
23503
11927
15287
2791
2718
4452
17629
3235
11797
20170
15596
11757
12931
4017
11510
16739
6417
24916
14009
15497
14281
9657
3010
1599
1795
22436
21652
9119
18403
17222
4512
860
15368
2092
10610
10112
13921
16681
10557
23049
1932
22194
12388
2921
2053
16574
10870
20482
16893
3245
20227
24736
7837
921
2017
14086
23911
16987
22246
10983
12741
22705
15826
4672
1699
21829
17706
11184
8483
3266
14095
24990
21454
21530
12594
12736
2281
11521
14184
9471
6995
9839
9186
134
8746
24337
5411
22225
8807
19290
10838
5219
11038
2419
18919
8114
16808
9058
3122
24235
3274
10709
19111
12383
23868
18002
15334
16680
19044
7993
4003
7761
19359
19227
12373
4617
5811
16871
12064
13204
20822
1312
4362
5732
6158
13552
6501
24806
8172
24166
24407
14187
11879
7942
8278
14750
2844
2778
5615
21700
2346
21822
11370
22784
481
13597
5
24333
24508
15483
6148
9699
2202
24824
14573
22890
17221
12459
6726
10105
24722
20451
9370
16295
557
6948
17959
2086
4873
22715
21472
14000
337
24741
18860
857
9894
15751
21838
14520
10140
8502
19683
19592
13425
23842
2174
9467
24164
15249
9357
21153
2140
9962
20166
4718
12818
18127
22670
6218
15338
20319
17707
24712
8975
22189
6401
16894
7229
19006
18406
20971
23092
7957
16719
12683
4344
16392
17637
20065
12500
21486
17539
18395
6088
811
4637
11380
6225
17646
24444
23559
8649
13962
863
11731
23693
18192
1842
17408
21174
6615
6219
14317
140
22779
3543
18284
8470
7892
14753
15898
7313
22426
23902
5591
15152
5959
2452
16934
11052
6195
4135
6280
24716
410
11122
15290
17335
1928
24937
14045
751
4623
14135
20834
13891
24927
16801
19183
7125
20812
350
11329
12932
9121
10915
18254
8750
12374
8744
2340
3608
7523
20635
13322
18773
2143
19789
11126
21415
5976
3910
11114
17709
12512
13357
5427
16734
4280
17649
12947
12921
9479
4448
15244
4015
20841
18293
14584
779
11413
16786
1567
20965
17541
14418
21654
5014
16483
22911
23948
7635
15258
15528
24084
186
23582
21066
11826
2184
15785
17493
2000
14278
9582
11352
21897
14294
17582
2945
12709
24688
18539
11858
18287
15362
1981
21507
19509
24323
20258
5329
11992
21770
20590
206
13251
21794
14075
16571
13400
15860
2055
9010
17042
12457
16978
20366
21835
11809
21489
4010
2065
7676
16735
16602
20025
13963
23113
15409
24699
5232
12916
7611
716
17835
24338
1396
17836
18030
16570
14443
22145
22243
12304
10212
8630
24093
14236
20458
15407
11906
5210
20448
2289
23436
20422
13942
20293
8326
18538
24361
5378
15142
3758
8068
14044
24600
2265
6215
20641
17647
13768
21257
467
18084
61
15319
11755
23956
2616
24397
12406
16809
14245
2528
2498
7665
3005
9328
18822
3862
19236
8494
10956
12988
23440
23200
2851
24129
1823
16600
11385
24071
12763
3421
24630
19727
21345
3345
968
18187
5738
20727
16151
15764
19528
20821
15361
17636
8322
18409
12896
21589
12385
6868
18856
6264
23224
20360
23725
12208
9145
18882
20872
7095
6087
11841
21413
15635
10562
5489
21431
21474
12887
14723
15872
5817
1777
1869
9713
16486
3792
11141
4171
19653
11425
18427
8428
19505
7788
1350
19020
6008
19486
21951
5490
22709
22228
18595
12542
24818
23740
22512
7439
15892
18793
17755
12460
3795
1108
9765
14704
24991
21317
24377
14391
19151
17622
838
16948
11389
7114
1126
15600
20259
18448
7070
1670
15278
18552
17072
12483
5790
4638
1292
12908
12363
6051
22353
23136
24731
19029
1553
20969
12886
22435
23097
20864
11214
12933
12372
7555
13702
7426
24288
17681
6329
9358
10532
14427
15459
5547
8795
18823
19984
16749
17856
6907
14615
6789
17708
24942
9419
11821
19226
7781
5889
18461
19988
3937
6159
5962
20580
19931
532
3305
23201
775
18405
16164
14533
18015
8626
16098
8537
11840
11042
5143
455
17821
13480
13795
6997
24811
14495
13751
16436
2622
14166
9892
6357
17249
15271
8488
7291
16595
18253
19918
11252
22954
22096
18471
1862
6294
7726
24880
18516
15865
19316
7925
7667
14390
13558
13152
12612
20376
16961
14266
5320
12840
1594
4485
17513
18783
11648
24538
19879
19854
9997
13651
4250
5910
4140
23857
10072
9958
23158
14498
19662
14319
16917
14477
18490
5871
6579
5787
1895
24819
3676
20186
18635
7016
4211
13740
18298
23534
1345
24611
19026
4992
17917
7488
21233
5222
15159
24938
17474
1573
18707
11682
14653
2133
7410
5793
11479
4863
12276
3040
12046
14084
893
7289
168
11392
13107
15858
15214
3574
7649
21965
22336
9960
10496
19013
23551
18142
21901
5466
7486
12526
18696
19178
15186
22793
18399
19487
20171
15765
4134
7532
1093
3502
3744
6238
19519
21775
6960
24456
24774
18388
4037
20066
6915
8325
10375
2352
24788
1727
3006
16619
23156
24935
18670
11525
4975
8593
13976
19382
3210
23960
15992
3163
24269
12688
20034
3461
989
1977
9980
2081
8891
15947
15353
636
19371
15161
4618
14350
3056
7004
7204
6395
16266
2126
7954
12491
6000
10306
22425
18131
1276
3805
16229
3729
23697
23499
20710
24157
16168
13058
12050
9005
15400
7108
17434
7493
24601
948
18893
23145
17555
409
13699
20490
18606
22824
5469
4177
16226
7799
15879
1011
19481
16907
19627
22378
6052
21498
16158
7949
1040
6126
139
16492
19152
21175
15336
6639
1069
72
11536
4877
24760
13724
10665
1877
20978
729
24232
11390
18164
12387
22218
4031
19030
10029
18589
16047
15823
16822
24325
335
9876
3754
14946
16165
10647
20380
13170
3662
3933
7663
2023
10157
14239
14648
17558
12251
17135
20191
20533
11775
14659
1899
13490
16609
16751
5961
4673
9796
20601
14545
16887
11637
1745
451
2646
22625
14748
24597
9204
16111
12798
18764
16655
21917
23090
15022
17140
9386
13705
24836
18029
17269
18166
963
24064
14843
1751
3799
13072
15218
11671
19034
16294
16520
23756
24032
12673
4865
9976
19190
17920
3731
18345
9037
9427
17699
20649
4360
2548
12595
2793
22926
17738
2147
15912
8625
15402
10507
19922
13797
13799
20212
2753
5191
690
5765
2864
21118
16042
6420
7634
2742
21121
6646
5184
13534
16782
13965
10869
4871
10209
5255
4480
272
12811
10708
18702
4689
16108
10329
9373
9388
17094
1237
15009
20012
15443
12408
12444
9095
18315
3882
920
15867
768
1610
5275
19764
23227
13544
9428
21017
6945
21667
5978
7438
24751
21661
10166
24982
10724
20900
14917
10122
23378
16632
12837
1525
24383
17545
12404
19658
16283
23508
13725
20388
5429
7680
17521
15819
23775
8214
10924
20367
24320
221
12858
24673
5670
11222
15794
24710
20823
6399
20262
16726
4874
11649
10167
10689
12510
18703
9246
14511
14030
1697
20107
15140
14956
14541
12996
7332
20721
13149
4032
3890
7760
4368
16794
3123
12049
9402
16009
6690
5682
20620
10534
6112
15341
4039
20889
17542
12914
6899
24653
9148
22785
22885
21125
7422
22014
23225
15193
6010
17401
22033
17050
7487
10508
7237
2871
12323
23078
8438
8096
5136
1437
5206
1419
22394
18408
15371
17402
1982
7536
1150
8072
4914
19520
12552
18001
15679
10946
7751
17487
558
15891
21449
9744
13798
3147
6268
8218
11249
7805
15109
24352
13922
11652
21100
7401
18651
6196
12076
21501
1960
21448
13110
3812
1738
4912
13168
19295
10829
5899
14916
17824
4872
11653
6967
20716
16875
949
17867
18398
2233
16874
2083
15462
13943
17321
967
11258
20480
8509
3071
15048
2423
18519
8694
15023
9505
9470
2211
1760
4974
23121
9122
2741
20920
17152
16001
7978
8280
18291
1643
23629
2606
2971
20529
1741
9270
7947
1218
15918
18578
4993
14745
14580
22399
4567
22662
7015
12307
2944
