23 17856
38 2848
38 2849
71 8839
72 71
72 11390
101 12207
108 13786
112 2849
139 8075
163 956
163 9793
184 7310
184 8495
184 9793
184 21104
184 24245
184 24246
214 13215
215 13215
217 13215
292 13215
343 10349
343 13215
425 5184
425 12737
425 15593
432 2205
432 2469
432 7659
432 12207
432 19925
433 7659
433 12207
433 13950
433 19925
433 23127
434 2205
434 7659
434 10629
434 12207
434 19925
434 23127
458 12769
472 2205
472 12207
474 12207
479 7992
480 7990
481 7992
503 425
515 21104
675 7571
676 7571
727 732
727 2352
727 24333
812 9642
812 10349
812 24988
813 13215
843 7571
844 7571
861 13116
893 13589
902 13215
912 24379
912 24382
931 18709
939 9505
939 9506
939 19334
942 7822
942 11414
942 19743
944 8801
971 10141
972 18043
973 18043
987 6215
988 6215
990 6215
1001 1554
1001 3814
1001 3903
1001 6672
1001 10307
1001 13209
1005 3814
1005 6671
1005 6672
1022 9642
1022 10349
1022 13215
1022 24988
1032 22954
1042 21102
1049 13786
1054 5666
1054 8839
1055 14497
1094 12207
1140 2205
1140 12207
1141 12207
1142 2205
1142 12207
1143 12207
1144 12207
1151 1999
1151 5555
1151 7039
1151 7788
1151 8102
1151 11621
1151 20566
1153 8477
1201 20368
1223 10349
1223 13215
1223 24988
1275 17028
1313 970
1313 3828
1313 7599
1313 12598
1313 12744
1313 13784
1313 14555
1313 17028
1313 19091
1313 19870
1313 22740
1352 13545
1355 19925
1356 7659
1356 12207
1359 2276
1371 12207
1372 2205
1372 12207
1382 4229
1382 4231
1384 7565
1384 7571
1384 10352
1384 12629
1384 13486
1384 24987
1385 3849
1398 4229
1398 4232
1398 23697
1398 24712
1416 17207
1554 1001
1595 21104
1600 7992
1600 12373
1601 7992
1623 2153
1661 11800
1661 13741
1662 10312
1666 4363
1669 16656
1670 16656
1722 23552
1745 9846
1747 23100
1752 4611
1778 20573
1798 12376
1798 24382
1858 4611
1891 1900
1907 2849
1907 14334
1907 21104
1907 21105
1938 3828
1940 3829
1940 5738
1940 24333
1941 1940
1941 3828
1961 13786
1974 6756
1996 12207
2000 7659
2000 12207
2002 2205
2002 7659
2002 12207
2003 2205
2003 7659
2003 12207
2060 13215
2073 9642
2073 10349
2073 13215
2073 24988
2101 17028
2101 19863
2141 22954
2153 17359
2203 3814
2203 7566
2203 7569
2203 7571
2203 8839
2203 10347
2203 10349
2203 10352
2203 13485
2203 13486
2203 14497
2203 16320
2203 19927
2203 24682
2203 24988
2204 12207
2205 4259
2205 7956
2205 10740
2205 12202
2205 12207
2205 12683
2205 21865
2205 23726
2210 7571
2240 22767
2242 7440
2251 16152
2264 8371
2276 1700
2276 1974
2276 5455
2276 15333
2276 15976
2276 21551
2276 21938
2276 23843
2279 2281
2281 12876
2301 1055
2328 12975
2378 2205
2378 12207
2381 7659
2383 9642
2384 7659
2385 2205
2390 5749
2398 13786
2424 24355
2453 20057
2461 21003
2461 21004
2469 101
2469 1140
2469 1356
2469 1372
2469 2204
2469 2205
2469 2385
2469 3270
2469 3297
2469 3316
2469 3540
2469 3841
2469 3842
2469 4021
2469 5073
2469 5074
2469 5225
2469 6408
2469 7664
2469 7665
2469 7853
2469 7859
2469 8511
2469 9754
2469 10443
2469 10644
2469 11702
2469 12060
2469 12202
2469 12207
2469 12261
2469 12262
2469 13500
2469 14314
2469 14316
2469 14462
2469 15031
2469 15032
2469 15043
2469 15046
2469 15883
2469 16237
2469 16902
2469 16906
2469 17103
2469 17735
2469 17740
2469 18440
2469 18444
2469 18659
2469 18975
2469 18978
2469 18996
2469 19677
2469 19925
2469 20539
2469 21347
2469 21535
2469 21864
2469 21865
2469 22347
2469 22348
2469 22657
2469 23726
2469 23759
2469 24226
2469 24230
2469 24565
2545 24978
2550 15458
2562 4635
2562 14455
2570 24376
2571 12373
2583 1940
2595 24682
2635 8976
2635 8977
2635 11739
2635 17990
2635 18229
2635 20057
2635 22919
2779 8695
2806 13589
2826 7292
2828 2848
2828 2849
2830 7292
2830 9060
2830 9061
2833 7292
2845 13786
2848 2091
2848 4163
2848 8779
2848 18488
2848 24860
2849 11231
2849 13937
2849 18488
2850 13936
2887 7571
2887 10347
2888 7571
2888 10347
2888 13483
2888 13485
2889 7571
2891 10351
2891 10352
2891 13209
2891 13483
2891 13484
2891 24987
2892 7565
2892 7568
2892 7569
2892 10349
2892 10352
2892 13209
2892 13483
2892 13484
2892 13486
2892 24987
2928 12207
2933 16740
2943 18697
2985 8075
2985 23450
2987 2153
2990 7571
3043 5189
3051 22005
3057 9314
3063 19876
3073 18707
3074 18707
3075 9314
3088 1794
3118 3122
3118 3124
3118 15827
3118 18393
3135 1973
3135 14494
3135 21441
3237 21102
3247 19001
3251 3463
3254 2469
3254 12207
3258 2469
3258 12207
3258 13950
3258 15552
3258 23127
3270 12207
3270 19925
3272 7659
3272 12207
3272 19925
3273 2205
3273 7659
3273 19925
3285 7571
3285 14455
3292 2205
3292 12207
3297 12207
3316 12207
3317 12207
3321 13589
3364 11824
3383 2943
3384 3381
3387 4611
3387 18043
3389 18043
3432 22954
3523 8371
3523 21102
3523 21104
3605 13786
3609 9060
3609 9061
3611 14455
3619 2469
3619 12207
3619 15552
3621 2205
3621 12207
3621 13950
3625 2469
3625 7659
3625 15552
3625 23127
3646 12975
3670 2001
3670 2425
3670 6756
3670 9846
3670 12410
3670 18694
3670 23038
3670 24617
3670 24618
3670 24620
3671 18693
3671 18694
3671 24618
3671 24619
3671 24620
3686 18043
3688 22296
3690 22296
3747 7659
3747 12207
3762 12207
3798 3800
3803 13786
3803 24712
3808 3804
3808 5455
3808 12175
3808 19742
3808 19743
3814 4229
3814 4231
3814 6715
3814 14455
3841 2205
3841 12207
3842 2205
3856 9846
3862 3118
3891 1024
3891 10349
3891 13215
3902 8734
3903 14649
3903 23038
3908 8495
3926 939
3926 8734
3926 21102
3926 21104
3926 21105
3927 942
3927 9793
3927 15723
3927 21102
3927 21104
3996 10771
3996 14472
3997 14472
4013 13786
4013 16152
4016 2205
4019 12207
4021 2205
4021 12207
4044 18043
4076 12975
4135 13938
4136 13938
4164 22954
4175 4611
4175 18043
4176 18043
4177 4611
4177 18043
4178 18043
4180 4611
4180 18043
4181 18043
4202 13589
4211 9642
4211 13215
4216 13116
4229 9643
4229 19440
4229 19442
4231 5505
4231 9642
4231 19440
4231 19441
4232 19440
4287 24712
4423 971
4423 12054
4423 14520
4423 15333
4423 15764
4423 15766
4423 21918
4423 21919
4423 22953
4441 2153
4460 15862
4478 1940
4479 2848
4479 13786
4479 14334
4484 22954
4522 12710
4536 10978
4536 10979
4536 10984
4609 7821
4609 11661
4634 7571
4635 3814
4635 5505
4635 5805
4635 7565
4635 7567
4635 7568
4635 9642
4635 10347
4635 10348
4635 10349
4635 10352
4635 13209
4635 13483
4635 13485
4635 15185
4635 19441
4635 24987
4635 24988
4644 7571
4672 4674
4677 5697
4682 24937
4739 1903
4739 6003
4739 6005
4739 7417
4761 9642
4857 21736
4872 2153
4872 13786
4874 2153
4939 7569
4939 7571
4939 10347
4939 10348
4939 10349
4939 10352
4939 13486
4939 14293
4939 24988
4940 7571
4940 11822
4963 17028
4986 13786
4986 17514
5010 7992
5021 3808
5067 12207
5069 7659
5069 19925
5070 7659
5071 2205
5071 12207
5072 2205
5072 12207
5072 19925
5073 2205
5073 7659
5073 12207
5073 19925
5074 19925
5076 2205
5076 7659
5076 12207
5078 3523
5078 8839
5078 22841
5087 9642
5091 13786
5125 7990
5125 7992
5126 7992
5127 7990
5127 7992
5128 7990
5140 2205
5140 2469
5140 7659
5140 12207
5140 15552
5158 9793
5158 15723
5220 11121
5225 2205
5225 7659
5227 7659
5230 7659
5232 2205
5232 12207
5233 2205
5233 7659
5239 10954
5240 13589
5243 19873
5256 21104
5412 10312
5413 10312
5420 2205
5420 13950
5420 19925
5420 23127
5423 13950
5426 12207
5427 2205
5427 2469
5427 7659
5427 10629
5427 13950
5427 19925
5427 23127
5453 9793
5455 2848
5455 8495
5455 14334
5455 20053
5491 13786
5505 23697
5555 1151
5562 13589
5592 5593
5592 6715
5594 2153
5598 18707
5617 9642
5633 24988
5634 9642
5634 10349
5634 24988
5666 6756
5666 15862
5700 5704
5749 1762
5749 17473
5763 24988
5764 10349
5764 13215
5764 24988
5767 9642
5767 10349
5767 24988
5768 10349
5805 4229
5805 7990
5832 14455
5832 24712
5836 2153
5836 24878
5864 16747
5874 22767
5889 19506
5901 14555
5930 4231
6003 10523
6056 7990
6056 7992
6064 18043
6065 18043
6088 13786
6089 13786
6160 6159
6160 15410
6160 15412
6160 16747
6161 6160
6161 15410
6161 15412
6161 16747
6161 19143
6170 7571
6170 14455
6196 7109
6196 7271
6208 13215
6265 13786
6267 9642
6267 10349
6267 13215
6267 24988
6270 13215
6280 7659
6280 12207
6280 23127
6281 12207
6281 13950
6281 23127
6283 10629
6284 12207
6284 19925
6294 7529
6294 7990
6294 7992
6295 10312
6297 13589
6307 13589
6324 12883
6324 23038
6327 2276
6329 23038
6330 19876
6330 23038
6331 9793
6333 6690
6333 23038
6334 10523
6334 11121
6335 6756
6335 9793
6335 10523
6335 11121
6335 21104
6398 9711
6398 13999
6398 16099
6408 2205
6408 12207
6408 19925
6426 24456
6458 7659
6459 12207
6460 2205
6460 12207
6462 7659
6462 13950
6462 15552
6462 23127
6496 5700
6508 2469
6508 12207
6508 13950
6508 15552
6508 23127
6542 17990
6542 19334
6542 19338
6589 10349
6589 10639
6589 13215
6589 19070
6589 21826
6589 23504
6589 24712
6589 24988
6595 21102
6632 12207
6633 956
6633 7529
6634 956
6638 2205
6639 2205
6641 12207
6664 13589
6672 4229
6673 2943
6682 6681
6690 2001
6690 15333
6690 23967
6727 2848
6727 2849
6746 14520
6746 21918
6746 21919
6747 6756
6756 971
6756 3902
6756 6335
6756 8839
6756 10723
6756 11933
6756 12054
6756 12876
6756 15217
6756 15764
6756 15765
6756 15766
6756 15768
6756 19595
6756 20985
6756 21916
6756 21918
6756 21919
6935 17469
6937 22954
6946 4808
6946 6219
6946 21280
6951 6405
6951 6946
6972 7659
6972 12207
6981 10026
6981 15882
6995 4611
6995 18043
6996 4611
6996 18043
6997 18043
6999 18043
7000 4611
7000 18043
7001 18043
7002 4611
7002 18043
7002 22296
7039 861
7039 1151
7039 12598
7039 21441
7052 13786
7052 23099
7053 16152
7053 21104
7053 22720
7061 13589
7109 6196
7114 10978
7115 10978
7132 7134
7190 9793
7190 16155
7284 9642
7286 13215
7287 13215
7310 1111
7310 1117
7310 8514
7310 9396
7311 1111
7311 1116
7311 8514
7314 3808
7356 9642
7356 10349
7356 13215
7357 10349
7372 13215
7403 1382
7403 1398
7403 3803
7403 5505
7403 5805
7403 7565
7403 7567
7403 7569
7403 9631
7403 9632
7403 9643
7403 10347
7403 10351
7403 13215
7403 13483
7403 13486
7403 14886
7403 14891
7403 15634
7403 16169
7403 19441
7403 21826
7403 24987
7404 7571
7410 12596
7436 2635
7436 8976
7436 8983
7436 18227
7436 18229
7436 20053
7436 20057
7438 7688
7509 17028
7529 5125
7529 5126
7529 8849
7529 18048
7535 6589
7535 24712
7545 9642
7545 13215
7546 9642
7546 13215
7565 4229
7565 4231
7565 4232
7565 6715
7565 15822
7565 21823
7565 21825
7565 23697
7565 24712
7566 4231
7566 14455
7566 23552
7567 4231
7567 6715
7567 21823
7567 23552
7567 23697
7568 4232
7568 15822
7568 23552
7569 4229
7569 14455
7569 24712
7571 489
7571 1722
7571 3140
7571 3803
7571 4228
7571 4229
7571 4230
7571 5440
7571 5594
7571 5718
7571 6002
7571 6421
7571 6671
7571 6672
7571 6673
7571 6710
7571 7565
7571 7566
7571 7569
7571 8171
7571 8788
7571 8790
7571 8791
7571 9797
7571 10347
7571 10349
7571 10351
7571 13215
7571 13484
7571 13486
7571 14703
7571 14704
7571 14707
7571 14708
7571 14886
7571 15634
7571 15821
7571 15825
7571 16170
7571 18579
7571 19927
7571 20835
7571 20836
7571 21819
7571 21821
7571 21824
7571 21826
7571 22159
7571 23146
7571 23147
7571 23232
7571 23503
7571 23695
7571 23696
7571 23961
7571 24712
7588 2153
7588 13786
7599 850
7659 101
7659 472
7659 1094
7659 2204
7659 2928
7659 3292
7659 3297
7659 3316
7659 3376
7659 3762
7659 3841
7659 4016
7659 4017
7659 6460
7659 6632
7659 6638
7659 6639
7659 6641
7659 7664
7659 7666
7659 7956
7659 8242
7659 8511
7659 9754
7659 10314
7659 10443
7659 10644
7659 10739
7659 10740
7659 12060
7659 12062
7659 12257
7659 12260
7659 12261
7659 12683
7659 13165
7659 13537
7659 13539
7659 13913
7659 14007
7659 14040
7659 14076
7659 14495
7659 15028
7659 15029
7659 15031
7659 15032
7659 15040
7659 15042
7659 15043
7659 15044
7659 15642
7659 15643
7659 15883
7659 16906
7659 16907
7659 16908
7659 17735
7659 18438
7659 18441
7659 18442
7659 18655
7659 18656
7659 18659
7659 18989
7659 19519
7659 19677
7659 19679
7659 21347
7659 21350
7659 21535
7659 21536
7659 21538
7659 21699
7659 21864
7659 21865
7659 21866
7659 22347
7659 22697
7659 23317
7659 23319
7659 23322
7659 23726
7659 23855
7659 24225
7659 24226
7659 24227
7659 24230
7664 2205
7664 12207
7666 2205
7666 12207
7680 8976
7680 8983
7680 18229
7680 20053
7680 20057
7681 8976
7681 8983
7681 18227
7681 18229
7699 9642
7699 13215
7731 24988
7737 18707
7781 23100
7788 1151
7821 21102
7822 942
7822 21102
7830 24256
7850 12207
7851 7659
7851 12207
7852 2205
7852 12207
7852 19925
7853 7659
7853 12207
7854 12207
7855 7659
7855 19925
7856 7659
7856 19925
7877 20422
7877 22953
7893 4919
7893 10523
7893 13786
7956 12207
7974 5522
7980 24235
7990 15823
7992 15823
7996 2635
7996 18229
7996 20053
8066 1055
8074 2153
8074 13786
8075 139
8075 3721
8081 24688
8089 9642
8089 13215
8102 1151
8112 17541
8113 17535
8113 17541
8115 17589
8165 13786
8186 13215
8186 24988
8199 13589
8371 3803
8371 8839
8371 14891
8396 13116
8415 24428
8416 23509
8436 9642
8436 13215
8437 9642
8442 4611
8477 861
8477 21375
8489 8801
8495 3118
8495 9622
8495 21984
8495 22919
8495 23697
8511 2205
8607 13936
8616 9793
8616 11662
8616 21104
8654 24988
8698 7571
8717 8734
8717 16316
8731 13589
8734 1981
8734 19334
8738 1055
8797 2285
8797 8802
8797 8840
8797 18047
8798 8797
8798 8801
8801 3778
8801 8783
8801 10225
8839 2425
8839 12409
8839 13741
8839 18693
8839 18696
8839 24618
8839 24619
8839 24620
8852 12207
8884 21703
8887 5910
8976 8977
8976 8981
8976 11740
8977 8983
8982 8983
8983 8981
8994 17028
9060 2830
9061 2830
9067 13215
9068 2469
9068 12207
9068 19925
9068 23127
9069 12207
9069 13950
9069 23127
9071 13950
9071 19925
9071 23127
9072 2205
9072 2469
9072 7665
9072 12207
9072 13950
9072 15552
9072 19678
9072 20024
9072 23127
9077 13215
9086 7990
9087 11662
9088 7990
9088 7992
9120 7990
9145 21104
9171 7659
9211 22954
9212 6756
9228 7292
9244 17558
9271 547
9271 3364
9271 15425
9307 3808
9307 8734
9307 9793
9307 21104
9314 1511
9314 2487
9314 6226
9314 18041
9314 18872
9314 20110
9314 20111
9314 23630
9314 23632
9358 21102
9388 13589
9394 5740
9416 9420
9416 21045
9418 21045
9418 21046
9419 21045
9419 21046
9455 13786
9456 13786
9489 9642
9489 10349
9489 13215
9513 8734
9544 4611
9544 18043
9545 18043
9619 9793
9620 2849
9621 18529
9622 8495
9622 11662
9622 21102
9622 24246
9631 4229
9631 4231
9631 23697
9632 4229
9632 4232
9632 23697
9643 23697
9691 12077
9724 7659
9724 12207
9724 13950
9724 23127
9728 2205
9728 12207
9728 13950
9728 19925
9735 4739
9747 2276
9751 2205
9751 12207
9752 12207
9754 12207
9791 16775
9792 7571
9793 163
9793 184
9793 561
9793 3778
9793 5125
9793 5127
9793 5158
9793 8616
9793 10638
9793 11414
9793 11661
9793 11662
9793 12175
9793 12773
9793 16689
9793 16775
9793 20169
9793 21215
9793 21672
9793 22214
9793 23637
9793 24859
9812 6160
9812 6161
9812 15414
9812 16747
9812 22706
9813 6159
9813 9814
9813 22706
9814 6160
9814 15412
9828 7992
9846 19214
9934 9642
9934 10349
9935 24988
9936 9642
9936 10349
9976 18043
9976 22296
9997 7992
9998 7990
9998 7992
9999 163
9999 6056
9999 12528
9999 14555
9999 15389
9999 16518
9999 21067
10011 21102
10072 19805
10072 20057
10072 24854
10091 7992
10094 7992
10118 13589
10124 5334
10125 10124
10141 10144
10157 12373
10157 12376
10347 4229
10347 4231
10347 6715
10347 21823
10347 21825
10347 23697
10347 24712
10348 4229
10348 14455
10348 23552
10348 24712
10349 956
10349 4231
10349 13786
10349 14455
10351 956
10351 4229
10351 4231
10352 4229
10352 6715
10352 21823
10352 21825
10352 23697
10353 1972
10383 24878
10397 9642
10397 10349
10397 13215
10398 9642
10398 10349
10398 24988
10401 13786
10418 13786
10443 2205
10507 7571
10508 7571
10523 12876
10560 4423
10560 15690
10575 22954
10592 8075
10608 3237
10608 3523
10608 21100
10623 21104
10629 2002
10629 2205
10629 4017
10629 5074
10629 6408
10629 8511
10629 9752
10629 12207
10629 14316
10629 14317
10629 15886
10629 16902
10629 16908
10629 17735
10629 18075
10629 18659
10629 19925
10629 21030
10629 21031
10629 21037
10629 21864
10629 23317
10629 23726
10630 2205
10630 12207
10630 19925
10639 7403
10639 24712
10644 2205
10666 10979
10670 4674
10704 23845
10739 12207
10740 12207
10839 14555
10839 17870
10869 3041
10869 3903
10869 10870
10869 10871
10916 727
10916 13936
10916 17028
10920 22954
10950 13215
10950 24988
10978 10983
10978 10984
10986 13589
11028 13215
11079 6756
11079 10839
11081 4423
11121 1974
11121 20795
11122 727
11123 10839
11140 14249
11145 22954
11215 22528
11253 10141
11254 17028
11257 10141
11276 7893
11290 16152
11290 21104
11298 18043
11310 10771
11310 14472
11310 15822
11311 14472
11312 2205
11315 12207
11327 18332
11365 13215
11381 163
11381 1398
11381 3803
11381 7571
11381 9631
11381 9632
11381 9643
11381 13483
11381 13485
11381 19440
11381 19441
11381 19442
11382 7571
11399 10349
11399 13215
11409 10349
11414 942
11511 11510
11540 956
11541 956
11541 7529
11572 9793
11574 23038
11585 13589
11621 1151
11621 5086
11661 9793
11661 11662
11662 8616
11662 9793
11662 11661
11662 15639
11663 18043
11664 18043
11664 22296
11665 18043
11678 4677
11698 2205
11698 7659
11698 12207
11698 19925
11700 12207
11701 7659
11701 12207
11701 19925
11702 2205
11702 7659
11702 19925
11703 12207
11703 19925
11705 12207
11706 7659
11707 13215
11732 2635
11732 8976
11732 8983
11732 18227
11732 18229
11732 20053
11732 20057
11733 2635
11733 8983
11733 18229
11733 20057
11739 8976
11744 10978
11745 8983
11745 18227
11745 20053
11745 20057
11747 13786
11752 21823
11798 12207
11822 3814
11822 7565
11822 7566
11822 7569
11822 10347
11822 10348
11822 10352
11822 13483
11822 14293
11822 24987
11822 24988
11824 8839
11824 15925
11824 19236
11827 3814
11827 4940
11827 7565
11827 7567
11827 7568
11827 10351
11827 13483
11827 13484
11827 14293
11827 19926
11881 12975
11922 10312
11930 10312
11935 12207
11935 23127
11936 2469
11936 12207
11936 13950
11938 2205
11938 12207
11938 13950
11938 23127
11939 2469
11939 7659
11939 12207
11939 19925
11939 23127
11940 7659
11940 13950
11943 11824
12030 3544
12030 15822
12059 12207
12060 12207
12065 16795
12068 5239
12110 7402
12110 18697
12110 19658
12116 19205
12118 10978
12135 18043
12149 12148
12207 12202
12207 23855
12215 10979
12215 17207
12216 2748
12216 6756
12216 12091
12217 2748
12217 10979
12217 17207
12217 24462
12230 7659
12249 12839
12258 12207
12259 12207
12260 2205
12260 12207
12261 12207
12262 2205
12373 9332
12373 21265
12374 24379
12374 24382
12376 1165
12376 2285
12376 10157
12376 24379
12376 24382
12376 24383
12377 24379
12379 24382
12393 9642
12393 13215
12403 7990
12410 3778
12458 3118
12459 3120
12460 3118
12460 3120
12472 15187
12485 21104
12486 13786
12500 10349
12500 13215
12500 24988
12501 7571
12511 15333
12526 24988
12540 9642
12540 13215
12540 24988
12545 21104
12562 9676
12598 756
12598 1054
12598 7039
12598 8495
12598 9793
12598 16802
12598 20513
12598 24203
12598 24682
12600 9793
12600 10925
12600 13786
12600 17028
12600 21104
12600 22767
12600 24682
12629 7571
12683 12207
12715 13215
12731 12975
12732 12975
12733 15463
12742 24429
12744 6756
12744 11511
12745 4689
12771 18043
12771 22296
12841 7571
12858 22954
12876 2281
12876 6756
12876 8075
12876 8495
12876 10523
12876 11121
12876 19873
12876 19876
12876 23038
12883 2575
12883 7606
12883 14497
12883 20667
12890 4739
12891 4739
12937 13589
12975 4076
12975 5127
12975 5128
12975 9777
12975 9962
12975 12039
12977 7990
12980 8734
12989 14097
13032 13215
13033 21104
13034 3808
13072 11298
13072 13356
13072 17728
13072 18047
13074 5732
13074 8840
13074 11298
13074 17727
13074 18047
13074 24213
13106 2848
13106 2849
13106 13934
13108 1382
13108 5674
13108 7565
13108 8416
13108 10349
13108 12325
13108 12501
13108 13358
13108 13483
13108 19223
13108 19340
13108 24987
13116 8839
13116 11800
13116 21440
13116 21441
13146 2848
13146 2849
13146 8371
13149 11276
13149 11824
13150 11276
13164 2205
13164 12207
13165 12207
13184 9642
13184 10349
13184 24988
13205 3828
13205 4913
13209 956
13209 4229
13209 4232
13209 23552
13215 956
13220 12883
13225 18706
13265 1903
13303 13299
13323 1569
13358 7571
13428 10523
13456 13591
13456 17985
13456 22953
13483 4229
13483 4231
13483 21823
13483 23552
13483 23697
13483 24712
13484 4229
13484 4231
13484 4232
13484 21825
13484 23552
13485 4232
13485 14455
13485 23552
13486 4231
13486 14455
13486 23552
13491 14137
13491 19462
13491 19463
13492 14137
13492 19462
13492 19463
13493 19462
13494 14137
13494 19462
13500 12207
13505 2205
13505 19925
13506 2205
13506 7659
13520 15861
13535 2205
13539 12207
13545 5680
13588 13589
13589 4637
13589 7279
13589 8342
13589 9869
13589 9947
13589 10939
13589 10940
13589 11893
13589 11894
13589 11897
13589 11899
13589 11900
13589 11917
13589 11918
13589 13151
13589 13587
13589 13596
13589 14498
13589 14761
13589 19232
13589 21127
13718 6116
13718 10725
13741 3603
13742 24382
13786 1168
13786 5271
13786 5594
13786 6466
13786 7118
13786 8779
13786 9643
13786 12711
13786 13928
13786 18579
13786 21452
13786 21499
13786 22158
13786 23696
13833 22954
13875 13215
13913 2205
13913 12207
13916 2205
13919 24213
13934 24860
13936 10269
13936 16503
13950 101
13950 472
13950 474
13950 475
13950 1094
13950 1140
13950 1141
13950 1143
13950 1355
13950 1356
13950 1371
13950 1372
13950 1938
13950 1996
13950 2000
13950 2003
13950 2378
13950 2381
13950 2384
13950 2928
13950 3270
13950 3275
13950 3291
13950 3292
13950 3295
13950 3316
13950 3376
13950 3377
13950 3540
13950 3762
13950 3841
13950 3842
13950 4016
13950 4017
13950 4259
13950 4493
13950 5068
13950 5069
13950 5070
13950 5072
13950 5073
13950 5074
13950 5076
13950 5226
13950 5229
13950 5230
13950 5232
13950 5233
13950 5741
13950 6283
13950 6284
13950 6458
13950 6459
13950 6632
13950 6638
13950 7664
13950 7763
13950 7850
13950 7852
13950 7853
13950 7855
13950 7859
13950 8511
13950 9751
13950 9752
13950 9754
13950 10314
13950 10629
13950 10630
13950 10644
13950 10739
13950 11312
13950 11314
13950 11699
13950 11700
13950 11701
13950 11702
13950 11703
13950 11704
13950 12060
13950 12062
13950 12202
13950 12230
13950 12258
13950 12259
13950 12260
13950 12683
13950 13164
13950 13165
13950 13500
13950 13505
13950 13506
13950 13535
13950 13537
13950 13539
13950 13916
13950 14007
13950 14040
13950 14076
13950 14312
13950 14313
13950 14316
13950 14317
13950 14459
13950 14460
13950 14461
13950 14466
13950 14467
13950 15028
13950 15029
13950 15030
13950 15031
13950 15032
13950 15040
13950 15042
13950 15641
13950 15643
13950 15644
13950 15646
13950 15885
13950 15886
13950 16237
13950 16902
13950 16908
13950 17101
13950 17102
13950 17103
13950 17104
13950 17107
13950 17108
13950 17740
13950 18078
13950 18080
13950 18438
13950 18444
13950 18655
13950 18656
13950 18981
13950 18989
13950 19519
13950 19676
13950 19679
13950 19680
13950 20539
13950 21032
13950 21033
13950 21037
13950 21349
13950 21350
13950 21351
13950 21536
13950 21537
13950 21539
13950 21540
13950 21699
13950 21864
13950 21875
13950 22055
13950 22348
13950 22654
13950 22655
13950 22658
13950 22660
13950 22697
13950 23322
13950 23542
13950 23543
13950 23544
13950 23726
13950 23759
13950 23760
13950 23855
13950 24212
13950 24225
13950 24226
13950 24227
13950 24228
13950 24229
13950 24230
13950 24231
13950 24232
13950 24563
13950 24565
13950 24567
13954 9642
13954 13215
14027 1896
14027 3461
14027 24878
14031 18529
14037 2848
14037 12975
14037 13786
14037 16152
14037 21105
14039 6756
14039 19876
14053 9642
14053 13215
14054 9642
14076 12207
14094 1778
14097 11381
14173 7606
14173 16791
14188 19506
14189 19506
14193 24988
14197 9642
14197 10349
14198 9642
14198 24988
14236 12376
14236 24379
14236 24382
14237 12376
14239 16800
14239 24379
14247 7990
14248 19876
14248 22528
14248 23038
14249 12883
14249 22528
14260 24551
14261 20155
14261 24551
14262 21842
14293 956
14293 4231
14293 4232
14293 8790
14293 21823
14298 15723
14313 2205
14313 12207
14313 19925
14314 7659
14314 12207
14315 7659
14315 19925
14316 7659
14316 19925
14317 2205
14317 7659
14317 19925
14328 13215
14328 24988
14329 10349
14334 2849
14334 13786
14334 23869
14380 7659
14380 23127
14453 21825
14455 489
14455 490
14455 3611
14455 3924
14455 4230
14455 5440
14455 5589
14455 5594
14455 5616
14455 6710
14455 8788
14455 8790
14455 11260
14455 14293
14455 14453
14455 14703
14455 14705
14455 14707
14455 16170
14455 19495
14455 19926
14455 20835
14455 21819
14455 21820
14455 21821
14455 21826
14455 22785
14455 23503
14455 24987
14458 7659
14459 7659
14459 12207
14460 12207
14461 2205
14461 12207
14462 2205
14463 7659
14463 12207
14466 2205
14467 12207
14477 18043
14478 18043
14490 18043
14495 12207
14517 18043
14520 4423
14520 6746
14524 13215
14525 9642
14539 21104
14542 10027
14555 5901
14555 15822
14555 17028
14582 13116
14649 17627
14649 17628
14649 23845
14651 8734
14651 21102
14652 21104
14664 9642
14664 10349
14664 24988
14670 13950
14670 23127
14671 2469
14671 12207
14672 2205
14672 12207
14672 13950
14672 19925
14673 2205
14673 10629
14673 12207
14673 13950
14673 15552
14674 12207
14674 13950
14691 24235
14698 20057
14700 2635
14701 18229
14701 20053
14702 18229
14702 20053
14811 8839
14863 9642
14878 10124
14886 2943
14886 24712
14891 2943
14891 6715
14891 21823
14909 9642
14941 9642
14941 13215
14941 24988
14985 13215
15005 22954
15023 731
15023 5189
15028 12207
15029 2205
15029 12207
15030 12207
15032 2205
15032 12207
15040 12207
15042 2205
15042 12207
15043 2205
15044 2205
15052 21104
15053 8075
15217 4739
15217 6756
15235 9642
15235 13215
15269 24878
15276 425
15288 20259
15326 14455
15327 14455
15327 15891
15328 7571
15328 14455
15329 7571
15329 14455
15330 7571
15330 14455
15333 2276
15333 4423
15333 18043
15410 15414
15410 16747
15410 18650
15410 22706
15411 22706
15414 15412
15444 7571
15444 15891
15458 12876
15463 12457
15502 20110
15504 9314
15505 9314
15505 20110
15518 13786
15550 7659
15550 15552
15550 23127
15551 12207
15551 13950
15551 23127
15552 2000
15552 2205
15552 2469
15552 3316
15552 3317
15552 3841
15552 4016
15552 4017
15552 5070
15552 5073
15552 5076
15552 6408
15552 9754
15552 10443
15552 10629
15552 10644
15552 11698
15552 11699
15552 12207
15552 12230
15552 12259
15552 12260
15552 12683
15552 13539
15552 13913
15552 15032
15552 15046
15552 16902
15552 16906
15552 17740
15552 18444
15552 18659
15552 18996
15552 19925
15552 21037
15552 21352
15552 21538
15552 22348
15552 22654
15552 23726
15552 24230
15553 12207
15553 19925
15553 23127
15556 7659
15556 23127
15620 9642
15620 13215
15620 24988
15641 12207
15642 12207
15643 2205
15643 12207
15644 2205
15646 7659
15689 13718
15692 13718
15723 2653
15723 5158
15723 11229
15723 12744
15723 14298
15742 562
15742 15919
15764 1070
15764 6756
15764 23038
15796 15795
15822 18607
15830 24381
15854 11824
15855 11276
15857 22954
15859 13999
15859 20573
15859 20794
15859 21925
15859 21926
15860 17028
15861 1353
15861 20637
15861 20638
15862 4689
15862 5010
15862 9538
15862 13196
15862 13999
15862 16492
15862 20573
15862 20637
15862 20794
15862 21925
15882 20361
15883 12207
15885 2205
15886 2205
15886 12207
15891 4229
15891 4230
15891 4232
15891 7571
15891 8791
15891 11379
15891 11380
15891 11381
15891 11382
15891 13485
15891 15892
15891 18164
15891 23147
15891 23503
15895 4229
15895 7571
15895 11381
15896 7571
15896 11381
15897 9775
15898 4229
15898 4231
15898 7571
15905 9642
15906 10349
15977 22954
16013 7659
16013 12207
16013 13950
16013 19925
16085 10349
16085 13215
16085 24988
16087 9642
16087 10349
16087 13215
16087 24988
16100 1940
16123 8344
16152 15527
16152 15528
16152 15530
16152 18583
16152 20986
16155 515
16155 756
16155 1043
16155 2301
16155 3283
16155 3523
16155 3856
16155 6003
16155 6325
16155 8839
16155 9145
16155 9186
16155 9793
16155 11621
16155 12535
16155 13034
16155 13726
16155 15052
16155 15269
16155 15863
16155 16002
16155 16689
16155 16775
16155 17982
16155 17990
16155 18147
16155 19059
16155 19597
16155 19763
16155 19766
16155 21050
16155 22298
16155 23967
16175 10349
16175 13215
16176 9642
16176 10349
16176 24988
16186 12207
16186 13950
16186 23127
16188 10629
16188 12207
16188 13950
16188 19925
16237 2205
16237 12207
16281 21474
16281 22954
16283 16281
16284 16281
16415 10349
16415 13215
16416 10349
16416 24988
16417 9642
16417 10349
16417 24988
16418 13215
16418 24988
16419 9642
16419 24988
16425 22954
16484 23878
16490 4689
16493 17028
16494 3809
16553 1778
16569 24235
16570 3118
16571 24235
16576 2849
16576 11276
16578 8735
16578 9793
16578 11276
16578 21105
16578 23955
16586 24988
16587 13215
16587 24988
16675 21104
16679 22954
16722 14555
16747 15412
16747 18650
16747 22706
16772 13215
16772 24988
16775 18693
16775 18694
16775 18696
16776 2425
16776 12410
16776 18696
16776 24617
16776 24618
16776 24620
16795 16794
16796 8801
16796 13786
16797 13786
16800 1165
16800 1798
16800 6496
16800 12374
16800 16987
16800 16988
16800 24377
16802 858
16802 15860
16802 20637
16902 2205
16902 12207
16907 12207
16908 12207
16912 3849
16941 13215
16960 7571
16965 23099
16987 24379
16990 12376
17026 17028
17028 1275
17028 10638
17028 14555
17028 16493
17028 16689
17028 17026
17028 18351
17028 21769
17028 22740
17034 18043
17035 4611
17035 18043
17036 18043
17037 18043
17038 18043
17039 4611
17039 18043
17040 4611
17046 6003
17046 6004
17054 10349
17054 24682
17059 10349
17059 13215
17059 24988
17065 10349
17101 10629
17101 12207
17101 19925
17102 12207
17103 7659
17103 19925
17104 19925
17106 2205
17106 7659
17106 12207
17106 19925
17108 2205
17108 7659
17108 12207
17108 19925
17162 17167
17165 17163
17222 7992
17250 2848
17250 14334
17323 15408
17327 15412
17327 16747
17349 5876
17349 21469
17349 24807
17409 23869
17414 2153
17414 7571
17414 14455
17478 10349
17478 10352
17478 19442
17478 19927
17493 22919
17530 13741
17530 21105
17556 17558
17557 17559
17557 17560
17558 9396
17558 17560
17559 17558
17559 17560
17575 9642
17575 21441
17578 2748
17580 2748
17580 12091
17589 7017
17589 13815
17589 14832
17589 14833
17589 17539
17589 17540
17589 17543
17598 9642
17598 13215
17598 24988
17600 24988
17603 1005
17603 9846
17623 18529
17675 10349
17675 13215
17676 10349
17676 13215
17700 7571
17735 2205
17740 12207
17847 20259
17856 9642
17856 10638
17856 24860
17857 13786
17870 7992
17870 12975
17870 19533
17918 7992
17954 24988
17985 12596
17985 15862
17990 6542
18017 3122
18043 1750
18043 1752
18043 1753
18043 4610
18043 4612
18043 4614
18043 4616
18043 4617
18043 4618
18043 8442
18043 18046
18043 18047
18043 18048
18043 18049
18043 18050
18043 18051
18043 18052
18075 2205
18075 12207
18078 7659
18080 2205
18106 22954
18143 8190
18143 20902
18150 13215
18164 7571
18165 13589
18227 8977
18227 8982
18227 11739
18228 8983
18229 8981
18229 8982
18229 11740
18252 21104
18284 1382
18284 5805
18284 7566
18284 7569
18284 7571
18284 10347
18284 10348
18284 10349
18284 10352
18284 13485
18284 13486
18284 19442
18284 19927
18284 24988
18285 7571
18286 7571
18325 2205
18325 12207
18325 13950
18325 19925
18328 9642
18328 13215
18351 17028
18410 22785
18438 2205
18440 2205
18440 12207
18441 12207
18444 2205
18444 12207
18519 13589
18521 15860
18528 18529
18529 1108
18529 1111
18529 1117
18529 8514
18529 9396
18550 7568
18550 7571
18550 13483
18655 2205
18655 12207
18656 2205
18659 2205
18694 3778
18707 4638
18765 7571
18766 7571
18767 7571
18767 14455
18805 2469
18805 7659
18805 12207
18805 13950
18805 15552
18805 23127
18806 12207
18806 13950
18806 19925
18806 23127
18815 9642
18821 18824
18822 15862
18824 1762
18824 2850
18824 11224
18824 11227
18857 18858
18858 4828
18899 22155
18920 22954
18975 2205
18975 7659
18975 19925
18976 2205
18976 12207
18976 19925
18979 7659
18979 12207
18979 19925
18981 12207
18996 2205
19001 21551
19008 18428
19009 18428
19058 23565
19059 21104
19139 1778
19213 1151
19213 7039
19227 19386
19228 22954
19244 13786
19304 17028
19308 7659
19310 2205
19310 13950
19310 23127
19311 12207
19311 13950
19311 23127
19312 12207
19312 13950
19313 2205
19313 13950
19313 19925
19313 23127
19317 21104
19318 21924
19334 6542
19337 3808
19337 8495
19337 8734
19337 22720
19340 13786
19360 1313
19360 6756
19386 9642
19386 10349
19386 13215
19386 24988
19438 7659
19438 12207
19438 13950
19439 2469
19439 12207
19439 13950
19440 22954
19440 23697
19441 23697
19505 11824
19506 207
19506 998
19506 999
19506 1911
19506 8029
19506 12121
19506 13149
19506 14010
19506 15854
19506 22014
19506 22015
19519 2205
19519 12207
19533 2797
19563 9642
19675 12207
19677 12207
19678 12207
19679 12207
19680 12207
19743 942
19743 21102
19824 9813
19824 16747
19847 22296
19849 4611
19849 18043
19850 18043
19851 4611
19851 18043
19852 4611
19852 18043
19853 4611
19853 18043
19856 22296
19863 21280
19870 14555
19870 21257
19873 1625
19873 1972
19873 1974
19873 13402
19873 17028
19873 23967
19876 2001
19876 2218
19876 12876
19876 12881
19876 12884
19876 14497
19876 16153
19877 9642
19877 10349
19916 1382
19916 1398
19916 5505
19916 7565
19916 7566
19916 7571
19916 9631
19916 9643
19916 19440
19916 19442
19916 19927
19916 24988
19925 1141
19925 1142
19925 1144
19925 2002
19925 2003
19925 2204
19925 2378
19925 2384
19925 3292
19925 3297
19925 3376
19925 3377
19925 3540
19925 3841
19925 3842
19925 3846
19925 4016
19925 4017
19925 4259
19925 5225
19925 5227
19925 5229
19925 5232
19925 6459
19925 6638
19925 6639
19925 7666
19925 8511
19925 8852
19925 9752
19925 10443
19925 10644
19925 10740
19925 11312
19925 12230
19925 12261
19925 12262
19925 13164
19925 13535
19925 13537
19925 13913
19925 13916
19925 14076
19925 14458
19925 14461
19925 14462
19925 14463
19925 14466
19925 14467
19925 14495
19925 15028
19925 15029
19925 15030
19925 15031
19925 15040
19925 15042
19925 15043
19925 15044
19925 15643
19925 15644
19925 15885
19925 15886
19925 16902
19925 16907
19925 16908
19925 17735
19925 18075
19925 18080
19925 18438
19925 18441
19925 18444
19925 18655
19925 18656
19925 18989
19925 19519
19925 19675
19925 21347
19925 21349
19925 21535
19925 21538
19925 21539
19925 21864
19925 21865
19925 21866
19925 21875
19925 22695
19925 24212
19925 24225
19925 24228
19925 24231
19925 24232
19925 24565
19925 24567
19926 4231
19927 956
19927 4229
19927 4231
19927 13786
19927 19305
19932 2779
19932 7571
19932 8358
19932 24682
19957 4611
19957 18043
19979 4739
19981 14649
20024 12207
20041 10523
20041 18824
20042 18824
20043 17028
20043 18824
20048 2635
20048 20053
20053 2635
20053 8977
20053 8981
20053 8982
20053 11739
20053 11740
20053 17990
20053 18228
20053 18229
20053 20057
20057 8976
20057 8977
20057 8982
20057 15333
20057 18228
20057 18229
20057 21280
20060 18043
20061 22296
20062 4611
20062 18043
20063 18043
20064 4611
20064 18043
20065 4611
20065 18043
20110 1509
20110 2486
20110 2487
20124 24462
20138 21104
20169 9793
20171 12410
20171 18693
20171 18694
20171 18695
20171 18696
20171 24617
20171 24618
20171 24619
20332 9642
20332 13215
20333 9642
20333 13215
20357 9642
20357 13215
20360 15925
20372 15862
20401 3808
20401 8734
20401 21102
20401 21104
20401 21105
20402 7992
20403 21102
20403 21105
20404 14649
20422 9793
20422 21104
20428 10141
20510 4762
20510 16740
20539 12207
20542 24988
20566 1151
20573 2943
20573 7292
20573 16152
20581 13934
20592 10349
20592 13215
20593 10349
20594 9642
20594 10349
20594 24988
20595 9642
20595 10349
20595 13215
20734 9642
20734 13215
20734 24988
20735 9642
20735 24988
20737 9642
20737 10349
20737 13215
20738 10349
20738 13215
20738 24988
20757 13215
20795 13205
20796 21104
20797 9793
20797 21104
20797 22954
20837 5683
20892 2205
20892 7659
20892 12207
20901 22954
20902 18143
20954 13215
20954 24988
20964 425
20970 4635
20972 13108
21003 1001
21003 12975
21004 1005
21004 12975
21004 21104
21005 956
21005 21104
21006 1005
21007 1001
21007 1005
21008 14649
21008 21104
21030 7659
21030 12207
21031 2205
21031 12207
21031 19925
21032 12207
21032 19925
21033 12207
21037 2205
21037 12207
21037 19925
21038 2205
21045 986
21045 6215
21060 21104
21068 7992
21102 1042
21102 3503
21102 3671
21102 3778
21102 5455
21102 6595
21102 7821
21102 7822
21102 8839
21102 9358
21102 9622
21102 10011
21102 14651
21102 19334
21102 19743
21102 22214
21102 22919
21102 23041
21104 184
21104 561
21104 1111
21104 1907
21104 1981
21104 3381
21104 3384
21104 3778
21104 3804
21104 6003
21104 7821
21104 7822
21104 7994
21104 8616
21104 8783
21104 9244
21104 9307
21104 11290
21104 11414
21104 12175
21104 12545
21104 13033
21104 15052
21104 17530
21104 17990
21104 19317
21104 19334
21104 19742
21104 19743
21104 20276
21104 20401
21104 21060
21104 22214
21104 22919
21104 24859
21105 3778
21105 5455
21105 6494
21105 8784
21105 10401
21105 11229
21105 11231
21105 22841
21109 13038
21122 15411
21122 16747
21231 13950
21231 23127
21232 2205
21232 7659
21232 13950
21234 2205
21234 7659
21234 13950
21234 19925
21234 23127
21236 13950
21236 23127
21237 7659
21237 13950
21237 19925
21239 23127
21259 21104
21260 13786
21267 24211
21277 9642
21277 13215
21280 22954
21296 7992
21318 18876
21347 12207
21349 2205
21349 12207
21350 12207
21352 12207
21369 13589
21431 9846
21433 7992
21433 9846
21434 7990
21434 7992
21434 9846
21450 3063
21532 23552
21535 2205
21536 12207
21537 12207
21538 2205
21538 12207
21539 12207
21540 12207
21551 2276
21551 19001
21552 2205
21552 2469
21552 12207
21572 10349
21572 13215
21572 24988
21573 13215
21575 9642
21575 10349
21575 13215
21590 22954
21590 23967
21590 24584
21590 24781
21640 22954
21699 12207
21703 8165
21703 16602
21705 9314
21706 20110
21714 23565
21767 12410
21767 18693
21767 18694
21767 24617
21767 24618
21767 24619
21767 24620
21768 2425
21768 18694
21768 18696
21768 24620
21776 13786
21786 12033
21818 3920
21818 6715
21820 3920
21823 6710
21824 6715
21825 9642
21851 2205
21851 13950
21851 19925
21851 23127
21865 12207
21866 12207
21867 15822
21875 12207
21895 3384
21895 9846
21895 18693
21895 24618
21895 24619
21898 9846
21916 6756
21926 12883
21952 9620
21952 15723
21969 4974
21984 8495
22010 18043
22017 10349
22017 13215
22017 24988
22055 7659
22055 12207
22057 22954
22182 4267
22188 7990
22188 7992
22189 7992
22210 11662
22210 16494
22212 16494
22214 9793
22214 11662
22214 21102
22214 21104
22215 16494
22244 7992
22246 7990
22246 7992
22268 2276
22296 1754
22296 3687
22296 4613
22296 8442
22296 9544
22296 9545
22296 10634
22296 11770
22296 18043
22296 18048
22297 18043
22297 22296
22298 18227
22298 18229
22298 20053
22348 2205
22348 12207
22375 24988
22376 9642
22376 10349
22376 13215
22376 24988
22389 22390
22436 22954
22441 4739
22444 13215
22459 16800
22459 24382
22513 727
22528 7606
22528 11215
22528 16790
22528 16791
22528 20667
22529 2284
22529 2575
22529 7606
22529 7607
22529 16790
22529 20667
22529 22867
22529 24883
22654 12207
22655 7659
22655 12207
22655 19925
22657 2205
22657 12207
22657 19925
22658 12207
22660 2205
22660 7659
22660 19925
22662 22296
22664 18043
22674 9642
22674 24988
22678 7930
22697 12207
22720 5455
22720 18426
22740 17028
22767 10711
22767 15250
22767 19239
22778 10519
22785 9061
22785 14455
22785 18410
22786 9061
22824 22954
22839 13741
22839 21102
22841 19873
22841 20057
22841 21102
22841 21104
22846 10349
22867 12883
22891 15411
22912 14455
22914 14455
22919 8495
22919 21102
22954 1032
22954 4164
22954 5285
22954 6011
22954 10575
22954 11470
22954 15450
22954 15977
22954 19597
22954 20797
22954 21280
22954 22057
22954 24584
22979 2635
22979 18227
23035 9642
23035 10349
23035 24988
23038 12881
23038 12884
23038 13811
23038 14497
23038 20283
23038 24178
23041 22954
23098 13786
23099 5272
23099 11231
23099 13326
23099 21551
23099 23094
23099 23097
23100 12089
23100 13670
23100 18002
23100 21455
23127 475
23127 1094
23127 1141
23127 1142
23127 1143
23127 1355
23127 1371
23127 1372
23127 1996
23127 2000
23127 2002
23127 2003
23127 2204
23127 2381
23127 3270
23127 3275
23127 3291
23127 3295
23127 3297
23127 3316
23127 3317
23127 3377
23127 3747
23127 3762
23127 3841
23127 4017
23127 4493
23127 5068
23127 5070
23127 5071
23127 5072
23127 5073
23127 5226
23127 6283
23127 6284
23127 6459
23127 6460
23127 6632
23127 6637
23127 6641
23127 7666
23127 7763
23127 7853
23127 7854
23127 7856
23127 7956
23127 8242
23127 8511
23127 8852
23127 9171
23127 9751
23127 9754
23127 10314
23127 10443
23127 10630
23127 10644
23127 11312
23127 11314
23127 11316
23127 11698
23127 11699
23127 11700
23127 11701
23127 11702
23127 11703
23127 11705
23127 11706
23127 12060
23127 12062
23127 12202
23127 12260
23127 12261
23127 13164
23127 13505
23127 13506
23127 13535
23127 13537
23127 13539
23127 14007
23127 14040
23127 14076
23127 14313
23127 14314
23127 14315
23127 14316
23127 14458
23127 14462
23127 14464
23127 15028
23127 15029
23127 15032
23127 15042
23127 15641
23127 15642
23127 15646
23127 15885
23127 15886
23127 16906
23127 16907
23127 17101
23127 17102
23127 17104
23127 17106
23127 17107
23127 17735
23127 18075
23127 18078
23127 18080
23127 18441
23127 18442
23127 18444
23127 18655
23127 18656
23127 18975
23127 18976
23127 18978
23127 18981
23127 19676
23127 19680
23127 20024
23127 21038
23127 21345
23127 21351
23127 21352
23127 21536
23127 21537
23127 21539
23127 21540
23127 21699
23127 21864
23127 21866
23127 21875
23127 22055
23127 22347
23127 22348
23127 22655
23127 22697
23127 23319
23127 23542
23127 23543
23127 23544
23127 23726
23127 23760
23127 24212
23127 24225
23127 24227
23127 24228
23127 24229
23127 24230
23127 24232
23127 24563
23127 24917
23177 22720
23222 13215
23226 23227
23227 17580
23261 9642
23261 13215
23261 24988
23284 9642
23284 13215
23285 9642
23319 2205
23319 12207
23320 12207
23321 12207
23322 12207
23361 13215
23364 9642
23364 13215
23431 1119
23431 1390
23431 2990
23431 3422
23431 3595
23431 3638
23431 6673
23431 7566
23431 7568
23431 8171
23431 8173
23431 8174
23431 8175
23431 8176
23431 9642
23431 9643
23431 10348
23431 10349
23431 13486
23431 14886
23431 15333
23431 17008
23431 17756
23431 21925
23431 21926
23431 23957
23431 23961
23432 7571
23439 22954
23450 14046
23541 7659
23541 12207
23542 12207
23543 12207
23545 3118
23551 10349
23551 13215
23554 17028
23556 13786
23560 10031
23569 10771
23637 9793
23637 18693
23637 18694
23637 18695
23637 18696
23637 24618
23637 24619
23637 24620
23638 2425
23638 12410
23638 18693
23638 18694
23638 18695
23638 18696
23638 24617
23638 24619
23697 23696
23759 2205
23759 19925
23760 2205
23760 7659
23760 12207
23788 8734
23789 1907
23789 14037
23789 15333
23789 19337
23790 8734
23845 10704
23867 7529
23869 5380
23869 5683
23869 5684
23870 5683
23901 21248
23935 9642
23955 23949
23956 23949
23986 13936
24045 3523
24045 6219
24045 8839
24045 22841
24051 425
24101 9642
24115 9642
24115 10349
24115 13215
24115 24988
24117 9642
24117 10349
24118 9642
24118 10349
24119 13215
24119 24988
24120 10349
24151 2001
24165 15862
24179 2284
24179 2575
24179 7606
24179 7607
24179 16790
24212 2205
24225 2205
24225 12207
24226 12207
24227 12207
24228 12207
24229 2205
24230 12207
24231 2205
24232 2205
24236 24235
24244 24245
24245 1108
24245 1116
24245 9396
24246 8514
24246 9396
24271 3903
24271 23177
24289 13116
24290 13116
24292 1398
24292 5805
24322 24379
24322 24382
24323 24382
24324 23869
24376 2285
24376 2570
24376 5732
24376 7930
24376 9332
24378 1438
24378 5732
24378 7929
24378 9332
24378 17727
24378 17728
24378 24211
24378 24213
24379 1165
24379 2285
24379 6496
24379 7929
24379 7930
24379 9332
24379 16562
24379 16563
24379 17728
24379 24211
24379 24377
24381 2285
24381 5732
24381 7929
24381 7930
24381 9332
24381 17728
24382 1165
24382 2285
24382 5732
24382 6496
24382 7394
24382 7929
24382 7930
24382 9332
24382 16561
24382 16563
24382 17727
24382 17728
24382 24213
24382 24377
24385 15764
24426 7440
24430 24429
24439 23504
24483 10349
24483 24988
24563 12207
24565 12207
24568 7659
24584 22954
24617 3778
24618 3778
24619 3778
24682 1382
24682 5505
24682 5805
24682 6937
24682 7565
24682 9632
24682 9643
24682 10351
24682 10352
24682 13483
24682 13484
24682 14891
24682 15896
24682 15898
24682 16320
24682 19440
24682 19442
24682 19927
24699 11121
24771 21703
24783 13215
24783 24988
24784 9642
24784 10349
24784 13215
24785 10349
24785 13215
24785 24988
24799 2205
24799 7659
24799 12207
24799 13950
24799 19925
24799 23127
24851 12054
24859 2838
24859 9793
24859 21104
24860 939
24860 1026
24860 16152
24860 19506
24862 939
24862 1026
24862 18695
24866 18043
24878 4986
24883 24179
24901 17028
24912 24379
24912 24382
24915 2205
24915 12207
24915 13950
24915 19925
24915 23127
24917 7659
24918 2205
24918 2469
24918 7659
24918 12207
24918 13950
24918 19925
24920 2469
24920 12207
24920 23127
24921 7659
24921 10629
24921 13950
24921 23127
24923 24924
24924 8839
24924 23139
24927 4231
24937 4682
24978 8735
24978 11505
24978 17028
24983 14318
24983 14574
24987 4231
24987 7571
24987 14455
24987 15822
24987 21823
24987 21825
24987 23697
24988 4229
24988 7571
24988 14455
24988 21823
24988 21825
24988 23697
24988 24712
24989 19873
