22
193
14
23
25
68
55
91
8
94
155
145
46
83
56
107
161
44
172
24
10
32
60
7
4
0
137
75
34
20
163
67
13
74
37
104
29
65
9
19
6
48
128
17
49
224
106
300
70
18
245
38
92
251
35
98
16
2
140
86
58
64
21
78
12
202
108
69
47
39
114
53
135
125
30
41
5
166
33
15
42
36
27
139
51
215
77
156
151
138
52
131
66
3
43
220
71
121
129
146
265
253
116
142
11
221
45
232
63
93
76
26
79
84
90
54
258
127
195
213
102
162
244
291
179
82
299
134
298
225
160
212
272
260
241
259
112
188
148
275
50
180
120
147
201
229
115
149
28
133
177
256
296
211
205
186
62
263
217
198
216
233
159
157
297
154
73
227
286
136
199
280
185
242
117
257
261
209
290
105
210
238
192
184
183
174
95
283
99
190
132
250
40
237
81
80
235
59
219
158
287
277
152
72
273
100
274
110
196
239
234
119
294
281
271
269
247
248
292
31
191
222
252
236
223
246
240
228
206
254
226
1
123
113
204
218
103
285
203
230
289
61
279
175
171
170
284
130
144
278
214
141
293
270
282
231
268
153
173
249
243
182
96
109
208
97
197
89
181
207
178
164
288
187
87
276
85
126
57
101
266
189
167

