70
35
0
1
10
15
26
7
14
6
12
205
160
63
8
88
28
9
11
44
25
40
4
69
24
45
60
108
97
50
31
30
16
2
157
79
65
32
236
169
190
217
81
89
215
73
36
75
86
96
47
90
145
19
105
560
193
164
13
38
109
17
84
5
53
18
131
139
20
136
201
132
177
151
93
113
143
41
61
39
87
78
52
142
228
76
21
22
195
235
112
106
130
178
137
33
37
122
199
110
250
232
85
220
129
27
64
128
172
46
57
183
23
154
66
116
233
54
500
148
59
77
102
144
162
254
176
298
80
208
68
401
400
179
545
546
510
435
436
465
590
450
296
331
521
248
467
71
72
321
323
194
452
592
204
216
29
512
138
290
141
469
551
553
580
582
425
427
525
527
256
415
416
433
431
420
422
411
413
407
405
395
397
390
392
570
572
480
383
381
555
556
378
376
373
371
367
365
363
361
355
356
353
351
348
346
343
341
338
336
333
328
326
173
318
316
313
311
576
578
308
306
303
301
595
561
516
518
62
495
497
484
485
234
507
505
470
471
492
490
523
596
565
567
533
531
385
386
585
587
161
535
536
127
147
461
463
501
487
227
475
476
456
458
540
541
150
192
440
442
446
448
34
273
285
118
292
547
189
115
225
434
211
212
426
51
421
509
101
409
410
396
394
99
379
374
369
364
43
354
349
340
339
334
329
324
319
314
305
304
288
579
571
289
558
279
529
247
269
499
524
259
503
489
481
107
230
459
538
451
519
534
209
418
384
264
598
586
358
563
174
569
155
121
494
231
594
464
271
241
511
483
242
444
584
402
478
56
165
554
472
275
438
388
210
543
449
432
214
213
428
593
104
103
430
408
202
277
49
261
100
198
262
98
196
200
124
95
187
377
375
372
370
368
366
362
360
180
119
182
352
350
347
345
171
342
337
335
166
82
163
327
325
322
159
317
315
312
310
307
302
300
149
295
297
146
238
522
291
564
283
281
284
498
278
274
272
133
268
573
134
240
270
260
244
257
252
493
253
559
249
255
246
488
120
468
237
251
457
453
123
221
443
429
424
548
419
412
414
203
206
406
399
398
191
583
393
389
91
188
186
92
380
568
359
599
42
539
344
506
549
168
167
117
332
597
330
83
135
158

309
577
508
588
243
293
294
532
282
517
496
530
528
526
520
504
391
239
552
223
474
460
462
114
466
423
94
455
537
207
48
491
185
263
357
574
562
258
581
320
181
229
557
156
589
74
482
287
286
265
544
67
513
502
479
477
58
111
403
404
441
550
184
175
514
170
515
566
153
486
454
276
575
245
542
591
226
219
387
473
197
280
126
445
299
55
140
224
218
439
447
222

