75
149
47
168
68
155
12
8
1
61
60
70
132
6
9
49
40
33
34
18
13
77
10
30
14
3
81
85
32
45
115
95
152
182
139
130
300
134
50
51
52
4
31
84
37
24
189
29
0
42
28
25
16
43
7
36
78
66
74
238
92
126
230
35
56
140
195
19
112
5
281
27
22
293
91
197
104
267
26
165
102
2
15
23
17
124
118
178
11
125
191
100
243
97
106
144
99
82
55
180
48
131
94
187
127
224
114
57
142
148
261
108
135
161
175
188
199
198
90
231
62
160
255
194
264
80
122
54
253
237
46
145
58
163
276
213
179
233
284
107
116
220
110
207
282
117
173
259
137
184
162
172
170
211
166
225
39
290
156
154
73
289
263
109
67
226
192
258
241
244
210
287
204
286
200
201
193
53
87
256
285
279
83
269
129
283
227
186
146
246
273
234
298
174
86
171
236
41
164
63
159
257
157
76
151
205
250
72
105
294
296
288
280
229
254
277
222
216
292
138
202
270
59
249
248
228
274
96
295
143
265
223
217
215
272
214
120
136
247
252
251
21
212
89
208
123
167
275
38
158
203
299
71
268
69
262
266
169
209
239
119
113
218
101
245
297
190
185
20
64
291
147
79
98
141
65
128
44
242
206
121
103
133
181
93
88
235
153
111
271
183
219

