0
2
8
6
30
28
7
10
9
12
26
1
22
18
40
4
36
43
19
17
31
56
41
27
16
11
13
37
29
216
102
186
174
220
210
188
190
191
218
221
49
44
95
94
93
91
89
88
87
85
162
83
82
81
79
155
154
153
151
146
148
149
144
71
70
69
67
65
64
63
61
14
109
108
110
111
222
204
104
105
103
206
207
205
117
114
115
116
168
169
171
170
156
132
143
139
141
142
133
135
134
234
124
123
121
125
225
224
223
196
195
193
197
184
183
185
181
72
236
235
237
127
231
229
230
228
212
214
215
157
158
159
203
201
202
199
96
101
100
98
130
131
129
32
48
46
178
175
21
20
163
166
179
177
167
165
75
76
73
50
77
192
23
92
45
90
86
84
39
80
238
113
78
150
147
145
68
33
55
66
3
226
62
60
120
59
57
53
25
112
52
208
200
51
182
176
172
164
233
38
152
35
213
34
138
54
122
119
118
15
219
107
24
106
5
187
180
173
42
209
161
140
136
128
227
211
99
217
189
232
137
239
198
194
74
126
58
160

