147
225
72
100
75
516
125
80
19
253
123
341
98
103
132
15
85
135
64
17
249
20
250
237
606
27
18
63
223
242
107
21
576
25
213
2
16
28
22
258
26
23
24
99
77
87
110
81
212
231
184
122
89
113
69
84
183
102
112
117
30
137
224
121
149
150
94
97
214
192
191
187
581
583
593
591
3
144
600
141
142
133
601
114
138
238
109
216
108
96
92
90
88
79
165
166
76
148
134
131
254
119
101
233
86
83
234
104
188
78
29
521
542
541
120
511
586
127
588
115
317
197
329
537
539
546
548
551
553
162
336
390
199
421
436
578
179
202
236
207
190
171
608
161
596
146
145
566
567
562
558
556
530
36
523
513
251
571
6
105
443
1
71
572
561
129
603
498
431
391
533
531
67
130
455
529
527
388
517
61
111
93
68
95
65
194
582
506
505
502
610
497
496
495
494
493
492
491
490
489
488
487
484
483
482
481
480
479
599
472
471
466
465
462
461
460
459
458
457
456
552
454
453
446
445
444
442
441
440
439
438
437
12
435
432
424
423
422
420
419
418
417
414
413
412
411
410
409
408
407
404
403
402
401
398
397
394
393
392
387
281
380
379
287
374
373
372
371
282
366
365
364
363
362
361
358
357
356
355
354
353
352
351
349
348
347
346
345
304
342
340
339
338
337
335
330
9
328
327
322
321
320
319
318
316
315
314
313
312
311
310
309
308
307
306
305
66
597
590
536
560
273
550
543
34
525
515
126
91
279
57
118
280
11
430
580
303
274
10
350
40
288
569
605
276
60
52
573
563
257
595
532
519
359
74
508
507
252
503
501
500
301
486
485
478
474
476
549
473
470
469
468
467
464
8
452
451
55
449
448
228
293
434
433
53
286
429
428
427
426
283
416
415
297
405
50
399
396
589
389
198
386
385
384
381
376
46
370
369
368
360
594
344
33
334
333
332
331
325
324
323
158
609
607
296
292
272
587
35
140
275
545
585
278
32
520
294
547
62
504
14
499
579
247
245
246
241
235
271
232
463
229
56
13
270
289
54
219
217
425
598
264
208
205
285
559
5
284
400
49
295
300
544
48
196
383
47
277
375
185
555
43
367
181
299
44
177
178
176
173
42
343
170
169
180
163
160
159
39
268

152
153
37
73
151
584
143
570
139
526
557
534
538
265
290
255
269
243
239
477
58
575
263
230
0
450
222
220
215
211
51
206
203
200
201
395
195
554
189
382
186
45
182
175
70
172
41
174
4
7
82
267
156
154
568
565
604
262
266
574
136
540
302
59
244
240
106
116
31
298
210
204
209
168
447
291
378
167
260
155
164
535
602
577
564
227
248
226
475
221
193
256
377
326
157
38
524
261
528
510
406

