4
10
0
1
9
15
8
6
101
153
129
12
104
7
13
85
57
170
14
19
52
50
168
102
235
155
156
17
56
205
169
2
172
105
154
276
53
106
111
131
88
68
130
143
112
220
171
239
11
58
96
22
243
59
158
51
145
21
245
246
62
18
33
142
54
133
290
211
266
230
110
86
55
76
279
209
141
3
64
298
161
36
159
140
148
258
192
30
66
277
283
291
117
107
262
286
194
449
113
195
184
326
267
318
315
280
257
27
281
175
177
389
395
427
176
70
343
359
412
452
460
310
335
351
367
375
420
435
443
468
16
238
404
137
60
301
319
200
201
316
71
312
314
28
221
473
132
278
323
189
300
322
121
327
139
250
302
381
476
268
23
128
84
227
292
307
309
313
317
321
26
259
264
337
345
353
361
369
377
397
406
414
422
429
437
445
454
462
467
43
61
384
478
114
163
328
42
67
78
80
91
97
126
135
218
285
338
346
354
362
370
378
390
398
403
407
415
430
438
446
455
463
470
5
20
25
29
31
35
39
44
46
48
49
63
65
69
73
79
83
87
89
90
99
100
116
118
122
125
134
138
149
150
151
157
160
165
174
181
182
183
147
185
186
187
41
188
191
193
196
197
198
202
213
24
74
216
219
222
225
108
199
226
229
232
234
237
240
241
248
254
255
260
72
261
265
270
166
167
271
273
282
287
289
295
296
297
304
311
320
334
341
349
357
365
373
382
383
385
386
388
401
410
418
425
433
441
450
458
469
474
475
477
479
32
37
34
244
38
251
40
75
45
308
47
249
77
208
81
115
82
98
92
247
93
275
94
207
95
253
103
124
109
223
119
214
120
274
123
152
127
299
136
252
144
303
146
162
164
178
173
288
179
269
180
236
190
242
203
233
204
263
206
293
210
256
212
305
215
231
217
284
224
325
228
272
294
306
324
466
329
330
331
333
332
336
339
340
342
344
347
348
350
352
355
356
358
360
363
364
366
368
371
372
374
376
379
380
387
392
391
393
394
396
399
400
402
405
408
409
411
413
416
417
419
421
423
424
426
428
431
432
434
436
439
440
442
444
447
448
451
453
456
457
459
461
464
465
471
472
