60
0
2
9
7
74
6
10
76
8
75
115
4
61
254
142
126
11
16
3
128
20
1
18
80
5
17
185
26
164
79
252
19
166
203
152
82
13
216
195
118
129
81
158
204
127
247
165
78
30
92
83
228
143
160
89
236
27
159
299
119
250
251
289
12
168
276
155
88
199
35
23
287
241
15
24
178
21
32
167
174
235
275
290
25
291
196
22
98
42
266
193
101
104
157
95
31
270
269
123
295
179
90
286
29
36
28
151
192
77
39
110
47
121
277
64
265
285
296
65
116
140
186
211
14
40
93
122
156
284
52
107
148
212
172
38
43
54
57
70
189
219
34
37
41
49
53
56
58
62
63
66
68
69
71
72
85
87
94
96
102
105
106
108
97
109
112
120
124
130
50
131
133
135
139
141
145
154
162
163
173
175
177
181
182
134
183
184
187
73
188
190
197
198
201
205
117
136
208
210
84
202
214
215
217
44
221
222
223
226
227
229
230
232
233
237
238
239
240
243
169
246
248
249
257
209
258
260
261
262
263
268
55
100
271
274
282
288
293
245
256
294
300
33
213
45
224
46
200
48
51
59
67
86
113
91
138
99
149
103
150
111
272
114
278
125
281
132
297
137
144
146
259
147
292
153
207
161
279
170
231
171
242
176
191
180
225
194
206
218
267
220
273
234
298
244
280
253
255
264
283
