117
288
301
2696
2524
2694
76
5
803
824
1650
203
36
126
304
74
30
848
254
2101
1693
1334
823
61
2866
2344
162
837
71
411
585
443
124
667
165
1636
2225
2682
5133
531
2346
863
417
78
158
59
1907
98
264
1122
843
787
1278
187
1352
514
900
5663
2203
277
1299
4893
2095
57
18
1596
69
1112
470
3774
3135
4749
3143
2889
4620
2449
2993
3404
3170
5687
452
45
503
390
3190
920
3753
3380
3976
5057
438
2473
881
554
1235
3087
252
548
979
1028
4975
3733
815
847
2438
1843
3734
641
2757
4879
3072
4248
5470
4324
234
3928
2450
906
5056
1390
2474
8442
2967
899
1580
97
369
511
16
571
3192
1189
410
361
308
118
609
2342
281
2764
4976
2501
429
1732
249
821
1350
1251
562
710
5859
2466
2936
1024
1727
902
1309
2470
319
1695
4141
1130
3760
3767
1455
374
82
916
4
923
2475
3405
834
106
1314
3566
1962
2837
1013
4980
58
198
4363
7063
2514
2161
89
3207
2750
797
2814
3203
5556
4228
6138
44
303
950
1775
2742
4406
829
289
290
856
3274
3710
2015
1190
4038
70
121
113
1133
14
39
378
324
849
68
459
1445
2556
1317
2425
486
929
639
860
961
91
4981
1731
104
157
406
1910
827
1295
878
188
1311
868
588
2452
42
545
2359
4050
1023
4009
3289
2906
1252
1281
1333
255
4809
2765
88
1216
640
985
5053
3763
1316
3927
1683
144
4416
1839
3204
3196
977
2187
760
109
1684
63
2533
697
954
1911
1008
180
478
2320
1563
133
2226
3136
1223
1257
1912
3388
617
1400
1146
6211
621
526
547
529
302
3195
1725
2327
1866
2262
315
1181
1307
1084
2890
3975
552
1655
911
6841
3738
5459
512
1104
3756
5132
4834
676
305
3015
1717
3977
2051
1960
1961
2717
2394
2376
493
3845
5383
5540
1494
2266
2024
4176
6387
1735
1089
569
854
491
933
4463
4091
1301
4805
190
1289
3504
845
840
3429
8066
1106
50
56
1267
2215
7225
1484
812
925
62
151
1538
454
392
1322
431
9
2740
47
467
1802
1232
1686
1800
495
796
810
1253
1062
479
918
2326
43
793
2459
2467
1809
41
2982
1256
3579
338
855
1443
1006
623
1273
2811
458
1558
10
1913
1226
485
873
178
2235
488
25
2822
850
3827
931
360
444
2699
388
419
1584
519
2739
2928
1265
177
1528
46
1195
2909
2338
442
51
932
4431
956
825
1268
1394
1917
3986
195
1354
3517
799
2935
3362
32
3048
248
506
1790
567
7057
176
226
2234
2930
3715
3057
387
944
4229
1472
476
1543
2263
1090
136
5580
945
3024
2879
2403
2390
256
844
2210
4003
1865
5299
366
5328
888
155
2778
889
635
505

587
3098
317
335
3112
3496
1009
788
432
4211
522
310
656
4480
2776
389
5754
1032
2836
326
434
1261
3989
1811
610
3832
1642
1367
4172
7104
3202
275
3519
2876
685
3614
1361
4894
3475
4474
1555
765
3660
2950
8
160
1958
52
2156
140
1414
5298
6452
4195
1444
1454
322
1501
668
110
887
590
372
686
528
989
4114
715
1986
1
2587
12
426
142
4021
1478
84
2089
699
3012
1435
1277
917
99
3623
2018
2924
2761
5393
477
657
1131
2349
194
4596
2046
340
2387
37
3980
4043
3476
1524
3768
3570
1339
3287
186
5176
399
1391
125
897
130
8085
398
1063
307
1312
4424
3533
4276
1375
5626
3076
4430
349
1348
1135
4954
622
355
4957
2518
1323
1708
1315
7780
2202
7785
1785
8861
1617
814
4475
3080
1722
5194
3285
5747
1018
1215
1304
2250
7414
4036
6249
674
5878
4900
3260
4625
2014
3983
2498
1326
111
5733
4156
3200
2008
5103
2238
2186
220
446
1055
152
830
2957
4790
756
2379
3385
805
3541
345
1025
4499
185
2719
5770
8824
5262
3773
5119
1290
3436
283
557
3645
4862
1225
5025
169
658
4189
413
4588
2020
7198
450
583
2760
515
2087
5060
3595
7586
379
170
2754
7418
7357
883
4831
1284
7892
696
694
3564
5213
64
828
19
1546
534
6350
241
1576
952
381
83
1108
3791
192
780
1590
5513
107
2697
3699
2164
1631
6399
2174
1535
156
114
100
1771
644
1814
1269
5257
1701
2878
901
370
1128
385
7464
3788
4554
394
1781
356
4650
2648
3787
3789
1259
924
3186
1550
5856
395
2929
3530
1056
2211
1630
402
4055
937
670
1125
3074
7657
1246
2508
1363
1327
1083
3817
1587
2964
313
314
2233
1115
1221
2399
2961
1482
4712
3661
2462
2895
539
586
1078
116
1997
5062
1260
139
1924
497
535
871
1519
1283
422
3990
3197
3802
3034
3997
393
3284
500
3958
520
4816
3187
922
936
403
2152
1862
2576
910
2121
915
2734
908
321
115
3032
1729
2735
2833
835
2704
311
3523
1196
3148
3
1372
3000
882
1972
3125
183
3799
960
2345
332
1545
1733
1803
1321
4218
3221
1147
1616
1019
1408
1667
232
3835
2369
876
480
430
1830
501
2363
6256
4529
376
1353
1143
2245
4934
3019
17
3673
439
877
353
2380
1746
2484
3005
1568
1573
550
6577
5684
2958
3381
1160
3126
1369
1053
3491
0
3201
884
3426
3020
2959
616
3981
679
460
838
2908
2195
3460
1220
4392
986
3649
1638
1213
2947
3249
1292
81
3766
2222
391
566
558
1468
4266
2782
3075
1664
3825
1214
2384
1065
1509
2818
1071
295
3746
966
77
5976
2700
3635
8365
951
2006
3049
2766
913
465
1871
5698
87
3691
1570
2351
4326
1777
1453
1763
1362
2240
4589
737
1619
1549

2207
3363
1364
1857
193
3438
574
181
2071
4328
4910
457
4835
1665
671
1355
5346
767
2002
598
4011
3622
2919
2428
4465
4504
1899
4501
869
5465
3242
3714
54
6635
1922
2521
6510
2725
3600
1403
5899
163
1586
3128
6384
1860
963
4306
2633
3386
7060
2600
1534
693
1531
473
2897
1918
95
3572
6726
1817
1051
771
33
1776
530
2817
4505
568
536
2525
1340
2251
5756
2946
309
1020
3477
1207
3693
2931
1182
1929
705
939
660
3663
2859
2334
2013
853
921
1483
3800
1840
26
5763
2489
842
774
792
700
2664
4648
4308
7316
1318
1087
65
120
4425
1126
5909
784
4217
1577
427
516
3054
2350
4433
2224
783
2752
1475
382
29
1184
2988
5021
2155
1342
3164
3118
5455
3418
3259
5528
1480
286
948
174
3718
5006
1827
6203
4111
2184
2343
404
3286
5599
2810
4150
5535
886
1544
2632
1035
2852
4018
1178
3210
7025
2323
2317
3529
2468
1715
3736
4599
21
2522
1234
262
278
1421
3728
3731
3171
1769
1760
1614
1320
1452
794
1132
2661
358
809
3563
523
811
2443
2737
1010
40
813
7201
665
489
2977
1581
7923
4026
2638
182
885
2746
806
914
790
726
5155
414
1786
298
5539
4612
375
2922
521
5106
451
423
603
129
1338
1271
2408
677
368
5561
541
1751
4169
3696
2729
4623
6500
4274
1118
2775
6524
4047
1208
1379
2767
666
1625
2227
4002
992
2613
2027
3234
1628
4647
593
725
4918
119
171
3472
2246
1145
3711
407
3116
518
4506
7537
3133
675
2427
1324
1578
3433
101
4486
5516
265
1186
455
159
250
5645
67
7556
5625
3510
1900
839
1159
5013
1794
3038
8154
2200
2337
1303
2529
3081
1140
3764
1129
2169
6393
4338
903
859
1109
4519
5504
1801
4568
695
5077
533
701
698
707
323
949
1902
6967
3824
538
7392
1357
5505
86
3508
2902
6810
3537
336
680
5667
2662
7374
4238
6168
2249
2684
3059
3447
8678
800
38
1583
6444
344
2880
3058
3361
1987
4090
3646
271
7522
2150
4574
5235
527
4537
4544
662
5139
346
3199
509
1250
24
2318
5585
6998
4509
2463
3577
4726
5588
4765
4282
6589
6588
4727
7623
4624
2493
3640
1438
8133
1227
4978
6471
6717
412
8413
173
683
2074
1557
4598
1621
5883
363
8016
6158
7621

