141
300
71
397
200
0
209
589
176
410
29
370
488
61
244
465
575
160
446
708
743
651
158
232
427
535
719
235
406
570
341
238
400
639
175
170
383
401
10
270
585
301
4
349
643
691
179
402
357
695
6
317
213
37
613
60
211
429
436
62
258
598
77
89
120
287
194
289
441
278
433
456
48
309
412
123
91
384
22
583
113
188
100
624
180
18
305
331
125
59
631
15
621
611
386
149
565
137
548
321
628
491
388
23
405
324
267
580
442
353
332
637
636
197
343
422
576
139
190
345
241
587
471
250
219
124
342
453
368
131
68
265
532
746
403
118
720
105
154
380
504
470
199
269
507
30
521
334
466
659
500
359
616
167
458
40
157
734
362
514
316
472
592
741
375
450
619
389
418
83
455
302
299
146
168
119
221
623
187
32
16
590
214
399
152
367
531
218
311
313
206
310
277
640
239
186
559
675
351
17
363
387
524
320
525
435
607
21
224
245
517
415
104
683
79
271
672
515
109
236
609
694
54
33
378
205
361
618
44
597
11
49
106
230
452
578
484
528
468
657
177
563
347
679
518
84
281
553
394
165
377
99
487
740
57
533
274
593
352
144
499
262
19
729
159
649
14
246
584
526
117
447
12
148
664
366
204
614
735
93
464
638
676
635
440
462
354
102
151
129
36
82
661
297
420
69
467
150
438
253
481
645
128
617
98
207
47
421
78
1
600
652
480
416
732
413
646
485
86
717
690
630
486
512
473
229
76
508
426
686
64
601
448
307
699
544
75
632
346
172
527
423
231
264
693
183
72
74
529
135
424
243
147
8
296
326
725
700
41
55
171
143
263
284
494
398
325
335
191
13
27
116
121
285
530
538
604
641
705
715
541
671
721
2
3
201
127
222
459
547
5
731
156
722
7
634
126
315
9
502
56
223
445
451
513
685
393
475
114
365
371
723
96
318
698
240
490
579
237
476
542
662
379
562
155
469
419
497
653
20
340
122
208
457
505
629
97
292
24
25
303
660
26
283
503
28
38
65
140
344
369
706
234
339
627
31
87
45
153
620
189
34
35
215
539
704
142
355
684
39
493
696
166
483
42
272
43
73
360
588
46
185
174
712
184
226
279
537
625
608
726
50
489
701
51
52
53
192
275
558
510
566
58
81
409
564
615
110
85
95
536
498
63
745
545
692
66
67
88
195
385
449
561
681
501
70
111
247
372
571
573
599
552
404
549
414
647
193
256
181
288
130
374
322
327
80
108
164
650
282
680
603
133
581
666
687
90
707
748
92
255
203
376
94
516
161
242
496
602
633
306
520
101
304
103
233
319
474
495
417
228
107
112
364
132
330
595
479
115
173
425
622
747
718
742
551
730
337
667
689
260
295
654
733
492
477
703
169
134
395
591
136
291
314
439
658
138
202
254
443
737
540
182
298
728
145
577
312
454
682
738
391
665
697
437
506
713
642
460
294
336
373
554
162
163
328
674
678
249
259
673
178
280
534
252
329
744
227
519
610
568
606
198
582
196
407
655
248
358
724
736
210
668
212
478
626
739
216
217
567
220
348
594
463
557
225
714
323
356
550
411
669
546
749
251
257
648
511
261
572
509
266
268
434
716
709
273
276
710
670
286
381
727
290
293
596
523
702
308
382
430
560
688
644
408
556
333
656
605
338
612
350
555
543
390
663
431
522
432
392
396
569
428
461
444
482
711
677
574
586
