25
74
72
62
56
67
57
23
24
27
54
26
76
60
124
73
28
5
129
134
126
152
66
120
22
61
77
127
50
68
55
52
75
135
3
133
125
53
319
123
29
137
37
65
51
213
10
204
64
200
47
49
100
115
110
130
63
44
106
4
104
286
78
205
46
202
59
172
176
70
189
209
293
43
143
328
94
146
207
150
203
79
192
324
156
159
193
290
136
226
116
32
99
243
0
18
39
85
112
118
131
210
14
15
21
19
20
31
35
36
38
42
40
41
45
48
58
80
81
82
83
84
86
89
90
91
92
93
95
97
98
101
102
111
113
117
121
122
128
139
142
114
145
148
147
151
153
154
155
138
157
160
161
162
163
164
169
170
171
178
177
180
181
184
185
187
188
190
191
194
195
197
198
199
201
206
132
216
217
218
219
220
221
222
223
227
228
229
230
231
234
232
233
235
236
237
238
33
34
239
240
105
208
241
242
245
246
254
255
257
258
259
260
261
262
263
264
266
267
268
269
271
273
274
277
278
279
280
281
282
283
284
285
287
288
289
291
292
295
296
297
298
299
300
302
303
306
307
308
309
310
311
312
313
314
315
316
317
318
320
321
322
327
329
330
331
1
2
6
7
8
9
11
30
12
13
16
17
69
71
87
88
96
103
107
211
108
109
119
173
140
141
144
149
158
165
166
168
167
175
174
323
179
183
182
325
186
326
196
301
212
244
214
215
224
225
247
248
249
251
250
252
253
256
265
294
270
272
275
276
304
305
