383
165
147
111
195
400
247
187
96
392
232
473
260
175
238
1
423
264
416
208
166
359
344
443
86
428
120
330
31
205
92
127
218
459
440
146
287
407
213
279
293
48
317
244
115
183
347
190
145
35
178
327
455
480
19
157
225
379
472
492
253
302
43
58
365
197
103
150
276
310
449
84
374
11
64
485
320
337
52
134
464
28
298
389
250
431
495
98
160
403
69
268
410
284
355
55
75
211
371
40
106
172
200
313
475
488
138
222
257
4
124
290
395
419
25
386
435
446
306
323
467
154
229
14
89
249
79
131
271
335
413
62
456
8
241
169
376
481
117
351
99
261
297
425
498
141
193
68
107
161
215
22
34
44
186
201
283
314
326
399
450
370
380
439
235
340
406
462
489
179
361
15
59
72
110
121
151
164
254
294
468
93
194
274
331
426
5
135
219
265
303
309
387
476
484
171
319
345
47
65
204
228
242
280
364
411
453
36
394
113
210
432
286
442
499
29
80
100
156
129
142
368
358
373
396
420
436
16
24
39
54
74
116
174
460
348
207
214
221
245
256
289
322
382
390
402
414
445
0
2
3
332
6
7
9
10
12
13
17
18
277
20
21
23
26
27
189
30
32
33
37
354
38
41
42
45
46
49
50
338
51
53
56
57
60
61
63
66
67
70
71
73
76
77
78
81
82
83
85
237
87
88
112
90
91
94
136
95
97
182
101
102
104
105
108
109
114
123
118
119
122
125
126
128
366
130
132
133
137
139
140
143
144
148
299
267
149
305
168
152
153
300
155
158
159
421
162
163
224
334
493
167
170
173
176
177
180
417
181
185
401
184
188
191
192
196
198
199
202
203
336
206
339
236
209
212
234
272
216
217
360
220
223
227
226
230
231
233
239
240
448
243
246
248
251
454
252
255
258
259
270
350
262
263
266
292
269
273
275
278
281
282
285
288
291
295
434
296
301
304
307
308
311
312
315
316
318
321
324
325
328
329
342
451
333
341
343
346
477
349
352
353
356
357
362
363
367
369
372
375
377
378
381
384
385
461
388
391
393
397
398
404
405
408
409
412
415
418
422
424
427
429
430
433
437
438
441
444
447
452
457
458
470
463
465
466
469
471
474
478
479
482
483
486
487
490
491
494
496
497
