1.00000000
0.99797612
0.99494030
0.99251164
0.99028537
0.98947581
0.98846387
0.98704716
0.98542805
0.98441611
0.98340417
0.98299939
0.98158268
0.98057073
0.97976118
0.97854685
0.97773730
0.97551103
0.97470148
0.97368954
0.97287998
0.97227282
0.97207043
0.97024894
0.96964177
0.96721311
0.96701073
0.96357013
0.96174863
0.95992714
0.95911759
0.95871281
0.95770087
0.95709371
0.95648654
0.95547460
0.95506982
0.95426027
0.95304594
0.94879579
0.94677191
0.94454564
0.94292653
0.94252176
0.94029549
0.93806922
0.93786683
0.93321190
0.93280712
0.92936652
0.92794981
0.92673548
0.92531876
0.92005667
0.91944950
0.91843756
0.91762801
0.91681846
0.91580652
0.91398502
0.91256831
0.91115159
0.90912771
0.90791338
0.90690144
0.90690144
0.90609188
0.90265129
0.89577009
0.89475815
0.89435337
0.89273426
0.89212710
0.89010322
0.88868650
0.88666262
0.88504351
0.88200769
0.87816232
0.87694799
0.87674560
0.87613843
0.87350739
0.87249545
0.87107873
0.86844768
0.86743574
0.86642380
0.86622141
0.86520947
0.86460231
0.86338798
0.86278081
0.86176887
0.85286379
0.85245902
0.84375632
0.84011334
0.83869662
0.83768468
0.83525602
0.83282736
0.83181542
0.83080348
0.82938676
0.82776766
0.79174256
0.77534912
0.76867031
0.76867031
0.76421777
0.76320583
0.76239628
0.76219389
0.76138434
0.76057478
0.75956284
0.75956284
0.75956284
0.75794374
0.75713418
0.75531269
0.75470553
0.75328881
0.75268164
0.75187209
0.75146731
0.74964582
0.74964582
0.74822910
0.74762194
0.74741955
0.74640761
0.74620522
0.74539567
0.74539567
0.73770492
0.73709775
0.73304999
0.72657357
0.72556163
0.72434730
0.72333536
0.72252580
0.72252580
0.72252580
0.72090670
0.72029953
0.71726371
0.71625177
0.71523983
0.71463267
0.71382311
0.70876341
0.70410848
0.70370370
0.70127505
0.69925116
0.69884639
0.69844161
0.69581056
0.69277474
0.69176280
0.69095325
0.68386966
0.68326250
0.68225056
0.68204817
0.68123862
0.66079741
0.65998786
0.65917830
0.65877353
0.65836875
0.65533293
0.65472576
0.65209472
0.65148755
0.62760575
0.62760575
0.62416515
0.62355798
0.62274843
0.62214127
0.62173649
0.61789112
0.61789112
0.61667679
0.61667679
0.61586723
0.61586723
0.61485529
0.61161708
0.61121231
0.60999798
0.60858126
0.60858126
0.60858126
0.60736693
0.60655738
0.60655738
0.60514066
0.60433111
0.60433111
0.60433111
0.60412872
0.60311678
0.60210484
0.60089051
0.60089051
0.60089051
0.60089051
0.59947379
0.59846185
0.59846185
0.59846185
0.59785469
0.59724752
0.59684274
0.59623558
0.59137826
0.59137826
0.59137826
0.58773528
0.58773528
0.58712811
0.58692572
0.58692572
0.58692572
0.58631856
0.58591378
0.58429468
0.58308035
0.58287796
0.57113945
0.57113945
0.57073467
0.56850840
0.56790123
0.56790123
0.56790123
0.56749646
0.56709168
0.56628213
0.56405586
0.56344869
0.56162720
0.56122242
0.56122242
0.55940093
0.55838899
0.55555556
0.55555556
0.55555556
0.55494839
0.55494839
0.55353167
0.55090063
0.55069824
0.55029346
0.55009107
0.54948391
0.54098361
0.53997167
0.53875734
0.53005464
0.52256628
0.50657762
0.50394657
0.50394657
0.50394657
0.50354179
0.50293463
0.50232746
0.50212508
0.49868448
0.49848209
0.49848209
0.49747015
0.49747015
0.49706537
0.46873103
0.46711192
0.46650476
0.45598057
0.45598057
0.45476624
0.45476624
0.44667071
0.44505161
0.44505161
0.44464683
0.44181340
0.43796802
0.43756325
0.43128921
0.42926533
0.42926533
0.42926533
0.42683667
0.42602712
0.42400324
0.42218174
0.42157458
0.42056264
0.41975309
0.41975309
0.41934831
0.41934831
0.41934831
0.41874115
0.41874115
0.41874115
0.41813398
0.41732443
0.41611010
0.41347905
0.41266950
0.41165756
0.41105039
0.41105039
0.41105039
0.40578830
0.39971666
0.39910949
0.39890710
0.39587128
0.39506173
0.36227484
0.36227484
0.36106051
0.35964380
0.35761991
0.19409027
0.19348310
0.19328071
0.19267355
0.19267355
0.19206638
0.18822101
0.18741146
0.18741146
0.18619713
0.18619713
0.18316130
0.18194697
0.18073265
0.17668488
0.17668488
0.17385145
0.17385145
0.17385145
0.17344667
0.17344667
0.17344667
0.17283951
0.16879174
0.15057681
0.15057681
0.15037442
0.15037442
0.14329083
0.14329083
0.14146934
0.14086217
0.14086217
0.14086217
0.14086217
0.12952844
0.12952844
0.12952844
0.12871888
0.12871888
0.12871888
0.12871888
0.12871888
0.12264724
0.12264724
0.12264724
0.11880186
0.11880186
0.11880186
0.11880186
0.11880186
0.11880186
0.11880186
0.11880186
0.11880186
0.11738514
0.11677798
0.11677798
0.11677798
0.11677798
0.11677798
0.11677798
0.11677798
0.11677798
0.11536126
0.11536126
0.11536126
0.11536126
0.11536126
0.11536126
0.11536126
0.11536126
0.11495649
0.11495649
0.11434932
0.10443230
0.10443230
0.10443230
0.10443230
0.10443230
0.10200364
0.10200364
0.10200364
0.10200364
0.10139648
0.10139648
0.10139648
0.10139648
0.08399109
0.08399109
0.08399109
0.08399109
0.08399109
0.08399109
0.08399109
0.08318154
0.08318154
0.08318154
0.08318154
0.08318154
0.08318154
0.08318154
0.08318154
0.08318154
0.08095527
0.08095527
0.07731228
0.07731228
0.07731228
0.07731228
0.07731228
0.07731228
0.07609796
0.07609796
0.07609796
0.07609796
0.07508601
0.07508601
0.07366930
0.07225258
0.07164542
0.07164542
0.07164542
0.07164542
0.07164542
0.06881198
0.06881198
0.06881198
0.06881198
0.06881198
0.06881198
0.06881198
0.06881198
0.06881198
0.06860959
0.06860959
0.06860959
0.06840721
0.06840721
0.06840721
0.04148958
0.04047764
0.04047764
0.03562032
0.03562032
0.03562032
0.03562032
0.03562032
0.03359644
0.03359644
0.03359644
0.03359644
0.03359644
0.03359644
0.03359644
0.03359644
0.03359644
0.03359644
0.03359644
0.03359644
0.03359644
0.03359644
0.03359644
0.03359644
0.03359644
0.03359644
0.03359644
0.03359644
0.03359644
0.03359644
0.03359644
0.03359644
0.03359644
0.03359644
0.03359644
0.03359644
0.03359644
0.03359644
0.03359644
0.03359644
0.03359644
0.03359644
0.03359644
0.03359644
0.03359644
0.03359644
0.03359644
0.03359644
0.03359644
0.03339405
0.03339405
0.03339405
0.03056062
0.03056062
0.03056062
0.03056062
0.03056062
0.03056062
0.03056062
0.03056062
0.03056062
0.03056062
0.03056062
0.03056062
0.03056062
0.02853673
0.02853673
0.02853673
0.02853673
0.02853673
0.02853673
0.02853673
0.02853673
0.02853673
0.02853673
0.02853673
0.02853673
0.02853673
0.02853673
0.02853673
0.02853673
0.02853673
0.02853673
0.02853673
0.02853673
0.02853673
0.02853673
0.02853673
0.02853673
0.02853673
0.02853673
0.02853673
0.02853673
0.02853673
0.02853673
0.02853673
0.02853673
0.02853673
0.02853673
0.02853673
0.02853673
0.02853673
0.02853673
0.02853673
0.02853673
0.02853673
0.02853673
0.02853673
0.02853673
0.02853673
0.02853673
0.02853673
0.02853673
0.02853673
0.02853673
0.02853673
0.02853673
0.02853673
0.02853673
0.02853673
0.02448897
0.02448897
0.02448897
0.02448897
0.02448897
0.02448897
0.02448897
0.02307225
0.02307225
0.02286986
0.02226270
0.02226270
0.02226270
0.02226270
0.02226270
0.02226270
0.02226270
0.02226270
0.02226270
0.02226270
0.02226270
0.02226270
0.02226270
0.02226270
0.02226270
0.02226270
0.02226270
0.02226270
0.02226270
0.02226270
0.02226270
0.02226270
0.02226270
0.02104837
0.02104837
0.02104837
0.02104837
0.02104837
0.02084598
0.01801255
0.01801255
0.01801255
0.01801255
0.01801255
0.01801255
0.01801255
0.01740538
0.01396478
0.01396478
0.01396478
0.01396478
0.00890508
0.00890508
0.00890508
0.00890508
0.00890508
0.00890508
0.00890508
0.00890508
0.00769075
0.00769075
0.00769075
0.00769075
0.00769075
0.00769075
0.00769075
0.00769075
0.00769075
0.00769075
0.00769075
0.00769075
0.00769075
0.00769075
0.00769075
0.00769075
0.00769075
0.00769075
0.00769075
0.00769075
0.00769075
0.00769075
0.00769075
0.00769075
0.00769075
0.00769075
0.00769075
0.00769075
0.00769075
0.00769075
0.00769075
0.00769075
0.00769075
0.00769075
0.00607165
0.00607165
0.00607165
0.00607165
0.00607165
0.00607165
0.00607165
0.00607165
0.00607165
0.00607165
0.00607165
0.00607165
0.00607165
0.00607165
0.00607165
0.00607165
0.00607165
0.00607165
0.00607165
0.00607165
0.00607165
0.00607165
0.00384538
0.00384538
0.00384538
0.00384538
0.00384538
0.00384538
0.00384538
0.00384538
0.00384538
0.00384538
0.00384538
0.00384538
0.00384538
0.00384538
0.00384538
0.00384538
0.00364299
0.00364299
0.00364299
0.00364299
0.00364299
0.00364299
0.00364299
0.00364299
0.00364299
0.00364299
0.00364299
0.00364299
0.00364299
0.00364299
0.00364299
0.00364299
0.00364299
0.00364299
0.00364299
0.00364299
0.00364299
0.00364299
0.00364299
0.00364299
0.00364299
0.00364299
0.00364299
0.00364299
0.00364299
0.00364299
0.00364299
0.00364299
0.00364299
0.00364299
0.00364299
0.00364299
0.00364299
0.00364299
0.00364299
0.00364299
0.00364299
0.00364299
0.00364299
0.00364299
0.00364299
0.00364299
0.00364299
0.00364299
0.00364299
0.00364299
0.00364299
0.00364299
0.00364299
0.00364299
0.00364299
0.00364299
0.00364299
0.00364299
0.00364299
0.00364299
0.00364299
0.00364299
0.00364299
0.00364299
0.00364299
0.00364299
0.00364299
0.00364299
0.00364299
0.00364299
0.00364299
0.00364299
0.00364299
0.00364299
0.00364299
0.00364299
0.00364299
0.00364299
0.00364299
0.00364299
0.00364299
0.00364299
0.00364299
0.00364299
0.00364299
0.00364299
0.00364299
0.00364299
0.00364299
0.00364299
0.00364299
0.00364299
0.00364299
0.00364299
0.00364299
0.00364299
0.00364299
0.00364299
0.00364299
0.00364299
0.00364299
0.00364299
0.00283343
0.00283343
0.00283343
0.00283343
0.00283343
0.00283343
0.00283343
0.00283343
0.00283343
0.00283343
0.00283343
0.00283343
0.00283343
0.00283343
0.00283343
0.00283343
0.00283343
0.00283343
0.00283343
0.00283343
0.00283343
0.00283343
0.00283343
0.00283343
0.00283343
0.00283343
0.00283343
0.00283343
0.00283343
0.00283343
0.00283343
0.00283343
0.00242866
0.00242866
0.00242866
0.00242866
0.00242866
0.00242866
0.00242866
0.00242866
0.00242866
0.00242866
0.00242866
0.00242866
0.00242866
0.00242866
0.00242866
0.00242866
0.00242866
0.00242866
0.00242866
0.00242866
0.00242866
0.00242866
0.00242866
0.00242866
0.00242866
0.00242866
0.00242866
0.00242866
0.00242866
0.00242866
0.00242866
0.00242866
0.00242866
0.00242866
0.00242866
0.00242866
0.00242866
0.00242866
0.00242866
0.00242866
0.00242866
0.00242866
0.00242866
0.00242866
0.00242866
0.00242866
0.00242866
0.00242866
0.00242866
0.00242866
0.00242866
0.00242866
0.00242866
0.00242866
0.00242866
0.00242866
0.00242866
0.00242866
0.00242866
0.00242866
0.00242866
0.00242866
0.00242866
0.00242866
0.00242866
0.00242866
0.00242866
0.00242866
0.00242866
0.00242866
0.00242866
0.00242866
0.00242866
0.00242866
0.00242866
0.00242866
0.00242866
0.00242866
0.00242866
0.00242866
0.00242866
0.00242866
0.00242866
0.00242866
0.00242866
0.00242866
0.00242866
0.00242866
0.00242866
0.00242866
0.00202388
0.00202388
0.00202388
0.00202388
0.00202388
0.00202388
0.00202388
0.00202388
0.00202388
0.00202388
0.00202388
0.00202388
0.00202388
0.00202388
0.00202388
0.00202388
0.00182149
0.00182149
0.00182149
0.00182149
0.00182149
0.00182149
0.00182149
0.00182149
0.00182149
0.00182149
0.00182149
0.00182149
0.00182149
0.00182149
0.00182149
0.00182149
0.00182149
0.00182149
0.00182149
0.00182149
0.00182149
0.00182149
0.00182149
0.00182149
0.00182149
0.00182149
0.00182149
0.00182149
0.00182149
0.00182149
0.00182149
0.00182149
0.00182149
0.00182149
0.00182149
0.00182149
0.00182149
0.00141672
0.00141672
0.00141672
0.00141672
0.00141672
0.00141672
0.00141672
0.00141672
0.00121433
0.00121433
0.00121433
0.00121433
0.00121433
0.00121433
0.00121433
0.00121433
0.00121433
0.00121433
0.00121433
0.00121433
0.00121433
0.00121433
0.00121433
0.00121433
0.00121433
0.00121433
0.00121433
0.00121433
0.00121433
0.00121433
0.00121433
0.00121433
0.00121433
0.00121433
0.00121433
0.00121433
0.00121433
0.00121433
0.00121433
0.00121433
0.00121433
0.00121433
0.00121433
0.00121433
0.00121433
0.00121433
0.00121433
0.00121433
0.00121433
0.00121433
0.00121433
0.00121433
0.00121433
0.00101194
0.00101194
0.00101194
0.00101194
0.00101194
0.00101194
0.00101194
0.00101194
0.00101194
0.00101194
0.00101194
0.00101194
0.00101194
0.00101194
0.00101194
0.00101194
0.00101194
0.00101194
0.00101194
0.00101194
0.00101194
0.00101194
0.00101194
0.00101194
0.00101194
0.00101194
0.00101194
0.00101194
0.00101194
0.00101194
0.00101194
0.00101194
0.00101194
0.00101194
0.00101194
0.00101194
0.00101194
0.00101194
0.00101194
0.00101194
0.00101194
0.00101194
0.00101194
0.00101194
0.00101194
0.00101194
0.00101194
0.00101194
0.00101194
0.00101194
0.00101194
0.00101194
0.00101194
0.00101194
0.00101194
0.00101194
0.00101194
0.00101194
0.00101194
0.00101194
0.00101194
0.00101194
0.00101194
0.00101194
0.00101194
0.00101194
0.00101194
0.00101194
0.00101194
0.00101194
0.00101194
0.00101194
0.00101194
0.00101194
0.00101194
0.00101194
0.00101194
0.00101194
0.00101194
0.00101194
0.00101194
0.00101194
0.00101194
0.00101194
0.00101194
0.00101194
0.00101194
0.00101194
0.00101194
0.00101194
0.00101194
0.00101194
0.00101194
0.00101194
0.00101194
0.00101194
0.00101194
0.00101194
0.00101194
0.00101194
0.00101194
0.00101194
0.00101194
0.00101194
0.00101194
0.00101194
0.00101194
0.00101194
0.00101194
0.00101194
0.00101194
0.00101194
0.00101194
0.00101194
0.00101194
0.00080955
0.00080955
0.00080955
0.00080955
0.00080955
0.00080955
0.00080955
0.00080955
0.00080955
0.00080955
0.00080955
0.00080955
0.00080955
0.00080955
0.00080955
0.00080955
0.00080955
0.00080955
0.00080955
0.00080955
0.00080955
0.00080955
0.00080955
0.00080955
0.00080955
0.00080955
0.00080955
0.00080955
0.00080955
0.00080955
0.00080955
0.00080955
0.00080955
0.00080955
0.00080955
0.00080955
0.00080955
0.00080955
0.00080955
0.00080955
0.00080955
0.00080955
0.00080955
0.00080955
0.00080955
0.00080955
0.00080955
0.00080955
0.00080955
0.00080955
0.00080955
0.00080955
0.00080955
0.00080955
0.00080955
0.00080955
0.00080955
0.00080955
0.00080955
0.00080955
0.00080955
0.00080955
0.00080955
0.00080955
0.00080955
0.00080955
0.00080955
0.00080955
0.00080955
0.00080955
0.00080955
0.00080955
0.00080955
0.00080955
0.00080955
0.00080955
0.00080955
0.00080955
0.00080955
0.00080955
0.00080955
0.00080955
0.00080955
0.00080955
0.00080955
0.00080955
0.00080955
0.00080955
0.00080955
0.00080955
0.00080955
0.00080955
0.00080955
0.00080955
0.00080955
0.00080955
0.00080955
0.00080955
0.00080955
0.00080955
0.00080955
0.00080955
0.00080955
0.00080955
0.00080955
0.00080955
0.00080955
0.00080955
0.00080955
0.00080955
0.00080955
0.00080955
0.00080955
0.00080955
0.00080955
0.00080955
0.00080955
0.00080955
0.00080955
0.00080955
0.00080955
0.00080955
0.00080955
0.00080955
0.00080955
0.00080955
0.00080955
0.00080955
0.00080955
0.00080955
0.00080955
0.00080955
0.00080955
0.00080955
0.00080955
0.00080955
0.00080955
0.00080955
0.00080955
0.00080955
0.00080955
0.00080955
0.00080955
0.00080955
0.00080955
0.00080955
0.00080955
0.00080955
0.00080955
0.00080955
0.00080955
0.00080955
0.00080955
0.00080955
0.00080955
0.00080955
0.00080955
0.00080955
0.00080955
0.00080955
0.00080955
0.00080955
0.00080955
0.00080955
0.00080955
0.00080955
0.00080955
0.00080955
0.00080955
0.00080955
0.00080955
0.00080955
0.00080955
0.00080955
0.00080955
0.00080955
0.00080955
0.00080955
0.00080955
0.00080955
0.00080955
0.00080955
0.00080955
0.00080955
0.00080955
0.00080955
0.00080955
0.00080955
0.00080955
0.00080955
0.00080955
0.00080955
0.00080955
0.00080955
0.00080955
0.00080955
0.00080955
0.00080955
0.00080955
0.00080955
0.00080955
0.00080955
0.00080955
0.00080955
0.00080955
0.00080955
0.00080955
0.00080955
0.00080955
0.00080955
0.00080955
0.00080955
0.00080955
0.00080955
0.00080955
0.00080955
0.00080955
0.00080955
0.00080955
0.00080955
0.00080955
0.00080955
0.00080955
0.00080955
0.00080955
0.00080955
0.00080955
0.00080955
0.00080955
0.00080955
0.00080955
0.00080955
0.00080955
0.00080955
0.00080955
0.00080955
0.00080955
0.00080955
0.00080955
0.00080955
0.00080955
0.00080955
0.00080955
0.00080955
0.00080955
0.00080955
0.00080955
0.00080955
0.00080955
0.00080955
0.00080955
0.00080955
0.00080955
0.00080955
0.00080955
0.00080955
0.00080955
0.00080955
0.00080955
0.00080955
0.00080955
0.00080955
0.00080955
0.00080955
0.00080955
0.00080955
0.00080955
0.00080955
0.00080955
0.00080955
0.00080955
0.00080955
0.00080955
0.00080955
0.00080955
0.00080955
0.00080955
0.00080955
0.00080955
0.00080955
0.00080955
0.00080955
0.00080955
0.00080955
0.00080955
0.00080955
0.00080955
0.00080955
0.00080955
0.00080955
0.00080955
0.00080955
0.00080955
0.00080955
0.00080955
0.00080955
0.00080955
0.00080955
0.00080955
0.00080955
0.00080955
0.00060716
0.00060716
0.00060716
0.00060716
0.00060716
0.00060716
0.00060716
0.00060716
0.00060716
0.00060716
0.00060716
0.00060716
0.00060716
0.00060716
0.00060716
0.00060716
0.00060716
0.00060716
0.00060716
0.00060716
0.00060716
0.00060716
0.00060716
0.00060716
0.00060716
0.00060716
0.00060716
0.00060716
0.00060716
0.00060716
0.00060716
0.00060716
0.00060716
0.00060716
0.00060716
0.00060716
0.00060716
0.00060716
0.00060716
0.00060716
0.00060716
0.00060716
0.00060716
0.00060716
0.00060716
0.00060716
0.00060716
0.00060716
0.00060716
0.00060716
0.00060716
0.00060716
0.00060716
0.00060716
0.00060716
0.00060716
0.00060716
0.00060716
0.00060716
0.00060716
0.00060716
0.00060716
0.00060716
0.00060716
0.00060716
0.00060716
0.00060716
0.00060716
0.00060716
0.00060716
0.00060716
0.00060716
0.00060716
0.00060716
0.00060716
0.00060716
0.00060716
0.00060716
0.00060716
0.00060716
0.00060716
0.00060716
0.00060716
0.00060716
0.00060716
0.00060716
0.00060716
0.00060716
0.00060716
0.00060716
0.00060716
0.00060716
0.00060716
0.00060716
0.00060716
0.00060716
0.00060716
0.00060716
0.00060716
0.00060716
0.00060716
0.00060716
0.00060716
0.00060716
0.00060716
0.00060716
0.00060716
0.00060716
0.00060716
0.00060716
0.00060716
0.00060716
0.00060716
0.00060716
0.00060716
0.00060716
0.00060716
0.00060716
0.00060716
0.00060716
0.00060716
0.00060716
0.00060716
0.00060716
0.00060716
0.00060716
0.00060716
0.00060716
0.00060716
0.00060716
0.00060716
0.00060716
0.00060716
0.00060716
0.00060716
0.00060716
0.00060716
0.00060716
0.00060716
0.00060716
0.00060716
0.00060716
0.00060716
0.00060716
0.00060716
0.00060716
0.00060716
0.00060716
0.00060716
0.00060716
0.00060716
0.00060716
0.00060716
0.00060716
0.00060716
0.00060716
0.00060716
0.00060716
0.00060716
0.00060716
0.00060716
0.00060716
0.00060716
0.00060716
0.00060716
0.00060716
0.00060716
0.00060716
0.00060716
0.00060716
0.00060716
0.00060716
0.00060716
0.00060716
0.00060716
0.00060716
0.00060716
0.00060716
0.00060716
0.00060716
0.00060716
0.00060716
0.00060716
0.00060716
0.00060716
0.00060716
0.00060716
0.00060716
0.00060716
0.00060716
0.00060716
0.00060716
0.00060716
0.00060716
0.00060716
0.00060716
0.00060716
0.00060716
0.00060716
0.00060716
0.00060716
0.00060716
0.00060716
0.00060716
0.00060716
0.00060716
0.00060716
0.00060716
0.00060716
0.00060716
0.00060716
0.00060716
0.00060716
0.00060716
0.00060716
0.00060716
0.00060716
0.00060716
0.00060716
0.00060716
0.00060716
0.00060716
0.00060716
0.00060716
0.00060716
0.00060716
0.00060716
0.00060716
0.00060716
0.00060716
0.00060716
0.00060716
0.00060716
0.00060716
0.00060716
0.00060716
0.00060716
0.00060716
0.00060716
0.00060716
0.00060716
0.00060716
0.00060716
0.00060716
0.00060716
0.00060716
0.00060716
0.00060716
0.00060716
0.00060716
0.00060716
0.00060716
0.00060716
0.00060716
0.00060716
0.00060716
0.00060716
0.00060716
0.00060716
0.00060716
0.00060716
0.00060716
0.00060716
0.00060716
0.00060716
0.00060716
0.00060716
0.00060716
0.00060716
0.00060716
0.00060716
0.00060716
0.00060716
0.00060716
0.00060716
0.00060716
0.00060716
0.00060716
0.00060716
0.00060716
0.00060716
0.00060716
0.00060716
0.00060716
0.00060716
0.00060716
0.00060716
0.00060716
0.00060716
0.00060716
0.00060716
0.00060716
0.00060716
0.00060716
0.00060716
0.00060716
0.00060716
0.00060716
0.00060716
0.00060716
0.00060716
0.00060716
0.00060716
0.00060716
0.00060716
0.00060716
0.00060716
0.00060716
0.00060716
0.00060716
0.00060716
0.00060716
0.00060716
0.00060716
0.00060716
0.00060716
0.00060716
0.00060716
0.00060716
0.00060716
0.00060716
0.00060716
0.00060716
0.00060716
0.00060716
0.00060716
0.00060716
0.00060716
0.00060716
0.00060716
0.00060716
0.00060716
0.00060716
0.00060716
0.00060716
0.00060716
0.00060716
0.00060716
0.00060716
0.00060716
0.00060716
0.00060716
0.00060716
0.00060716
0.00060716
0.00060716
0.00060716
0.00060716
0.00060716
0.00060716
0.00060716
0.00060716
0.00060716
0.00060716
0.00060716
0.00060716
0.00060716
0.00060716
0.00060716
0.00060716
0.00060716
0.00060716
0.00060716
0.00060716
0.00060716
0.00060716
0.00060716
0.00060716
0.00060716
0.00060716
0.00060716
0.00060716
0.00060716
0.00060716
0.00060716
0.00060716
0.00060716
0.00060716
0.00060716
0.00060716
0.00060716
0.00060716
0.00060716
0.00060716
0.00060716
0.00060716
0.00060716
0.00060716
0.00060716
0.00060716
0.00060716
0.00060716
0.00060716
0.00060716
0.00060716
0.00060716
0.00060716
0.00060716
0.00060716
0.00060716
0.00060716
0.00060716
0.00060716
0.00060716
0.00060716
0.00060716
0.00060716
0.00060716
0.00060716
0.00060716
0.00060716
0.00060716
0.00060716
0.00060716
0.00060716
0.00060716
0.00060716
0.00060716
0.00060716
0.00060716
0.00060716
0.00060716
0.00060716
0.00060716
0.00060716
0.00060716
0.00060716
0.00060716
0.00060716
0.00060716
0.00060716
0.00060716
0.00060716
0.00060716
0.00060716
0.00060716
0.00060716
0.00060716
0.00060716
0.00060716
0.00060716
0.00060716
0.00060716
0.00060716
0.00060716
0.00060716
0.00060716
0.00060716
0.00060716
0.00060716
0.00060716
0.00060716
0.00060716
0.00060716
0.00060716
0.00060716
0.00060716
0.00060716
0.00060716
0.00060716
0.00060716
0.00060716
0.00060716
0.00060716
0.00060716
0.00060716
0.00060716
0.00060716
0.00060716
0.00060716
0.00060716
0.00060716
0.00060716
0.00060716
0.00060716
0.00060716
0.00060716
0.00060716
0.00060716
0.00060716
0.00060716
0.00060716
0.00060716
0.00060716
0.00060716
0.00060716
0.00060716
0.00060716
0.00060716
0.00060716
0.00060716
0.00060716
0.00060716
0.00060716
0.00060716
0.00060716
0.00060716
0.00060716
0.00060716
0.00060716
0.00060716
0.00060716
0.00060716
0.00060716
0.00060716
0.00060716
0.00060716
0.00060716
0.00060716
0.00060716
0.00060716
0.00060716
0.00060716
0.00060716
0.00060716
0.00060716
0.00060716
0.00060716
0.00060716
0.00060716
0.00060716
0.00060716
0.00060716
0.00060716
0.00060716
0.00040478
0.00040478
0.00040478
0.00040478
0.00040478
0.00040478
0.00040478
0.00040478
0.00040478
0.00040478
0.00040478
0.00040478
0.00040478
0.00040478
0.00040478
0.00040478
0.00040478
0.00040478
0.00040478
0.00040478
0.00040478
0.00040478
0.00040478
0.00040478
0.00040478
0.00040478
0.00040478
0.00040478
0.00040478
0.00040478
0.00040478
0.00040478
0.00040478
0.00040478
0.00040478
0.00040478
0.00040478
0.00040478
0.00040478
0.00040478
0.00040478
0.00040478
0.00040478
0.00040478
0.00040478
0.00040478
0.00040478
0.00040478
0.00040478
0.00040478
0.00040478
0.00040478
0.00040478
0.00040478
0.00040478
0.00040478
0.00040478
0.00040478
0.00040478
0.00040478
0.00040478
0.00040478
0.00040478
0.00040478
0.00040478
0.00040478
0.00040478
0.00040478
0.00040478
0.00040478
0.00040478
0.00040478
0.00040478
0.00040478
0.00040478
0.00040478
0.00040478
0.00040478
0.00040478
0.00040478
0.00040478
0.00040478
0.00040478
0.00040478
0.00040478
0.00040478
0.00040478
0.00040478
0.00040478
0.00040478
0.00040478
0.00040478
0.00040478
0.00040478
0.00040478
0.00040478
0.00040478
0.00040478
0.00040478
0.00040478
0.00040478
0.00040478
0.00040478
0.00040478
0.00040478
0.00040478
0.00040478
0.00040478
0.00040478
0.00040478
0.00040478
0.00040478
0.00040478
0.00040478
0.00040478
0.00040478
0.00040478
0.00040478
0.00040478
0.00040478
0.00040478
0.00040478
0.00040478
0.00040478
0.00040478
0.00040478
0.00040478
0.00040478
0.00040478
0.00040478
0.00040478
0.00040478
0.00040478
0.00040478
0.00040478
0.00040478
0.00040478
0.00040478
0.00040478
0.00040478
0.00040478
0.00040478
0.00040478
0.00040478
0.00040478
0.00040478
0.00040478
0.00040478
0.00040478
0.00040478
0.00040478
0.00040478
0.00040478
0.00040478
0.00040478
0.00040478
0.00040478
0.00040478
0.00040478
0.00040478
0.00040478
0.00040478
0.00040478
0.00040478
0.00040478
0.00040478
0.00040478
0.00040478
0.00040478
0.00040478
0.00040478
0.00040478
0.00040478
0.00040478
0.00040478
0.00040478
0.00040478
0.00040478
0.00040478
0.00040478
0.00040478
0.00040478
0.00040478
0.00040478
0.00040478
0.00040478
0.00040478
0.00040478
0.00040478
0.00040478
0.00040478
0.00040478
0.00040478
0.00040478
0.00040478
0.00040478
0.00040478
0.00040478
0.00040478
0.00040478
0.00040478
0.00040478
0.00040478
0.00040478
0.00040478
0.00040478
0.00040478
0.00040478
0.00040478
0.00040478
0.00040478
0.00040478
0.00040478
0.00040478
0.00040478
0.00040478
0.00040478
0.00040478
0.00040478
0.00040478
0.00040478
0.00040478
0.00040478
0.00040478
0.00040478
0.00040478
0.00040478
0.00040478
0.00040478
0.00040478
0.00040478
0.00040478
0.00040478
0.00040478
0.00040478
0.00040478
0.00040478
0.00040478
0.00040478
0.00040478
0.00040478
0.00040478
0.00040478
0.00040478
0.00040478
0.00040478
0.00040478
0.00040478
0.00040478
0.00040478
0.00040478
0.00040478
0.00040478
0.00040478
0.00040478
0.00040478
0.00040478
0.00040478
0.00040478
0.00040478
0.00040478
0.00040478
0.00040478
0.00040478
0.00040478
0.00040478
0.00040478
0.00040478
0.00040478
0.00040478
0.00040478
0.00040478
0.00040478
0.00040478
0.00040478
0.00040478
0.00040478
0.00040478
0.00040478
0.00040478
0.00040478
0.00040478
0.00040478
0.00040478
0.00040478
0.00040478
0.00040478
0.00040478
0.00040478
0.00040478
0.00040478
0.00040478
0.00040478
0.00040478
0.00040478
0.00040478
0.00040478
0.00040478
0.00040478
0.00040478
0.00040478
0.00040478
0.00040478
0.00040478
0.00040478
0.00040478
0.00040478
0.00040478
0.00040478
0.00040478
0.00040478
0.00040478
0.00040478
0.00040478
0.00040478
0.00040478
0.00040478
0.00040478
0.00040478
0.00040478
0.00040478
0.00040478
0.00040478
0.00040478
0.00040478
0.00040478
0.00040478
0.00040478
0.00040478
0.00040478
0.00040478
0.00040478
0.00040478
0.00040478
0.00040478
0.00040478
0.00040478
0.00040478
0.00040478
0.00040478
0.00040478
0.00040478
0.00040478
0.00040478
0.00040478
0.00040478
0.00040478
0.00040478
0.00040478
0.00040478
0.00040478
0.00040478
0.00040478
0.00040478
0.00040478
0.00040478
0.00040478
0.00040478
0.00040478
0.00040478
0.00040478
0.00040478
0.00040478
0.00040478
0.00040478
0.00040478
0.00040478
0.00040478
0.00040478
0.00040478
0.00040478
0.00040478
0.00040478
0.00040478
0.00040478
0.00040478
0.00040478
0.00040478
0.00040478
0.00040478
0.00040478
0.00040478
0.00040478
0.00040478
0.00040478
0.00040478
0.00040478
0.00040478
0.00040478
0.00040478
0.00040478
0.00040478
0.00040478
0.00040478
0.00040478
0.00040478
0.00040478
0.00040478
0.00040478
0.00040478
0.00040478
0.00040478
0.00040478
0.00040478
0.00040478
0.00040478
0.00040478
0.00040478
0.00040478
0.00040478
0.00040478
0.00040478
0.00040478
0.00040478
0.00040478
0.00040478
0.00040478
0.00040478
0.00040478
0.00040478
0.00040478
0.00040478
0.00040478
0.00040478
0.00040478
0.00040478
0.00040478
0.00040478
0.00040478
0.00040478
0.00040478
0.00040478
0.00040478
0.00040478
0.00040478
0.00040478
0.00040478
0.00040478
0.00040478
0.00040478
0.00040478
0.00040478
0.00040478
0.00040478
0.00040478
0.00040478
0.00040478
0.00040478
0.00040478
0.00040478
0.00040478
0.00040478
0.00040478
0.00040478
0.00040478
0.00040478
0.00040478
0.00040478
0.00040478
0.00040478
0.00040478
0.00040478
0.00040478
0.00040478
0.00040478
0.00040478
0.00040478
0.00040478
0.00040478
0.00040478
0.00040478
0.00040478
0.00040478
0.00040478
0.00040478
0.00040478
0.00040478
0.00040478
0.00040478
0.00040478
0.00040478
0.00040478
0.00040478
0.00040478
0.00040478
0.00040478
0.00040478
0.00040478
0.00040478
0.00040478
0.00040478
0.00040478
0.00040478
0.00040478
0.00040478
0.00040478
0.00040478
0.00040478
0.00040478
0.00040478
0.00040478
0.00040478
0.00040478
0.00040478
0.00040478
0.00040478
0.00040478
0.00040478
0.00040478
0.00040478
0.00040478
0.00040478
0.00040478
0.00040478
0.00040478
0.00040478
0.00040478
0.00040478
0.00040478
0.00040478
0.00040478
0.00040478
0.00040478
0.00040478
0.00040478
0.00040478
0.00040478
0.00040478
0.00040478
0.00040478
0.00040478
0.00040478
0.00040478
0.00040478
0.00040478
0.00040478
0.00040478
0.00040478
0.00040478
0.00040478
0.00040478
0.00040478
0.00040478
0.00040478
0.00040478
0.00040478
0.00040478
0.00040478
0.00040478
0.00040478
0.00040478
0.00040478
0.00040478
0.00040478
0.00040478
0.00040478
0.00040478
0.00040478
0.00040478
0.00040478
0.00040478
0.00040478
0.00040478
0.00040478
0.00040478
0.00040478
0.00040478
0.00040478
0.00040478
0.00040478
0.00040478
0.00040478
0.00040478
0.00040478
0.00040478
0.00040478
0.00040478
0.00040478
0.00040478
0.00040478
0.00040478
0.00040478
0.00040478
0.00040478
0.00040478
0.00040478
0.00040478
0.00040478
0.00040478
0.00040478
0.00040478
0.00040478
0.00040478
0.00040478
0.00040478
0.00040478
0.00040478
0.00040478
0.00040478
0.00040478
0.00040478
0.00040478
0.00040478
0.00040478
0.00040478
0.00040478
0.00040478
0.00040478
0.00040478
0.00040478
0.00040478
0.00040478
0.00040478
0.00040478
0.00040478
0.00040478
0.00040478
0.00040478
0.00040478
0.00040478
0.00040478
0.00040478
0.00040478
0.00040478
0.00040478
0.00040478
0.00040478
0.00040478
0.00040478
0.00040478
0.00040478
0.00040478
0.00040478
0.00040478
0.00040478
0.00040478
0.00040478
0.00040478
0.00040478
0.00040478
0.00040478
0.00040478
0.00040478
0.00040478
0.00040478
0.00040478
0.00040478
0.00040478
0.00040478
0.00040478
0.00040478
0.00040478
0.00040478
0.00040478
0.00040478
0.00040478
0.00040478
0.00040478
0.00040478
0.00040478
0.00040478
0.00040478
0.00040478
0.00040478
0.00040478
0.00040478
0.00040478
0.00040478
0.00040478
0.00040478
0.00040478
0.00040478
0.00040478
0.00040478
0.00040478
0.00040478
0.00040478
0.00040478
0.00040478
0.00040478
0.00040478
0.00040478
0.00040478
0.00040478
0.00040478
0.00040478
0.00040478
0.00040478
0.00040478
0.00040478
0.00040478
0.00040478
0.00040478
0.00040478
0.00040478
0.00040478
0.00040478
0.00040478
0.00040478
0.00040478
0.00040478
0.00040478
0.00040478
0.00040478
0.00040478
0.00040478
0.00040478
0.00040478
0.00040478
0.00040478
0.00040478
0.00040478
0.00040478
0.00040478
0.00040478
0.00040478
0.00040478
0.00040478
0.00040478
0.00040478
0.00040478
0.00040478
0.00040478
0.00040478
0.00040478
0.00040478
0.00040478
0.00040478
0.00040478
0.00040478
0.00040478
0.00040478
0.00040478
0.00040478
0.00040478
0.00040478
0.00040478
0.00040478
0.00040478
0.00040478
0.00040478
0.00040478
0.00040478
0.00040478
0.00040478
0.00040478
0.00040478
0.00040478
0.00040478
0.00040478
0.00040478
0.00040478
0.00040478
0.00040478
0.00040478
0.00040478
0.00040478
0.00040478
0.00040478
0.00040478
0.00040478
0.00040478
0.00040478
0.00040478
0.00040478
0.00040478
0.00040478
0.00040478
0.00040478
0.00040478
0.00040478
0.00040478
0.00040478
0.00040478
0.00040478
0.00040478
0.00040478
0.00040478
0.00040478
0.00040478
0.00040478
0.00040478
0.00040478
0.00040478
0.00040478
0.00040478
0.00040478
0.00040478
0.00040478
0.00040478
0.00040478
0.00040478
0.00040478
0.00040478
0.00040478
0.00040478
0.00040478
0.00040478
0.00040478
0.00040478
0.00040478
0.00040478
0.00040478
0.00040478
0.00040478
0.00040478
0.00040478
0.00040478
0.00040478
0.00040478
0.00040478
0.00040478
0.00040478
0.00040478
0.00040478
0.00040478
0.00040478
0.00040478
0.00040478
0.00040478
0.00040478
0.00040478
0.00040478
0.00040478
0.00040478
0.00040478
0.00040478
0.00040478
0.00040478
0.00040478
0.00040478
0.00040478
0.00040478
0.00040478
0.00040478
0.00040478
0.00040478
0.00040478
0.00040478
0.00040478
0.00040478
0.00040478
0.00040478
0.00040478
0.00040478
0.00040478
0.00040478
0.00040478
0.00040478
0.00040478
0.00040478
0.00040478
0.00040478
0.00040478
0.00040478
0.00040478
0.00040478
0.00040478
0.00040478
0.00040478
0.00040478
0.00040478
0.00040478
0.00040478
0.00040478
0.00040478
0.00040478
0.00040478
0.00040478
0.00040478
0.00040478
0.00040478
0.00040478
0.00040478
0.00040478
0.00040478
0.00040478
0.00040478
0.00040478
0.00040478
0.00040478
0.00040478
0.00040478
0.00040478
0.00040478
0.00040478
0.00040478
0.00040478
0.00040478
0.00040478
0.00040478
0.00040478
0.00040478
0.00040478
0.00040478
0.00040478
0.00040478
0.00040478
0.00040478
0.00040478
0.00040478
0.00040478
0.00040478
0.00040478
0.00040478
0.00040478
0.00040478
0.00040478
0.00040478
0.00040478
0.00040478
0.00040478
0.00040478
0.00040478
0.00040478
0.00040478
0.00040478
0.00040478
0.00040478
0.00040478
0.00040478
0.00040478
0.00040478
0.00040478
0.00040478
0.00040478
0.00040478
0.00040478
0.00040478
0.00040478
0.00040478
0.00040478
0.00040478
0.00040478
0.00040478
0.00040478
0.00040478
0.00040478
0.00040478
0.00040478
0.00040478
0.00040478
0.00040478
0.00040478
0.00040478
0.00040478
0.00040478
0.00040478
0.00040478
0.00040478
0.00040478
0.00040478
0.00040478
0.00040478
0.00040478
0.00040478
0.00040478
0.00040478
0.00040478
0.00040478
0.00040478
0.00040478
0.00040478
0.00040478
0.00040478
0.00040478
0.00040478
0.00040478
0.00040478
0.00040478
0.00040478
0.00040478
0.00040478
0.00040478
0.00040478
0.00040478
0.00040478
0.00040478
0.00040478
0.00040478
0.00040478
0.00040478
0.00040478
0.00040478
0.00040478
0.00040478
0.00040478
0.00040478
0.00040478
0.00040478
0.00040478
0.00040478
0.00040478
0.00040478
0.00040478
0.00040478
0.00040478
0.00040478
0.00040478
0.00040478
0.00040478
0.00040478
0.00040478
0.00040478
0.00040478
0.00040478
0.00040478
0.00040478
0.00040478
0.00040478
0.00040478
0.00040478
0.00040478
0.00040478
0.00040478
0.00040478
0.00040478
0.00040478
0.00040478
0.00040478
0.00040478
0.00040478
0.00040478
0.00040478
0.00040478
0.00040478
0.00040478
0.00040478
0.00040478
0.00040478
0.00040478
0.00040478
0.00040478
0.00040478
0.00040478
0.00040478
0.00040478
0.00040478
0.00040478
0.00040478
0.00040478
0.00040478
0.00040478
0.00040478
0.00040478
0.00040478
0.00040478
0.00040478
0.00040478
0.00040478
0.00040478
0.00040478
0.00040478
0.00040478
0.00040478
0.00040478
0.00040478
0.00040478
0.00040478
0.00040478
0.00040478
0.00040478
0.00040478
0.00040478
0.00040478
0.00040478
0.00040478
0.00040478
0.00040478
0.00040478
0.00040478
0.00040478
0.00040478
0.00040478
0.00040478
0.00040478
0.00040478
0.00040478
0.00040478
0.00040478
0.00040478
0.00040478
0.00040478
0.00040478
0.00040478
0.00040478
0.00040478
0.00040478
0.00040478
0.00040478
0.00040478
0.00040478
0.00040478
0.00040478
0.00040478
0.00040478
0.00040478
0.00040478
0.00040478
0.00040478
0.00040478
0.00040478
0.00040478
0.00040478
0.00040478
0.00040478
0.00040478
0.00040478
0.00040478
0.00040478
0.00040478
0.00040478
0.00040478
0.00040478
0.00040478
0.00040478
0.00040478
0.00040478
0.00040478
0.00040478
0.00040478
0.00040478
0.00040478
0.00040478
0.00040478
0.00040478
0.00040478
0.00040478
0.00040478
0.00040478
0.00040478
0.00040478
0.00040478
0.00040478
0.00040478
0.00040478
0.00040478
0.00040478
0.00040478
0.00040478
0.00040478
0.00040478
0.00040478
0.00040478
0.00040478
0.00040478
0.00040478
0.00040478
0.00040478
0.00040478
0.00040478
0.00040478
0.00040478
0.00040478
0.00040478
0.00040478
0.00040478
0.00040478
0.00040478
0.00040478
0.00040478
0.00040478
0.00040478
0.00040478
0.00040478
0.00040478
0.00040478
0.00040478
0.00040478
0.00040478
0.00040478
0.00040478
0.00040478
0.00040478
0.00040478
0.00020239
0.00020239
0.00020239
0.00020239
0.00020239
0.00020239
0.00020239
0.00020239
0.00020239
0.00020239
0.00020239
0.00020239
0.00020239
0.00020239
0.00020239
0.00020239
0.00020239
0.00020239
0.00020239
0.00020239
0.00020239
0.00020239
0.00020239
0.00020239
0.00020239
0.00020239
0.00020239
0.00020239
0.00020239
0.00020239
0.00020239
0.00020239
0.00020239
0.00020239
0.00020239
0.00020239
0.00020239
0.00020239
0.00020239
0.00020239
0.00020239
0.00020239
0.00020239
0.00020239
0.00020239
0.00020239
0.00020239
0.00020239
0.00020239
0.00020239
0.00020239
0.00020239
0.00020239
0.00020239
0.00020239
0.00020239
0.00020239
0.00020239
0.00020239
0.00020239
0.00020239
0.00020239
0.00020239
0.00020239
0.00020239
0.00020239
0.00020239
0.00020239
0.00020239
0.00020239
0.00020239
0.00020239
0.00020239
0.00020239
0.00020239
0.00020239
0.00020239
0.00020239
0.00020239
0.00020239
0.00020239
0.00020239
0.00020239
0.00020239
0.00020239
0.00020239
0.00020239
0.00020239
0.00020239
0.00020239
0.00020239
0.00020239
0.00020239
0.00020239
0.00020239
0.00020239
0.00020239
0.00020239
0.00020239
0.00020239
0.00020239
0.00020239
0.00020239
0.00020239
0.00020239
0.00020239
0.00020239
0.00020239
0.00020239
0.00020239
0.00020239
0.00020239
0.00020239
0.00020239
0.00020239
0.00020239
0.00020239
0.00020239
0.00020239
0.00020239
0.00020239
0.00020239
0.00020239
0.00020239
0.00020239
0.00020239
0.00020239
0.00020239
0.00020239
0.00020239
0.00020239
0.00020239
0.00020239
0.00020239
0.00020239
0.00020239
0.00020239
0.00020239
0.00020239
0.00020239
0.00020239
0.00020239
0.00020239
0.00020239
0.00020239
0.00020239
0.00020239
0.00020239
0.00020239
0.00020239
0.00020239
0.00020239
0.00020239
0.00020239
0.00020239
0.00020239
0.00020239
0.00020239
0.00020239
0.00020239
0.00020239
0.00020239
0.00020239
0.00020239
0.00020239
0.00020239
0.00020239
0.00020239
0.00020239
0.00020239
0.00020239
0.00020239
0.00020239
0.00020239
0.00020239
0.00020239
0.00020239
0.00020239
0.00020239
0.00020239
0.00020239
0.00020239
0.00020239
0.00020239
0.00020239
0.00020239
0.00020239
0.00020239
0.00020239
0.00020239
0.00020239
0.00020239
0.00020239
0.00020239
0.00020239
0.00020239
0.00020239
0.00020239
0.00020239
0.00020239
0.00020239
0.00020239
0.00020239
0.00020239
0.00020239
0.00020239
0.00020239
0.00020239
0.00020239
0.00020239
0.00020239
0.00020239
0.00020239
0.00020239
0.00020239
0.00020239
0.00020239
0.00020239
0.00020239
0.00020239
0.00020239
0.00020239
0.00020239
0.00020239
0.00020239
0.00020239
0.00020239
0.00020239
0.00020239
0.00020239
0.00020239
0.00020239
0.00020239
0.00020239
0.00020239
0.00020239
0.00020239
0.00020239
0.00020239
0.00020239
0.00020239
0.00020239
0.00020239
0.00020239
0.00020239
0.00020239
0.00020239
0.00020239
0.00020239
0.00020239
0.00020239
0.00020239
0.00020239
0.00020239
0.00020239
0.00020239
0.00020239
0.00020239
0.00020239
0.00020239
0.00020239
0.00020239
0.00020239
0.00020239
0.00020239
0.00020239
0.00020239
0.00020239
0.00020239
0.00020239
0.00020239
0.00020239
0.00020239
0.00020239
0.00020239
0.00020239
0.00020239
0.00020239
0.00020239
0.00020239
0.00020239
0.00020239
0.00020239
0.00020239
0.00020239
0.00020239
0.00020239
0.00020239
0.00020239
0.00020239
0.00020239
0.00020239
0.00020239
0.00020239
0.00020239
0.00020239
0.00020239
0.00020239
0.00020239
0.00020239
0.00020239
0.00020239
0.00020239
0.00020239
0.00020239
0.00020239
0.00020239
0.00020239
0.00020239
0.00020239
0.00020239
0.00020239
0.00020239
0.00020239
0.00020239
0.00020239
0.00020239
0.00020239
0.00020239
0.00020239
0.00020239
0.00020239
0.00020239
0.00020239
0.00020239
0.00020239
0.00020239
0.00020239
0.00020239
0.00020239
0.00020239
0.00020239
0.00020239
0.00020239
0.00020239
0.00020239
0.00020239
0.00020239
0.00020239
0.00020239
0.00020239
0.00020239
0.00020239
0.00020239
0.00020239
0.00020239
0.00020239
0.00020239
0.00020239
0.00020239
0.00020239
0.00020239
0.00020239
0.00020239
0.00020239
0.00020239
0.00020239
0.00020239
0.00020239
0.00020239
0.00020239
0.00020239
0.00020239
0.00020239
0.00020239
0.00020239
0.00020239
0.00020239
0.00020239
0.00020239
0.00020239
0.00020239
0.00020239
0.00020239
0.00020239
0.00020239
0.00020239
0.00020239
0.00020239
0.00020239
0.00020239
0.00020239
0.00020239
0.00020239
0.00020239
0.00020239
0.00020239
0.00020239
0.00020239
0.00020239
0.00020239
0.00020239
0.00020239
0.00020239
0.00020239
0.00020239
0.00020239
0.00020239
0.00020239
0.00020239
0.00020239
0.00020239
0.00020239
0.00020239
0.00020239
0.00020239
0.00020239
0.00020239
0.00020239
0.00020239
0.00020239
0.00020239
0.00020239
0.00020239
0.00020239
0.00020239
0.00020239
0.00020239
0.00020239
0.00020239
0.00020239
0.00020239
0.00020239
0.00020239
0.00020239
0.00020239
0.00020239
0.00020239
0.00020239
0.00020239
0.00020239
0.00020239
0.00020239
0.00020239
0.00020239
0.00020239
0.00020239
0.00020239
0.00020239
0.00020239
0.00020239
0.00020239
0.00020239
0.00020239
0.00020239
0.00020239
0.00020239
0.00020239
0.00020239
0.00020239
0.00020239
0.00020239
0.00020239
0.00020239
0.00020239
0.00020239
0.00020239
0.00020239
0.00020239
0.00020239
0.00020239
0.00020239
0.00020239
0.00020239
0.00020239
0.00020239
0.00020239
0.00020239
0.00020239
0.00020239
0.00020239
0.00020239
0.00020239
0.00020239
0.00020239
0.00020239
0.00020239
0.00020239
0.00020239
0.00020239
0.00020239
0.00020239
0.00020239
0.00020239
0.00020239
0.00020239
0.00020239
0.00020239
0.00020239
0.00020239
0.00020239
0.00020239
0.00020239
0.00020239
0.00020239
0.00020239
0.00020239
0.00020239
0.00020239
0.00020239
0.00020239
0.00020239
0.00020239
0.00020239
0.00020239
0.00020239
0.00020239
0.00020239
0.00020239
0.00020239
0.00020239
0.00020239
0.00020239
0.00020239
0.00020239
0.00020239
0.00020239
0.00020239
0.00020239
0.00020239
0.00020239
0.00020239
0.00020239
0.00020239
0.00020239
0.00020239
0.00020239
0.00020239
0.00020239
0.00020239
0.00020239
0.00020239
0.00020239
0.00020239
0.00020239
0.00020239
0.00020239
0.00020239
0.00020239
0.00020239
0.00020239
0.00020239
0.00020239
0.00020239
0.00020239
0.00020239
0.00020239
0.00020239
0.00020239
0.00020239
0.00020239
0.00020239
0.00020239
0.00020239
0.00020239
0.00020239
0.00020239
0.00020239
0.00020239
0.00020239
0.00020239
0.00020239
0.00020239
0.00020239
0.00020239
0.00020239
0.00020239
0.00020239
0.00020239
0.00020239
0.00020239
0.00020239
0.00020239
0.00020239
0.00020239
0.00020239
0.00020239
0.00020239
0.00020239
0.00020239
0.00020239
0.00020239
0.00020239
0.00020239
0.00020239
0.00020239
0.00020239
0.00020239
0.00020239
0.00020239
0.00020239
0.00020239
0.00020239
0.00020239
0.00020239
0.00020239
0.00020239
0.00020239
0.00020239
0.00020239
0.00020239
0.00020239
0.00020239
0.00020239
0.00020239
0.00020239
0.00020239
0.00020239
0.00020239
0.00020239
0.00020239
0.00020239
0.00020239
0.00020239
0.00020239
0.00020239
0.00020239
0.00020239
0.00020239
0.00020239
0.00020239
0.00020239
0.00020239
0.00020239
0.00020239
0.00020239
0.00020239
0.00020239
0.00020239
0.00020239
0.00020239
0.00020239
0.00020239
0.00020239
0.00020239
0.00020239
0.00020239
0.00020239
0.00020239
0.00020239
0.00020239
0.00020239
0.00020239
0.00020239
0.00020239
0.00020239
0.00020239
0.00020239
0.00020239
0.00020239
0.00020239
0.00020239
0.00020239
0.00020239
0.00020239
0.00020239
0.00020239
0.00020239
0.00020239
0.00020239
0.00020239
0.00020239
0.00020239
0.00020239
0.00020239
0.00020239
0.00020239
0.00020239
0.00020239
0.00020239
0.00020239
0.00020239
0.00020239
0.00020239
0.00020239
0.00020239
0.00020239
0.00020239
0.00020239
0.00020239
0.00020239
0.00020239
0.00020239
0.00020239
0.00020239
0.00020239
0.00020239
0.00020239
0.00020239
0.00020239
0.00020239
0.00020239
0.00020239
0.00020239
0.00020239
0.00020239
0.00020239
0.00020239
0.00020239
0.00020239
0.00020239
0.00020239
0.00020239
0.00020239
0.00020239
0.00020239
0.00020239
0.00020239
0.00020239
0.00020239
0.00020239
0.00020239
0.00020239
0.00020239
0.00020239
0.00020239
0.00020239
0.00020239
0.00020239
0.00020239
0.00020239
0.00020239
0.00020239
0.00020239
0.00020239
0.00020239
0.00020239
0.00020239
0.00020239
0.00020239
0.00020239
0.00020239
0.00020239
0.00020239
0.00020239
0.00020239
0.00020239
0.00020239
0.00020239
0.00020239
0.00020239
0.00020239
0.00020239
0.00020239
0.00020239
0.00020239
0.00020239
0.00020239
0.00020239
0.00020239
0.00020239
0.00020239
0.00020239
0.00020239
0.00020239
0.00020239
0.00020239
0.00020239
0.00020239
0.00020239
0.00020239
0.00020239
0.00020239
0.00020239
0.00020239
0.00020239
0.00020239
0.00020239
0.00020239
0.00020239
0.00020239
0.00020239
0.00020239
0.00020239
0.00020239
0.00020239
0.00020239
0.00020239
0.00020239
0.00020239
0.00020239
0.00020239
0.00020239
0.00020239
0.00020239
0.00020239
0.00020239
0.00020239
0.00020239
0.00020239
0.00020239
0.00020239
0.00020239
0.00020239
0.00020239
0.00020239
0.00020239
0.00020239
0.00020239
0.00020239
0.00020239
0.00020239
0.00020239
0.00020239
0.00020239
0.00020239
0.00020239
0.00020239
0.00020239
0.00020239
0.00020239
0.00020239
0.00020239
0.00020239
0.00020239
0.00020239
0.00020239
0.00020239
0.00020239
0.00020239
0.00020239
0.00020239
0.00020239
0.00020239
0.00020239
0.00020239
0.00020239
0.00020239
0.00020239
0.00020239
0.00020239
0.00020239
0.00020239
0.00020239
0.00020239
0.00020239
0.00020239
0.00020239
0.00020239
0.00020239
0.00020239
0.00020239
0.00020239
0.00020239
0.00020239
0.00020239
0.00020239
0.00020239
0.00020239
0.00020239
0.00020239
0.00020239
0.00020239
0.00020239
0.00020239
0.00020239
0.00020239
0.00020239
0.00020239
0.00020239
0.00020239
0.00020239
0.00020239
0.00020239
0.00020239
0.00020239
0.00020239
0.00020239
0.00020239
0.00020239
0.00020239
0.00020239
0.00020239
0.00020239
0.00020239
0.00020239
0.00020239
0.00020239
0.00020239
0.00020239
0.00020239
0.00020239
0.00020239
0.00020239
0.00020239
0.00020239
0.00020239
0.00020239
0.00020239
0.00020239
0.00020239
0.00020239
0.00020239
0.00020239
0.00020239
0.00020239
0.00020239
0.00020239
0.00020239
0.00020239
0.00020239
0.00020239
0.00020239
0.00020239
0.00020239
0.00020239
0.00020239
0.00020239
0.00020239
0.00020239
0.00020239
0.00020239
0.00020239
0.00020239
0.00020239
0.00020239
0.00020239
0.00020239
0.00020239
0.00020239
0.00020239
0.00020239
0.00020239
0.00020239
0.00020239
0.00020239
0.00020239
0.00020239
0.00020239
0.00020239
0.00020239
0.00020239
0.00020239
0.00020239
0.00020239
0.00020239
0.00020239
0.00020239
0.00020239
0.00020239
0.00020239
0.00020239
0.00020239
0.00020239
0.00020239
0.00020239
0.00020239
0.00020239
0.00020239
0.00020239
0.00020239
0.00020239
0.00020239
0.00020239
0.00020239
0.00020239
0.00020239
0.00020239
0.00020239
0.00020239
0.00020239
0.00020239
0.00020239
0.00020239
0.00020239
0.00020239
0.00020239
0.00020239
0.00020239
0.00020239
0.00020239
0.00020239
0.00020239
0.00020239
0.00020239
0.00020239
0.00020239
0.00020239
0.00020239
0.00020239
0.00020239
0.00020239
0.00020239
0.00020239
0.00020239
0.00020239
0.00020239
0.00020239
0.00020239
0.00020239
0.00020239
0.00020239
0.00020239
0.00020239
0.00020239
0.00020239
0.00020239
0.00020239
0.00020239
0.00020239
0.00020239
0.00020239
0.00020239
0.00020239
0.00020239
0.00020239
0.00020239
0.00020239
0.00020239
0.00020239
0.00020239
0.00020239
0.00020239
0.00020239
0.00020239
0.00020239
0.00020239
0.00020239
0.00020239
0.00020239
0.00020239
0.00020239
0.00020239
0.00020239
0.00020239
0.00020239
0.00020239
0.00020239
0.00020239
0.00020239
0.00020239
0.00020239
0.00020239
0.00020239
0.00020239
0.00020239
0.00020239
0.00020239
0.00020239
0.00020239
0.00020239
0.00020239
0.00020239
0.00020239
0.00020239
0.00020239
0.00020239
0.00020239
0.00020239
0.00020239
0.00020239
0.00020239
0.00020239
0.00020239
0.00020239
0.00020239
0.00020239
0.00020239
0.00020239
0.00020239
0.00020239
0.00020239
0.00020239
0.00020239
0.00020239
0.00020239
0.00020239
0.00020239
0.00020239
0.00020239
0.00020239
0.00020239
0.00020239
0.00020239
0.00020239
0.00020239
0.00020239
0.00020239
0.00020239
0.00020239
0.00020239
0.00020239
0.00020239
0.00020239
0.00020239
0.00020239
0.00020239
0.00020239
0.00020239
0.00020239
0.00020239
0.00020239
0.00020239
0.00020239
0.00020239
0.00020239
0.00020239
0.00020239
0.00020239
0.00020239
0.00020239
0.00020239
0.00020239
0.00020239
0.00020239
0.00020239
0.00020239
0.00020239
0.00020239
0.00020239
0.00020239
0.00020239
0.00020239
0.00020239
0.00020239
0.00020239
0.00020239
0.00020239
0.00020239
0.00020239
0.00020239
0.00020239
0.00020239
0.00020239
0.00020239
0.00020239
0.00020239
0.00020239
0.00020239
0.00020239
0.00020239
0.00020239
0.00020239
0.00020239
0.00020239
0.00020239
0.00020239
0.00020239
0.00020239
0.00020239
0.00020239
0.00020239
0.00020239
0.00020239
0.00020239
0.00020239
0.00020239
0.00020239
0.00020239
0.00020239
0.00020239
0.00020239
0.00020239
0.00020239
0.00020239
0.00020239
0.00020239
0.00020239
0.00020239
0.00020239
0.00020239
0.00020239
0.00020239
0.00020239
0.00020239
0.00020239
0.00020239
0.00020239
0.00020239
0.00020239
0.00020239
0.00020239
0.00020239
0.00020239
0.00020239
0.00020239
0.00020239
0.00020239
0.00020239
0.00020239
0.00020239
0.00020239
0.00020239
0.00020239
0.00020239
0.00020239
0.00020239
0.00020239
0.00020239
0.00020239
0.00020239
0.00020239
0.00020239
0.00020239
0.00020239
0.00020239
0.00020239
0.00020239
0.00020239
0.00020239
0.00020239
0.00020239
0.00020239
0.00020239
0.00020239
0.00020239
0.00020239
0.00020239
0.00020239
0.00020239
0.00020239
0.00020239
0.00020239
0.00020239
0.00020239
0.00020239
0.00020239
0.00020239
0.00020239
0.00020239
0.00020239
0.00020239
0.00020239
0.00020239
0.00020239
0.00020239
0.00020239
0.00020239
0.00020239
0.00020239
0.00020239
0.00020239
0.00020239
0.00020239
0.00020239
0.00020239
0.00020239
0.00020239
0.00020239
0.00020239
0.00020239
0.00020239
0.00020239
0.00020239
0.00020239
0.00020239
0.00020239
0.00020239
0.00020239
0.00020239
0.00020239
0.00020239
0.00020239
0.00020239
0.00020239
0.00020239
0.00020239
0.00020239
0.00020239
0.00020239
0.00020239
0.00020239
0.00020239
0.00020239
0.00020239
0.00020239
0.00020239
0.00020239
0.00020239
0.00020239
0.00020239
0.00020239
0.00020239
0.00020239
0.00020239
0.00020239
0.00020239
0.00020239
0.00020239
0.00020239
0.00020239
0.00020239
0.00020239
0.00020239
0.00020239
0.00020239
0.00020239
0.00020239
0.00020239
0.00020239
0.00020239
0.00020239
0.00020239
0.00020239
0.00020239
0.00020239
0.00020239
0.00020239
0.00020239
0.00020239
0.00020239
0.00020239
0.00020239
0.00020239
0.00020239
0.00020239
0.00020239
0.00020239
0.00020239
0.00020239
0.00020239
0.00020239
0.00020239
0.00020239
0.00020239
0.00020239
0.00020239
0.00020239
0.00020239
0.00020239
0.00020239
0.00020239
0.00020239
0.00020239
0.00020239
0.00020239
0.00020239
0.00020239
0.00020239
0.00020239
0.00020239
0.00020239
0.00020239
0.00020239
0.00020239
0.00020239
0.00020239
0.00020239
0.00020239
0.00020239
0.00020239
0.00020239
0.00020239
0.00020239
0.00020239
0.00020239
0.00020239
0.00020239
0.00020239
0.00020239
0.00020239
0.00020239
0.00020239
0.00020239
0.00020239
0.00020239
0.00020239
0.00020239
0.00020239
0.00020239
0.00020239
0.00020239
0.00020239
0.00020239
0.00020239
0.00020239
0.00020239
0.00020239
0.00020239
0.00020239
0.00020239
0.00020239
0.00020239
0.00020239
0.00020239
0.00020239
0.00020239
0.00020239
0.00020239
0.00020239
0.00020239
0.00020239
0.00020239
0.00020239
0.00020239
0.00020239
0.00020239
0.00020239
0.00020239
0.00020239
0.00020239
0.00020239
0.00020239
0.00020239
0.00020239
0.00020239
0.00020239
0.00020239
0.00020239
0.00020239
0.00020239
0.00020239
0.00020239
0.00020239
0.00020239
0.00020239
0.00020239
0.00020239
0.00020239
0.00020239
0.00020239
0.00020239
0.00020239
0.00020239
0.00020239
0.00020239
0.00020239
0.00020239
0.00020239
0.00020239
0.00020239
0.00020239
0.00020239
0.00020239
0.00020239
0.00020239
0.00020239
0.00020239
0.00020239
0.00020239
0.00020239
0.00020239
0.00020239
0.00020239
0.00020239
0.00020239
0.00020239
0.00020239
0.00020239
0.00020239
0.00020239
0.00020239
0.00020239
0.00020239
0.00020239
0.00020239
0.00020239
0.00020239
0.00020239
0.00020239
0.00020239
0.00020239
0.00020239
0.00020239
0.00020239
0.00020239
0.00020239
0.00020239
0.00020239
0.00020239
0.00020239
0.00020239
0.00020239
0.00020239
0.00020239
0.00020239
0.00020239
0.00020239
0.00020239
0.00020239
0.00020239
0.00020239
0.00020239
0.00020239
0.00020239
0.00020239
0.00020239
0.00020239
0.00020239
0.00020239
0.00020239
0.00020239
0.00020239
0.00020239
0.00020239
0.00020239
0.00020239
0.00020239
0.00020239
0.00020239
0.00020239
0.00020239
0.00020239
0.00020239
0.00020239
0.00020239
0.00020239
0.00020239
0.00020239
0.00020239
0.00020239
0.00020239
0.00020239
0.00020239
0.00020239
0.00020239
0.00020239
0.00020239
0.00020239
0.00020239
0.00020239
0.00020239
0.00020239
0.00020239
0.00020239
0.00020239
0.00020239
0.00020239
0.00020239
0.00020239
0.00020239
0.00020239
0.00020239
0.00020239
0.00020239
0.00020239
0.00020239
0.00020239
0.00020239
0.00020239
0.00020239
0.00020239
0.00020239
0.00020239
0.00020239
0.00020239
0.00020239
0.00020239
0.00020239
0.00020239
0.00020239
0.00020239
0.00020239
0.00020239
0.00020239
0.00020239
0.00020239
0.00020239
0.00020239
0.00020239
0.00020239
0.00020239
0.00020239
0.00020239
0.00020239
0.00020239
0.00020239
0.00020239
0.00020239
0.00020239
0.00020239
0.00020239
0.00020239
0.00020239
0.00020239
0.00020239
0.00020239
0.00020239
0.00020239
0.00020239
0.00020239
0.00020239
0.00020239
0.00020239
0.00020239
0.00020239
0.00020239
0.00020239
0.00020239
0.00020239
0.00020239
0.00020239
0.00020239
0.00020239
0.00020239
0.00020239
0.00020239
0.00020239
0.00020239
0.00020239
0.00020239
0.00020239
0.00020239
0.00020239
0.00020239
0.00020239
0.00020239
0.00020239
0.00020239
0.00020239
0.00020239
0.00020239
0.00020239
0.00020239
0.00020239
0.00020239
0.00020239
0.00020239
0.00020239
0.00020239
0.00020239
0.00020239
0.00020239
0.00020239
0.00020239
0.00020239
0.00020239
0.00020239
0.00020239
0.00020239
0.00020239
0.00020239
0.00020239
0.00020239
0.00020239
0.00020239
0.00020239
0.00020239
0.00020239
0.00020239
0.00020239
0.00020239
0.00020239
0.00020239
0.00020239
0.00020239
0.00020239
0.00020239
0.00020239
0.00020239
0.00020239
0.00020239
0.00020239
0.00020239
0.00020239
0.00020239
0.00020239
0.00020239
0.00020239
0.00020239
0.00020239
0.00020239
0.00020239
0.00020239
0.00020239
0.00020239
0.00020239
0.00020239
0.00020239
0.00020239
0.00020239
0.00020239
0.00020239
0.00020239
0.00020239
0.00020239
0.00020239
0.00020239
0.00020239
0.00020239
0.00020239
0.00020239
0.00020239
0.00020239
0.00020239
0.00020239
0.00020239
0.00020239
0.00020239
0.00020239
0.00020239
0.00020239
0.00020239
0.00020239
0.00020239
0.00020239
0.00020239
0.00020239
0.00020239
0.00020239
0.00020239
0.00020239
0.00020239
0.00020239
0.00020239
0.00020239
0.00020239
0.00020239
0.00020239
0.00020239
0.00020239
0.00020239
0.00020239
0.00020239
0.00020239
0.00020239
0.00020239
0.00020239
0.00020239
0.00020239
0.00020239
0.00020239
0.00020239
0.00020239
0.00020239
0.00020239
0.00020239
0.00020239
0.00020239
0.00020239
0.00020239
0.00020239
0.00020239
0.00020239
0.00020239
0.00020239
0.00020239
0.00020239
0.00020239
0.00020239
0.00020239
0.00020239
0.00020239
0.00020239
0.00020239
0.00020239
0.00020239
0.00020239
0.00020239
0.00020239
0.00020239
0.00020239
0.00020239
0.00020239
0.00020239
0.00020239
0.00020239
0.00020239
0.00020239
0.00020239
0.00020239
0.00020239
0.00020239
0.00020239
0.00020239
0.00020239
0.00020239
0.00020239
0.00020239
0.00020239
0.00020239
0.00020239
0.00020239
0.00020239
0.00020239
0.00020239
0.00020239
0.00020239
0.00020239
0.00020239
0.00020239
