9
10
8
13
3
11
4
5
6
16
0
24
33
28
31
29
2
1
17
7
22
20
140
75
37
47
25
87
38
70
67
15
58
23
78
60
42
34
50
88
18
53
130
19
93
26
40
71
161
73
107
248
156
109
72
224
139
30
27
90
230
113
205
255
112
212
56
220
236
214
208
247
80
250
257
238
108
52
151
135
206
232
226
204
246
218
158
99
45
194
216
225
188
202
249
243
233
241
223
210
256
39
14
74
61
95
155
21
35
12
165
55
91
148
97
114
142
98
163
254
65
110
123
183
200
44
54
118
152
186
187
36
129
171
199
145
102
184
189
137
211
217
222
227
231
240
245
251
48
116
125
167
159
169
49
62
41
32
64
69
66
96
143
146
131
168
177
192
46
81
84
92
172
57
76
68
83
85
121
127
149
150
160
115
153
176
182
193
43
51
82
86
101
132
180
196
103
104
117
120
111
122
133
154
124
59
63
77
79
89
105
126
128
138
147
157
175
197
198
162
181
119
164
179
136
174
185
173
195
106
178
134
166
190
141
94
144
191
170
100
242
201
203
207
209
213
215
219
221
228
229
234
235
237
239
244
252
253
258
259
