0
10
7
8
3
4
6
17
39
9
14
30
5
2
31
40
59
60
1
11
13
12
21
37
42
18
86
23
47
54
20
51
46
34
26
87
19
78
49
48
16
103
61
76
154
33
190
62
254
228
173
139
22
184
296
233
55
290
210
260
36
118
278
266
284
242
308
302
248
215
275
262
286
250
195
236
96
310
238
226
205
223
298
65
244
316
82
292
222
102
314
230
273
280
211
204
304
213
256
268
232
122
32
104
35
224
257
188
253
261
69
307
212
239
206
279
317
300
287
200
293
309
245
271
218
277
27
112
66
71
126
52
53
67
133
158
98
43
29
124
127
187
45
85
90
24
41
56
79
99
115
168
175
50
220
94
161
177
176
114
146
148
272
202
208
214
229
231
237
243
252
255
263
270
281
285
291
301
306
311
315
15
88
159
169
180
198
81
140
155
163
164
38
84
83
97
183
152
189
64
181
75
156
171
276
58
70
95
109
113
135
136
137
144
151
162
178
179
182
110
123
25
28
105
80
91
93
131
134
160
57
72
106
117
128
130
149
192
44
121
145
172
63
107
119
120
141
197
68
77
132
174
196
150
170
89
116
147
74
92
108
129
142
143
191
194
186
167
73
138
166
185
193
157
111
165
153
101
125
100
199
201
203
207
209
240
216
217
219
221
225
227
234
235
318
241
246
247
249
251
258
259
264
265
267
269
274
282
283
288
289
294
295
297
299
303
305
312
313
319
