6
7
11
3
8
5
13
0
15
2
16
37
19
9
25
27
49
26
39
1
55
32
10
18
14
72
33
22
30
24
73
31
71
44
42
45
99
81
107
105
50
62
21
64
46
51
63
114
77
143
36
75
100
131
66
101
95
172
152
41
121
162
163
61
90
108
88
199
12
196
165
54
102
17
65
29
38
129
35
76
120
130
43
58
86
113
125
195
23
80
175
91
140
185
57
94
124
154
158
115
135
48
20
40
53
144
110
109
85
96
187
126
232
60
67
141
153
176
112
190
98
138
28
93
122
137
184
34
128
166
191
70
179
150
180
155
145
170
4
47
52
59
189
200
139
149
171
74
127
133
178
186
69
82
103
106
118
159
160
56
87
89
92
132
134
177
182
201
117
148
157
167
168
173
181
194
198
68
84
123
188
192
193
161
151
202
83
164
169
156
183
111
197
203
78
79
104
119
97
204
174
211
142
205
136
206
116
207
147
208
209
210
212
213
214
146
215
216
217
218
219
220
221
222
223
224
225
226
227
228
229
230
231
233
234
235
236
237
238
239
