0
9
6
11
10
3
19
12
7
1
47
2
16
8
21
37
51
15
27
13
86
38
25
26
46
14
29
18
62
45
28
41
35
89
23
90
4
75
58
140
44
159
31
32
92
91
77
55
99
57
114
108
56
120
50
36
128
72
22
163
181
121
190
196
180
20
135
152
42
119
157
49
182
73
129
227
17
80
34
48
70
130
66
82
154
150
165
195
40
59
115
43
97
139
178
170
145
185
240
247
5
39
110
111
198
106
127
78
125
52
177
64
98
134
166
175
94
147
199
176
212
143
224
226
234
238
242
255
262
264
269
205
63
71
164
197
84
88
102
202
107
204
101
174
208
210
214
216
218
220
222
229
232
236
272
244
246
250
252
254
259
258
266
268
273
276
278
68
87
95
131
137
156
158
173
184
187
189
200
74
85
96
162
76
103
109
172
188
194
24
60
65
100
116
132
167
193
30
67
112
117
118
149
171
61
69
124
79
93
123
133
136
141
142
161
54
105
113
192
81
33
151
153
155
53
104
122
206
144
83
138
168
146
148
183
160
191
169
211
126
179
186
228
230
203
248
256
260
270
274
201
207
209
213
215
217
219
221
223
225
231
233
235
237
239
241
243
245
249
251
253
257
261
263
265
267
271
275
277
