10
6
200
1
0
8
12
14
17
7
13
9
4
2
42
21
16
38
43
31
18
3
33
11
76
30
105
28
5
100
61
86
27
55
68
82
53
102
23
47
63
20
75
39
97
41
77
152
85
32
34
94
79
195
19
26
66
81
58
83
51
57
67
198
48
119
25
96
40
60
52
69
36
118
159
72
74
107
98
139
46
24
91
155
15
173
65
103
129
134
108
126
143
109
135
161
191
37
140
70
56
169
112
138
78
186
181
87
104
147
184
190
64
114
131
106
177
185
29
125
142
49
144
35
44
73
89
95
136
141
189
54
90
122
127
132
151
183
80
113
156
168
187
163
174
22
45
88
158
179
110
130
84
92
123
124
145
149
182
188
199
50
59
162
170
194
128
164
175
180
117
137
101
111
115
120
153
154
160
167
150
62
71
93
165
196
197
133
171
193
99
121
146
176
148
116
172
166
157
192
178
