6
12
7
11
0
3
8
2
14
54
9
29
10
45
26
62
17
15
43
48
21
27
49
19
93
88
36
25
4
51
64
18
55
37
85
73
70
57
84
47
40
79
35
60
30
83
16
5
13
163
44
161
112
108
80
117
157
39
146
348
173
132
20
61
474
555
601
38
303
402
240
90
366
276
204
285
109
591
432
231
618
627
294
249
510
258
524
564
438
645
519
537
501
321
528
456
59
447
420
375
582
222
267
483
546
465
573
357
339
492
178
92
384
411
213
330
609
22
312
393
636
603
58
74
168
569
24
76
426
207
172
193
608
362
263
479
404
551
337
416
221
458
538
515
310
616
550
333
436
273
282
322
590
233
245
356
581
396
372
448
261
502
631
467
643
567
209
352
478
296
494
410
596
640
383
514
299
242
116
66
105
53
68
149
23
106
82
86
99
192
127
175
180
317
326
434
470
488
506
533
542
560
614
623
641
428
430
481
28
63
95
114
200
33
42
91
179
171
182
75
101
87
156
227
236
254
272
290
308
335
344
583
389
398
443
452
461
497
632
202
211
215
217
219
223
225
229
235
238
244
247
251
253
256
265
269
271
277
278
284
286
288
292
298
301
305
307
314
316
323
328
341
343
346
350
354
358
360
364
368
370
374
376
378
381
385
387
391
400
406
408
412
414
418
422
424
440
442
449
454
460
463
469
472
476
485
487
490
496
503
508
512
517
521
523
526
530
532
539
544
548
553
557
559
562
571
575
577
579
585
588
592
594
599
597
606
610
612
620
622
625
629
634
638
647
649
123
190
197
199
31
96
124
142
78
181
34
50
139
152
166
131
198
100
107
154
206
205
257
259
279
318
324
329
331
392
394
444
450
498
504
534
540
563
565
1
71
94
137
191
46
69
110
141
176
186
196
98
128
134
153
177
32
169
77
89
97
130
145
170
72
81
118
133
143
148
159
167
188
194
41
104
120
121
126
136
189
195
113
119
122
129
138
218
111
115
160
52
65
125
165
67
135
147
158
185
151
183
184
150
56
102
155
630
162
164
103
144
140
281
584
174
509
353
187
371
380
407
425
578
587
605
203
201
208
212
210
214
216
220
224
226
230
228
232
234
239
237
241
243
248
246
250
252
255
260
262
266
264
268
270
275
274
280
283
287
289
293
291
295
297
302
300
304
306
311
309
313
315
320
319
325
327
332
334
338
336
340
342
347
345
349
351
355
359
361
365
363
367
369
373
377
379
382
386
388
390
395
397
401
399
403
405
409
413
415
419
417
421
423
429
427
431
433
437
435
439
441
446
445
451
455
453
457
459
464
462
466
468
473
471
475
477
482
480
484
604
486
491
489
493
495
500
499
505
507
511
513
518
516
520
522
527
525
529
531
536
535
541
545
543
547
549
554
552
556
558
561
566
568
572
570
574
576
580
586
589
593
595
600
598
602
607
611
613
617
615
619
621
626
624
628
635
633
637
639
644
642
646
648
