6
9
7
8
27
0
1
10
17
14
13
15
28
18
35
20
19
16
5
64
22
30
3
24
38
2
32
11
12
31
53
73
4
45
94
44
49
103
85
102
26
82
89
29
48
43
139
54
76
39
79
137
193
55
194
63
110
178
33
165
25
169
97
23
153
114
149
170
135
160
179
132
37
60
84
46
150
116
58
190
78
120
156
174
143
92
105
118
133
36
180
90
77
124
126
88
93
111
121
66
98
86
96
40
131
145
182
50
81
187
144
154
127
91
113
61
158
65
130
151
189
67
69
21
41
138
72
115
196
42
74
177
95
166
108
168
162
34
123
159
175
181
185
195
200
47
125
146
199
109
117
142
56
83
141
183
129
191
75
184
192
59
87
122
134
161
173
186
198
201
57
99
128
147
197
68
80
100
101
62
107
148
171
172
51
71
136
52
119
140
176
112
164
202
104
70
157
152
155
203
163
204
206
106
188
167
205
207
208
209
210
211
212
215
213
214
216
217
218
219
220
221
222
223
224
225
226
227
228
229
