9
0
10
6
12
17
2
7
37
11
18
1
27
68
43
94
13
8
16
89
35
5
32
28
25
29
24
44
20
14
33
30
21
31
34
61
42
148
47
108
92
83
38
4
76
72
143
22
118
57
56
52
36
64
100
15
169
3
162
172
303
136
366
240
267
452
321
144
555
501
618
591
204
519
474
384
213
285
600
402
231
336
510
40
393
258
483
294
375
357
152
429
479
573
456
438
560
492
347
167
537
48
86
627
312
609
447
636
330
222
420
411
465
645
276
546
45
62
249
582
69
528
564
126
115
488
96
389
335
188
339
123
307
192
184
236
515
348
313
443
250
433
388
297
576
399
630
371
365
271
417
227
617
588
467
215
633
327
529
514
410
559
318
608
547
224
356
275
539
476
289
579
262
497
599
644
434
205
26
139
46
82
19
155
102
149
41
97
131
23
59
140
380
461
470
551
569
39
49
71
124
125
200
58
112
88
209
66
109
55
177
218
106
54
127
198
245
254
197
263
281
290
299
308
425
292
506
524
533
542
578
596
605
623
641
206
211
217
220
226
229
233
235
541
238
242
244
251
256
260
265
269
273
277
279
283
287
301
305
392
314
535
320
322
324
329
331
333
397
340
341
345
349
351
354
358
360
363
367
369
373
377
379
382
386
391
401
403
405
408
412
414
419
421
423
427
431
436
440
442
445
449
451
454
458
460
463
469
472
478
481
485
487
490
494
496
499
503
505
508
512
517
521
523
530
548
553
557
610
562
566
568
571
583
584
590
592
594
598
603
612
615
619
621
625
635
637
639
643
648
67
79
153
74
117
132
93
65
147
107
101
178
186
60
145
201
207
246
252
293
295
309
315
342
395
525
531
543
549
572
574
585
601
606
626
628
646
73
84
90
105
111
70
120
129
193
53
80
81
110
151
156
160
196
199
130
163
95
99
104
133
161
173
63
85
122
170
174
190
51
75
78
195
134
182
77
119
135
157
179
183
87
116
164
165
166
50
141
176
180
154
159
181
185
98
171
91
137
128
191
175
121
158
138
113
103
114
146
187
272
168
150
194
189
317
326
142
344
353
221
362
398
407
416
587
614
632
203
202
208
212
210
214
216
219
223
225
230
228
232
234
239
237
241
243
248
247
253
257
255
259
261
266
264
268
270
274
278
280
284
282
286
288
291
296
298
302
300
304
306
311
310
316
319
323
325
328
332
334
338
390
337
343
346
350
352
355
359
361
364
368
370
374
372
376
378
383
381
385
387
394
396
400
404
406
409
413
415
418
422
424
428
426
430
432
437
435
439
441
446
444
448
450
455
453
457
459
464
462
466
468
473
471
475
477
482
480
484
486
491
489
493
495
500
498
502
504
509
507
511
513
518
516
520
522
527
526
532
536
534
538
540
545
544
550
554
552
556
558
563
561
565
567
570
575
577
581
580
586
589
593
595
597
602
604
607
611
613
616
620
622
624
629
631
634
638
640
642
647
649
