0
12
5
7
9
20
3
18
6
8
17
15
21
32
4
10
50
41
2
45
34
25
38
13
127
14
11
33
37
31
19
16
103
57
44
90
23
46
102
55
56
30
63
107
94
73
186
98
53
80
76
151
27
96
111
87
144
68
97
175
24
49
134
161
156
66
131
26
136
42
1
84
114
150
35
79
88
126
36
43
82
125
29
60
93
78
100
154
91
77
146
39
121
132
165
185
148
61
72
81
180
190
135
139
47
54
64
92
152
140
197
28
130
155
162
170
174
193
138
120
65
104
182
69
48
89
143
62
157
168
108
210
22
40
51
74
75
85
109
116
124
163
166
167
176
199
200
122
58
67
115
159
178
52
101
145
173
183
192
196
172
184
71
106
158
83
86
99
119
149
164
201
112
141
198
70
123
129
147
177
59
113
137
110
117
118
171
194
195
202
189
181
105
187
191
128
160
179
203
95
169
133
204
205
142
153
206
188
207
208
209
211
212
213
214
215
216
217
218
219
220
221
226
222
223
224
225
227
228
229
