0
4
9
8
6
7
16
15
22
32
18
5
31
11
55
29
10
14
27
3
37
24
48
61
23
36
20
13
82
97
47
28
126
12
26
80
86
74
145
75
139
38
46
72
69
92
73
19
42
49
99
62
113
105
34
33
56
133
165
25
143
44
184
104
111
134
106
108
40
63
141
193
17
59
103
117
71
35
88
2
30
52
199
136
107
109
288
1
89
156
174
100
96
150
151
90
168
65
118
152
79
290
81
119
125
148
142
76
95
112
171
21
53
132
149
115
160
188
159
144
226
230
232
234
242
250
258
260
262
264
269
282
286
293
296
298
57
101
131
170
127
179
182
201
54
183
203
140
157
205
93
78
207
210
212
214
216
217
220
222
224
254
228
274
236
238
240
244
245
248
252
256
265
268
272
277
276
280
284
292
58
77
94
122
124
128
138
153
166
175
191
200
172
197
146
51
102
43
50
70
83
120
155
167
194
202
45
177
187
196
67
91
85
135
137
164
181
41
60
98
154
158
204
39
68
114
121
180
84
87
189
206
110
161
192
123
208
66
185
186
173
130
129
176
178
64
169
162
163
195
116
147
218
198
190
241
246
261
266
270
278
285
294
209
211
213
215
219
221
223
225
227
229
231
233
235
237
239
243
247
249
291
251
253
255
257
259
263
267
271
273
275
279
281
283
287
289
295
297
