13
16
0
11
7
9
8
5
19
10
12
14
36
22
3
26
30
34
6
33
24
4
40
27
20
71
48
65
37
62
64
17
74
79
92
82
38
42
32
39
29
86
81
44
52
141
80
171
43
45
21
132
131
91
55
57
15
102
134
88
66
28
98
78
31
101
76
170
137
60
181
85
130
107
100
90
58
51
119
77
61
70
128
168
56
118
142
54
63
96
115
127
138
193
224
1
97
161
163
72
83
108
23
150
160
46
197
185
199
191
167
110
122
210
228
236
238
2
18
104
186
189
25
183
187
149
155
41
157
129
89
176
202
121
73
204
206
208
212
215
214
218
221
220
226
229
232
234
50
67
68
75
177
200
140
99
106
123
47
49
93
146
152
165
172
184
116
162
174
188
35
117
133
145
114
120
135
154
190
103
166
53
87
124
148
151
159
178
111
112
173
175
198
126
139
158
164
109
147
59
69
169
113
156
143
153
192
195
105
194
179
180
94
95
125
196
144
182
136
84
216
223
222
230
239
201
203
205
207
209
211
213
217
219
225
227
231
233
235
237
