0
7
6
9
8
14
12
20
11
200
17
35
10
15
24
21
39
18
26
2
33
1
4
19
53
47
45
58
43
73
23
38
120
78
36
94
22
31
64
104
27
70
116
56
48
103
49
150
74
66
63
139
28
88
160
117
29
107
148
30
57
54
85
84
46
132
184
41
90
60
55
151
190
159
180
32
81
105
109
79
125
52
67
68
112
128
137
140
154
75
111
143
16
34
177
182
110
61
173
191
37
135
198
129
100
127
187
89
118
174
153
5
62
114
179
13
44
121
59
50
147
76
93
123
77
138
82
119
172
3
25
80
113
134
145
165
175
188
199
98
102
161
178
181
42
146
162
195
72
91
157
158
97
83
130
133
149
169
185
51
69
86
87
96
141
155
164
171
176
189
193
92
95
101
124
131
71
106
152
99
108
167
170
65
40
126
168
196
194
142
144
183
136
115
192
166
122
156
163
186
197
