0
3
7
6
12
13
2
30
24
4
10
8
23
50
9
68
17
49
72
21
28
5
47
33
16
32
20
53
80
92
82
111
31
70
76
41
52
51
110
43
19
18
139
35
101
168
150
46
29
75
78
147
22
69
90
120
79
39
26
65
38
156
97
125
144
107
177
66
93
114
185
112
106
42
175
181
84
48
164
25
113
108
61
140
95
14
27
64
133
37
193
36
103
171
155
151
179
15
132
96
11
34
67
81
40
56
115
122
54
192
59
152
86
172
58
100
136
159
44
85
88
94
99
128
183
195
60
148
102
154
173
124
184
74
89
104
116
180
188
196
197
98
176
160
1
45
62
71
127
130
161
178
200
73
105
135
137
146
117
126
143
166
169
121
123
129
158
201
118
157
167
182
57
83
138
145
153
190
141
162
170
187
189
55
63
202
77
142
186
134
163
191
203
87
119
131
174
91
204
198
205
206
233
207
199
208
149
209
210
211
212
213
214
194
215
109
216
217
248
218
219
229
220
221
222
223
224
225
165
226
227
228
230
231
232
234
235
236
237
238
239
240
241
242
243
244
245
246
247
249
