2
6
0
7
8
9
11
16
13
24
3
34
15
12
39
64
27
17
44
1
4
46
42
22
30
21
106
62
98
89
48
14
74
26
20
86
25
40
32
31
56
166
60
23
41
168
101
18
67
110
128
5
37
10
68
36
73
65
50
280
129
33
265
43
275
177
260
285
58
270
122
290
235
250
245
240
92
255
226
71
231
216
107
66
211
205
295
96
144
220
201
52
136
57
59
35
127
90
257
55
99
94
114
150
54
72
115
161
75
192
286
19
28
69
103
141
200
197
87
97
113
171
198
140
117
194
186
78
184
119
165
182
210
149
137
215
225
230
206
221
236
241
246
251
261
266
271
276
281
291
296
81
80
84
121
175
91
79
133
160
83
38
100
179
203
208
213
218
223
228
233
238
243
248
253
256
263
268
273
278
283
288
293
298
29
139
156
157
170
196
102
142
148
155
45
85
95
108
109
123
143
162
163
167
174
187
76
93
185
104
120
47
147
152
53
61
112
154
158
169
183
51
124
153
181
190
70
125
135
188
195
49
77
82
116
193
131
132
172
126
138
105
134
151
178
180
191
63
88
176
173
118
146
145
199
189
159
111
130
164
204
202
209
207
214
212
219
217
224
222
229
227
234
232
239
237
244
242
249
247
254
252
258
259
264
262
269
267
274
272
279
277
284
282
289
287
294
292
299
297
