4
6
0
5
8
25
15
13
17
68
33
7
38
35
11
1
18
20
50
19
9
41
39
51
10
28
29
30
52
49
45
56
79
76
32
67
57
98
55
75
14
80
63
36
70
37
58
26
172
2
120
48
27
46
117
16
34
122
141
83
93
59
110
92
335
370
132
390
240
315
380
385
330
181
300
325
97
265
285
365
206
23
81
290
395
355
360
260
375
345
340
350
295
31
201
255
245
281
270
275
251
107
85
220
306
74
230
69
320
310
225
235
210
216
3
12
66
21
22
78
143
153
24
53
72
77
109
129
73
167
158
104
305
156
200
61
91
168
187
133
118
145
176
205
184
195
113
157
71
115
106
136
215
169
146
99
250
280
377
347
279
351
211
221
226
231
236
241
246
256
261
266
271
277
286
291
296
301
311
316
321
326
331
336
341
356
361
366
371
381
386
391
396
42
131
154
89
62
135
43
100
134
163
180
199
64
88
186
60
189
96
203
208
213
218
223
228
233
238
243
248
249
253
258
263
268
273
283
288
293
298
303
308
313
318
323
328
333
338
343
346
353
358
363
368
373
376
383
388
393
398
40
65
126
183
192
82
86
162
197
94
112
182
47
123
144
149
173
44
87
165
95
111
121
139
147
151
164
171
102
125
137
193
194
103
175
148
185
54
105
198
142
84
160
159
101
138
140
127
150
108
188
178
124
130
128
166
177
179
196
174
119
152
116
114
190
155
90
170
161
191
319
229
204
202
209
207
214
212
219
217
224
222
227
234
232
239
237
244
242
247
378
254
252
259
257
264
262
269
267
274
272
276
278
284
282
289
287
294
292
299
297
304
302
309
307
314
312
317
324
322
329
327
334
332
339
337
344
342
348
349
354
352
359
357
364
362
369
367
374
372
379
384
382
389
387
394
392
399
397
