6
1
12
7
0
11
18
20
17
28
9
15
33
5
39
53
13
35
67
31
16
40
80
38
68
8
45
32
23
48
47
2
88
30
86
90
123
57
59
14
157
41
37
50
66
43
76
3
79
121
135
178
60
78
61
34
63
106
25
128
21
147
134
77
188
110
103
189
89
109
187
42
29
197
196
51
146
140
115
19
100
71
122
36
55
65
118
182
24
46
58
82
99
104
125
143
158
4
56
81
95
85
105
120
175
62
116
91
93
130
155
170
87
152
97
167
190
180
229
10
73
75
192
52
94
102
144
148
44
22
114
165
70
136
195
112
111
160
124
150
69
185
49
163
200
27
54
127
137
149
168
179
199
126
153
83
108
132
151
173
201
26
129
133
161
92
96
141
142
172
154
174
184
194
202
72
98
177
84
113
145
159
64
101
162
74
156
164
138
203
119
183
166
181
204
176
107
205
198
193
206
139
191
117
207
171
169
131
208
209
210
186
211
212
213
214
215
216
217
218
219
220
221
222
223
224
234
225
226
227
228
230
231
232
233
235
236
237
238
239
