10
0
200
4
11
6
16
9
17
15
8
7
13
12
3
36
42
25
18
19
24
43
37
60
76
33
57
1
85
31
41
38
45
96
75
34
135
2
58
73
53
81
21
20
23
103
110
161
49
64
79
105
30
74
146
108
98
177
44
172
89
82
170
90
181
62
178
153
193
194
70
54
47
40
29
94
39
52
77
116
14
32
152
59
130
55
192
104
5
26
56
72
97
100
145
173
138
154
67
95
191
86
142
128
63
167
71
188
125
124
139
149
162
195
144
180
80
129
69
78
196
65
92
157
159
171
133
186
68
101
113
118
140
148
150
164
185
27
83
28
93
109
111
115
122
156
158
22
35
99
121
126
147
166
51
88
102
112
136
46
168
175
50
141
160
176
182
66
132
134
165
187
61
106
114
117
143
151
190
197
87
163
199
84
189
120
137
169
183
127
184
48
119
123
107
155
198
91
179
131
174
