6
8
1
15
0
19
20
16
4
24
17
5
12
10
25
32
18
70
38
9
28
50
7
39
29
11
33
97
118
43
3
62
14
68
93
27
53
46
64
21
48
61
42
67
100
59
31
37
92
63
96
47
137
402
60
90
77
113
156
170
178
312
465
140
173
366
303
161
285
249
374
294
240
216
438
231
429
180
456
276
267
204
114
321
420
339
384
222
348
357
393
411
299
447
330
258
213
281
144
102
461
108
418
99
398
320
452
165
375
22
389
309
254
443
380
414
297
328
360
224
426
351
228
338
241
44
268
273
247
435
202
362
82
84
69
153
41
78
71
34
139
40
146
143
83
158
58
133
164
194
130
131
245
407
305
13
87
91
200
104
105
119
132
193
136
73
162
209
218
159
236
75
150
263
290
308
326
344
353
416
206
208
211
279
220
226
230
232
234
242
251
253
256
260
262
269
275
277
283
287
289
292
322
301
307
313
314
318
324
332
334
336
340
342
346
355
364
368
370
372
376
378
382
386
388
391
395
397
400
404
406
409
422
424
428
430
432
437
439
441
445
449
451
454
458
460
463
467
469
160
45
86
89
120
168
182
199
35
127
49
142
126
191
151
56
212
214
237
243
264
270
293
295
315
347
349
356
358
410
412
2
26
72
95
107
115
116
129
174
181
196
36
51
80
81
124
125
155
23
54
94
106
135
198
52
111
30
187
195
197
57
66
76
134
145
148
152
157
171
184
186
189
79
121
149
163
177
188
65
88
147
55
192
109
122
74
98
167
172
190
175
101
110
166
103
141
185
227
85
128
138
183
176
123
112
169
179
154
117
272
317
335
371
257
425
434
464
203
201
205
207
210
215
217
221
219
223
225
229
233
235
239
238
244
248
246
250
252
255
259
261
266
265
271
274
278
280
284
282
286
288
291
296
298
302
300
304
306
311
310
316
319
323
325
329
327
331
333
337
341
343
345
350
352
354
359
361
365
363
367
369
373
377
379
383
381
385
387
392
390
394
396
401
399
403
405
408
413
415
419
417
421
423
427
431
433
436
440
442
446
444
448
450
455
453
457
459
462
466
468
