0
6
7
4
1
10
2
11
12
26
23
20
24
16
14
8
19
9
69
50
25
17
35
39
3
58
28
37
32
79
118
40
13
80
71
57
102
41
155
33
103
149
96
147
5
46
356
70
99
112
31
173
64
380
421
236
18
398
15
315
407
266
90
411
230
326
290
320
368
344
362
292
95
254
339
434
392
22
272
374
53
244
302
430
301
261
420
322
312
208
127
353
279
300
394
405
423
217
328
232
256
218
358
334
252
285
313
216
304
203
376
341
274
281
400
89
436
206
201
391
428
228
287
346
413
390
229
34
253
364
382
351
242
263
268
332
370
238
425
317
220
169
306
416
92
77
119
78
338
293
284
371
308
323
363
270
435
226
347
389
296
262
314
209
337
258
383
431
202
245
395
75
276
219
231
426
331
249
360
408
282
240
415
350
401
377
215
48
104
54
63
27
158
171
21
36
43
97
136
142
170
194
94
153
108
188
29
66
83
84
86
88
120
132
200
144
185
44
47
113
154
224
198
260
278
410
207
213
221
233
241
243
251
259
271
277
286
291
298
307
310
316
321
330
336
340
345
352
361
365
369
375
381
387
393
399
409
418
427
429
437
45
49
51
81
98
106
139
160
164
195
114
91
138
148
180
129
100
116
283
414
30
38
56
60
74
107
110
131
135
141
146
156
162
163
177
183
197
42
52
55
93
101
150
161
189
82
105
111
123
125
128
165
62
109
178
59
68
72
115
126
137
179
193
73
87
61
65
124
133
174
187
140
151
172
184
192
67
130
143
196
145
159
212
76
117
181
121
175
166
134
199
176
122
186
85
152
167
191
157
168
190
248
182
386
404
422
204
205
210
211
214
222
223
225
227
234
235
237
239
246
247
250
255
257
264
265
267
269
273
275
280
288
289
294
295
342
297
299
303
305
309
311
318
319
324
325
327
329
333
335
343
385
348
349
354
355
357
359
366
367
372
373
378
379
384
388
396
397
402
403
406
412
417
419
424
432
433
438
439
