0
7
8
10
12
9
15
11
6
5
13
38
2
1
45
55
19
27
58
16
42
18
36
31
22
81
70
32
3
20
28
108
40
26
53
68
151
47
72
50
25
77
59
39
141
30
157
41
132
147
37
98
43
83
91
148
115
14
160
192
62
4
23
191
44
76
112
164
96
120
46
93
143
29
34
138
190
100
56
60
156
105
126
49
183
74
150
128
63
78
117
122
135
75
90
109
24
88
199
80
140
145
48
82
180
101
195
51
187
174
171
67
97
129
144
149
167
194
64
170
17
35
153
127
131
130
110
84
21
61
65
71
99
104
133
136
158
178
182
186
200
66
79
124
134
95
173
185
106
113
57
86
33
69
89
54
73
87
119
139
146
155
172
175
92
114
118
159
123
137
161
177
52
85
165
179
198
201
116
152
168
176
181
162
163
166
102
111
121
193
107
125
184
188
202
142
154
203
94
169
189
196
103
197
204
205
206
207
208
209
210
211
212
213
214
215
216
217
218
219
