6
0
7
16
1
9
14
5
12
8
36
2
13
31
35
20
28
11
33
23
24
27
26
21
19
17
22
66
18
32
30
80
10
57
76
110
47
132
70
38
15
96
39
112
156
312
88
121
150
116
126
167
82
162
78
102
72
75
71
40
357
45
330
295
402
390
285
4
438
258
303
222
171
231
276
348
240
89
321
366
46
185
375
69
61
465
267
429
411
420
213
339
204
249
384
456
447
165
416
371
396
326
174
196
362
263
106
293
229
138
380
407
29
317
282
435
359
449
309
210
406
260
432
251
464
277
454
302
205
239
352
337
221
3
129
157
62
120
100
111
98
127
149
152
107
67
74
93
134
103
173
272
256
335
452
291
297
392
394
60
73
77
95
200
87
115
131
81
137
54
153
105
158
190
119
187
227
245
254
344
353
398
425
443
206
212
214
216
219
223
225
233
235
237
241
243
247
253
262
265
269
271
278
284
286
288
300
304
306
311
313
315
319
323
325
328
332
334
341
343
346
350
355
361
364
368
370
373
377
379
382
386
388
400
404
409
413
415
418
422
424
427
437
439
441
445
451
458
460
462
466
468
44
86
195
68
141
164
168
183
52
199
42
108
118
123
160
63
94
201
207
273
279
428
430
50
59
92
97
155
178
181
25
43
49
58
64
65
90
128
130
135
163
37
51
56
79
109
169
55
197
99
117
147
338
85
91
133
176
34
101
122
124
136
140
143
145
148
170
175
186
188
209
53
146
180
184
193
83
192
41
177
191
198
218
113
166
48
84
104
144
154
159
114
139
161
182
194
142
189
236
151
179
125
172
281
290
360
299
308
389
434
461
203
202
208
211
215
217
220
224
226
230
228
232
234
238
242
244
248
246
250
252
257
255
259
261
266
264
268
270
275
274
280
283
287
289
294
292
296
298
301
305
307
310
314
316
320
318
322
324
329
327
331
333
336
340
342
347
345
349
351
356
354
358
403
365
363
367
369
374
372
376
378
383
381
385
387
393
391
395
397
401
399
405
410
408
412
414
419
417
421
423
426
431
433
436
440
442
446
444
448
450
455
453
457
459
463
467
469
