6
0
3
14
16
1
19
28
26
35
32
38
10
18
9
39
5
13
40
2
4
8
59
29
12
60
43
21
107
56
36
131
11
44
17
20
115
110
25
86
27
41
33
175
165
75
181
121
92
77
7
87
117
47
76
96
135
90
64
57
24
61
30
122
124
108
113
88
180
37
73
157
126
46
191
188
98
85
68
143
195
23
106
111
160
95
123
71
22
112
162
63
62
161
102
145
54
116
89
151
242
256
70
100
150
152
156
170
174
177
125
136
159
130
58
65
83
50
142
49
206
166
218
222
229
232
215
248
251
262
270
271
274
276
278
67
69
200
52
189
141
203
202
99
139
79
208
210
212
198
214
219
244
224
226
228
235
234
238
240
231
260
245
249
254
258
263
265
268
15
51
78
82
91
93
119
148
179
182
184
190
197
48
55
104
105
133
168
183
53
74
153
34
45
149
164
176
192
196
66
84
103
154
173
185
193
31
80
97
127
132
158
172
199
205
137
42
146
81
109
171
101
147
204
140
128
144
187
194
120
155
163
72
138
169
186
129
94
118
134
178
217
114
167
216
220
230
236
246
250
252
261
264
266
272
275
280
201
207
209
211
213
221
223
225
227
233
237
239
241
243
247
253
255
257
259
267
269
273
277
