7
0
3
8
13
16
9
6
31
2
11
12
29
18
15
33
17
25
26
53
5
38
54
24
34
47
19
39
28
69
23
42
1
64
45
22
103
14
100
122
40
75
36
35
74
65
10
87
67
94
49
20
126
58
144
48
150
80
185
66
78
161
109
230
71
215
194
30
235
225
221
241
123
245
133
200
205
129
210
62
105
104
44
93
92
70
179
50
86
89
153
196
55
158
43
114
99
240
32
147
136
59
131
149
132
140
142
152
162
181
52
107
57
106
119
137
165
163
232
220
201
206
211
216
226
236
246
4
21
27
46
72
146
41
61
118
117
135
190
60
85
110
141
166
111
203
208
213
218
223
228
231
238
243
248
96
97
98
112
125
155
164
168
172
199
51
79
91
81
134
138
156
76
77
130
159
182
151
171
148
178
186
191
63
95
170
173
183
187
188
198
56
88
108
116
121
127
175
37
101
128
169
192
176
84
102
143
68
177
193
180
113
83
160
82
189
115
154
73
120
124
167
174
90
184
197
157
139
195
145
233
204
202
209
207
214
212
219
217
224
222
229
227
234
239
237
244
242
249
247
