0
6
3
13
9
7
14
16
12
10
8
5
1
34
11
40
22
23
28
33
48
27
26
50
21
43
38
54
19
94
37
71
77
78
147
42
31
46
65
115
57
102
96
56
143
75
53
25
45
89
129
49
118
86
107
108
114
80
141
17
148
154
72
130
32
192
186
64
128
36
41
138
125
165
18
83
124
170
20
105
35
55
15
60
188
61
74
175
182
88
47
160
153
164
24
62
98
104
140
90
100
110
145
177
79
162
127
121
131
134
146
155
180
195
196
30
92
59
116
120
178
70
119
144
150
173
172
193
135
85
152
190
137
185
95
2
4
51
66
68
73
200
44
109
179
99
101
112
113
133
136
174
58
84
87
149
161
198
201
29
39
81
91
93
158
176
52
69
82
97
132
159
67
167
189
76
122
151
199
63
156
169
171
191
202
163
106
111
142
157
183
126
166
168
117
123
181
197
203
194
204
205
103
187
206
139
207
208
209
210
211
184
212
213
214
215
216
217
218
219
220
221
222
223
224
225
226
227
228
229
230
231
232
233
234
235
236
237
238
239
