0
4
11
1
3
8
26
34
37
23
19
9
56
63
18
6
13
17
14
39
25
22
81
52
16
79
21
58
51
83
33
76
54
30
46
64
104
70
45
5
87
10
32
100
72
118
88
29
80
153
7
35
44
47
99
116
75
40
66
36
107
140
95
134
156
158
28
48
86
108
77
84
195
110
67
170
127
57
103
163
187
130
139
152
15
135
150
161
171
41
59
62
126
131
60
105
143
71
122
82
123
166
92
112
2
12
24
27
78
113
136
148
168
175
176
180
183
186
192
198
20
61
74
98
114
144
165
49
55
96
182
42
90
119
132
142
145
155
188
191
43
120
94
146
31
89
149
38
65
154
50
85
117
91
128
196
68
69
181
73
129
147
97
121
124
115
138
178
53
174
111
141
162
102
93
184
193
160
185
101
125
189
197
190
133
159
106
164
179
199
172
137
157
169
109
151
194
177
167
173
