5
0
13
1
8
26
10
3
9
4
6
29
12
11
14
24
22
75
2
20
7
23
40
80
49
19
27
28
35
17
72
38
15
60
74
71
66
46
154
76
30
63
48
18
39
87
197
31
85
83
200
96
180
126
91
181
69
151
245
232
185
102
166
195
155
194
21
55
100
25
16
107
34
79
64
82
203
53
165
104
42
204
32
59
92
116
236
171
88
54
93
173
248
182
188
162
170
45
122
33
178
228
222
47
214
50
78
115
121
131
159
41
103
225
108
138
156
36
44
118
167
196
212
233
244
246
70
37
67
77
168
218
247
81
130
147
227
141
193
129
199
163
190
209
174
127
160
189
145
43
89
98
111
128
140
146
57
113
114
119
123
137
144
219
58
205
84
124
143
157
187
202
221
161
216
238
62
68
105
106
135
136
183
207
235
52
65
150
208
215
109
133
230
61
139
164
184
192
198
237
240
112
213
223
249
56
86
201
177
239
51
73
120
158
172
186
206
241
94
125
191
229
234
142
110
179
176
99
101
134
231
243
132
152
90
169
226
117
220
97
242
210
148
95
175
149
217
250
153
211
224
