0
4
3
2
16
6
10
29
8
25
23
14
9
5
73
1
62
7
58
46
107
22
13
79
47
41
27
35
32
121
48
19
55
11
149
44
28
106
60
42
68
169
17
180
43
31
21
215
87
199
175
37
51
59
12
18
45
155
66
34
99
115
38
92
88
101
36
72
153
151
162
184
204
53
131
138
136
208
187
103
141
50
211
231
85
179
89
142
234
67
244
104
160
105
90
164
159
122
156
227
219
33
61
70
84
109
118
126
150
178
214
108
133
139
241
98
202
123
173
52
185
203
161
189
220
237
172
157
96
26
30
64
65
137
144
154
177
195
206
238
120
147
152
201
209
20
24
63
80
100
228
233
245
15
69
74
75
77
81
86
102
112
191
216
240
39
49
57
97
114
125
167
170
200
232
235
249
192
239
78
94
143
148
171
217
223
91
127
163
111
117
129
166
207
76
124
128
174
213
158
168
194
197
116
83
113
132
218
229
40
176
224
54
134
212
247
221
56
188
182
190
130
181
183
186
226
119
193
225
242
145
93
110
210
95
140
165
198
146
196
205
71
236
222
246
82
135
230
243
248
