7
2
4
30
5
0
15
21
32
35
17
67
37
14
1
33
79
10
23
97
60
185
12
80
42
3
64
84
41
11
70
86
158
49
137
114
99
74
13
90
57
65
18
102
190
289
63
154
139
39
127
223
75
110
25
9
209
81
228
100
292
116
212
214
237
265
71
130
373
200
162
150
54
26
55
267
257
204
178
298
98
299
345
89
20
61
66
215
210
241
402
36
34
240
191
143
136
144
226
29
73
108
206
293
247
44
119
147
69
234
19
128
231
148
463
28
52
94
152
246
202
415
50
300
40
186
8
132
153
95
38
283
45
203
302
304
125
187
250
341
404
374
169
107
134
222
256
301
352
275
416
394
476
342
423
339
272
488
6
140
188
350
177
161
174
278
399
101
327
53
263
344
361
22
295
433
239
290
331
216
123
167
220
245
472
309
426
46
124
159
286
305
262
444
138
318
96
439
287
419
268
384
379
27
47
77
115
221
452
421
56
87
142
157
252
390
455
364
48
386
387
109
276
366
371
395
85
111
277
349
378
254
211
195
91
166
235
317
434
198
62
179
417
76
201
207
284
296
319
346
391
397
456
466
16
24
31
106
219
260
58
72
82
117
133
255
294
312
324
385
400
408
458
469
485
68
291
338
430
438
43
103
146
194
251
274
282
315
369
410
413
425
435
462
478
51
83
92
181
184
213
224
248
360
367
409
445
461
160
340
88
104
120
168
171
189
192
227
230
232
243
266
270
273
314
325
343
380
381
403
422
431
443
481
482
358
453
479
121
196
307
323
465
493
93
279
330
496
451
105
129
313
383
490
182
259
447
450
480
151
164
175
176
218
225
242
401
468
473
486
491
217
281
335
363
155
197
389
396
193
303
149
418
59
180
253
375
388
236
356
208
334
414
122
280
285
328
131
118
165
205
258
269
332
163
362
368
412
448
333
442
474
271
320
322
347
420
446
449
483
495
112
145
297
406
475
156
238
392
113
135
244
355
489
494
308
310
316
441
432
437
170
359
78
173
372
336
497
464
183
264
353
321
354
249
306
126
337
470
428
477
311
351
429
471
407
427
141
365
498
172
261
288
229
377
398
436
405
467
199
233
357
492
484
457
393
440
459
348
499
487
411
454
370
376
326
329
424
460
382
