0
6
18
11
2
7
17
3
8
20
15
19
21
40
1
14
10
12
22
47
13
58
37
49
27
46
52
43
4
54
51
56
132
35
25
114
9
76
31
48
61
39
141
42
97
16
109
45
207
95
156
84
139
53
24
140
147
38
129
197
92
87
145
142
55
120
204
94
149
163
70
244
34
85
75
29
116
57
64
126
74
33
235
28
124
99
106
36
59
187
107
108
138
168
67
23
63
86
102
165
176
100
146
78
179
202
30
112
236
214
110
240
44
137
177
223
230
73
247
32
72
170
222
241
89
136
96
183
111
68
98
200
239
226
41
79
80
90
192
195
209
232
238
105
242
152
83
103
199
128
153
194
71
148
213
162
104
181
175
212
161
220
184
5
26
66
69
91
113
117
131
151
157
174
180
188
189
190
205
206
219
231
246
60
88
171
185
62
77
101
122
160
208
216
115
134
164
172
193
65
159
173
196
224
82
121
227
50
154
218
221
166
229
133
144
201
198
118
119
130
233
237
150
210
143
217
215
225
234
243
127
135
169
248
155
182
158
203
125
245
191
93
123
167
249
228
186
211
178
81
