17
0
18
19
22
21
24
20
23
7
44
26
54
25
28
35
11
27
31
34
4
50
40
38
32
39
16
9
14
73
99
29
59
47
77
1
63
2
67
10
45
36
15
46
103
30
51
89
48
92
8
74
60
75
57
56
72
33
85
80
70
102
88
119
105
64
139
83
81
78
37
87
120
86
3
58
134
41
160
71
96
61
164
13
42
178
172
104
132
107
49
12
215
110
122
151
179
6
225
84
143
69
52
148
155
125
194
193
43
97
180
141
213
154
114
118
168
170
219
223
162
217
68
91
137
222
66
203
243
116
76
79
138
192
175
55
226
210
109
183
131
241
231
100
232
112
127
166
186
156
95
206
157
202
187
185
182
130
98
236
94
82
165
115
62
101
144
142
145
123
106
133
129
111
184
108
121
126
135
146
169
171
198
201
211
208
229
248
196
163
5
158
159
190
209
221
237
247
161
177
233
218
212
204
53
90
124
128
181
216
238
149
205
242
199
234
245
140
147
153
167
173
176
228
230
240
250
188
189
207
214
197
65
93
152
117
150
195
174
200
235
220
239
113
191
246
136
224
227
249
244
