4
3
7
0
8
5
17
9
18
10
34
12
41
14
27
13
63
84
20
15
16
54
24
91
28
1
30
2
88
19
49
47
78
62
37
101
22
67
68
44
113
137
99
26
29
104
133
38
57
105
87
124
174
150
33
92
145
6
21
75
94
23
108
36
96
102
114
95
42
52
90
176
40
98
31
61
82
153
65
83
169
138
119
120
50
81
136
74
122
168
186
156
181
118
194
170
173
71
179
143
187
103
107
109
110
141
43
56
70
129
157
159
161
11
32
46
100
134
139
146
193
55
140
155
59
60
66
123
130
163
178
189
76
199
35
73
79
117
154
158
196
48
53
69
111
151
25
89
127
164
183
190
51
135
160
167
93
185
39
72
80
152
45
197
85
58
147
148
175
171
177
184
195
86
115
112
97
166
125
165
106
77
64
116
142
198
192
131
149
180
132
128
121
162
188
144
172
126
191
182
