0
12
2
5
3
18
7
4
8
13
10
6
1
9
19
50
26
49
93
11
23
109
22
85
31
42
32
15
45
40
96
17
176
56
14
88
29
150
124
139
21
62
77
214
102
48
72
125
39
36
64
46
115
70
328
60
261
201
27
34
38
179
114
41
129
203
208
272
107
200
268
84
47
172
174
277
192
90
210
44
89
343
140
169
61
33
173
418
246
367
324
159
170
91
440
43
51
138
259
71
220
132
361
291
218
194
224
25
202
225
175
189
131
217
105
215
128
239
183
82
94
24
54
65
118
137
186
294
296
251
374
340
366
69
247
117
63
68
80
319
37
330
119
101
79
415
389
264
198
293
270
422
470
331
428
104
130
290
351
432
188
312
357
390
464
57
231
182
205
314
20
395
30
155
288
58
441
383
266
151
311
424
191
302
164
99
242
481
143
469
381
384
243
489
113
190
365
430
459
53
145
245
471
97
103
152
335
336
479
254
391
457
142
265
310
195
226
67
177
411
98
106
326
181
196
233
95
448
403
456
269
284
146
253
393
413
241
252
123
356
399
408
153
392
482
157
161
396
108
453
141
409
184
222
257
83
111
133
136
156
204
207
228
255
260
282
318
344
364
402
437
452
461
463
496
76
219
280
295
301
322
404
407
75
120
304
317
333
379
385
434
439
35
87
92
100
154
185
235
248
320
363
370
488
162
323
345
427
442
52
59
81
147
180
256
271
347
360
369
477
135
149
275
337
377
387
410
443
28
55
78
238
325
446
460
66
168
193
281
313
352
354
458
86
122
234
368
223
286
309
362
380
462
341
16
74
127
165
197
244
249
276
342
394
435
445
451
485
491
73
126
160
213
250
358
495
167
216
315
454
211
273
498
199
262
376
429
466
492
134
287
350
476
163
227
206
230
110
306
348
417
240
480
144
166
298
426
483
308
349
232
334
405
419
148
478
209
212
229
285
299
388
447
300
307
283
497
121
371
237
316
355
236
297
397
359
465
373
421
278
386
433
378
416
116
263
279
258
303
339
289
436
455
472
158
221
329
178
474
425
305
382
431
321
493
187
467
112
332
412
267
375
494
398
473
406
292
484
171
487
450
468
486
274
414
423
420
401
400
444
327
338
372
346
475
438
499
353
490
449
