0
5
7
3
9
6
34
20
19
42
12
40
11
1
10
8
21
33
26
17
4
50
122
27
80
55
60
101
52
96
54
53
30
93
46
81
58
57
71
185
38
73
18
13
56
44
48
197
91
107
36
116
186
109
49
118
22
82
70
29
66
160
84
176
113
384
15
62
193
151
24
45
166
250
85
239
23
162
135
459
39
127
167
134
336
94
330
187
322
97
69
51
168
484
387
296
355
59
72
88
201
150
16
269
137
203
111
139
215
146
360
65
175
321
75
311
357
288
247
361
392
249
108
234
64
83
98
283
192
43
87
138
257
169
235
461
267
313
164
63
253
378
174
171
68
220
163
181
348
262
309
276
485
319
453
358
452
117
119
483
251
265
295
14
275
277
325
419
474
133
285
31
35
188
211
370
41
132
120
196
114
128
219
312
67
243
282
152
316
158
148
240
426
226
328
318
445
206
487
430
302
246
375
292
448
37
106
112
121
149
182
189
264
284
343
385
440
477
491
376
25
278
298
337
363
421
455
237
61
102
131
227
238
266
465
123
207
481
324
480
177
180
248
381
259
256
306
268
263
260
293
304
442
497
332
451
2
79
90
105
129
142
153
156
179
183
184
205
213
236
274
305
344
359
386
432
433
435
475
479
78
103
194
212
314
369
416
427
460
86
100
130
145
173
222
229
286
307
315
334
415
494
496
28
232
47
76
136
161
200
210
254
279
300
301
350
382
409
410
422
498
77
178
195
290
412
429
493
126
190
199
209
356
395
411
457
464
147
218
221
310
104
223
245
270
281
349
362
396
434
439
99
140
217
233
241
397
458
463
89
143
297
413
490
144
202
289
380
402
456
204
414
443
208
327
468
198
450
32
155
216
225
367
404
473
291
444
165
172
299
326
329
401
403
425
437
141
441
333
95
214
408
74
261
438
294
339
377
125
230
489
170
228
280
364
157
320
368
447
308
354
436
471
431
486
110
154
244
353
418
242
331
366
388
469
115
470
124
159
346
231
287
323
335
347
373
383
462
273
352
391
417
224
340
467
342
345
420
449
92
258
393
488
405
476
341
351
482
338
423
472
191
365
379
374
492
424
407
252
372
495
400
499
272
255
394
454
390
478
371
399
389
406
303
446
271
466
317
398
428
