6
8
0
3
7
21
11
13
5
27
20
17
1
23
9
44
49
46
47
15
12
28
22
50
14
87
25
29
97
77
58
39
4
74
16
78
60
36
63
101
59
38
10
104
99
106
56
42
93
82
164
85
67
155
139
52
53
2
147
172
40
116
26
180
19
89
119
30
186
64
192
132
92
32
174
80
128
149
230
33
61
37
211
237
199
24
18
81
179
152
181
229
148
110
95
158
210
55
247
68
69
91
162
112
107
188
185
178
214
114
157
198
233
206
125
189
79
122
169
204
208
88
121
143
182
212
242
127
213
209
133
201
184
31
34
113
227
76
70
173
144
187
219
41
57
193
231
123
126
217
223
96
111
72
35
45
48
73
108
150
163
221
244
65
115
124
135
138
197
202
241
245
100
66
94
103
145
146
175
236
98
196
43
71
129
194
218
51
62
75
90
102
105
118
120
131
134
137
159
160
161
165
167
168
176
195
203
215
220
228
243
117
249
84
170
205
216
234
54
86
177
141
151
225
238
246
136
142
166
190
207
239
154
191
235
222
130
171
140
248
224
83
109
183
232
200
226
153
240
156
