17
0
23
20
18
29
21
22
26
32
30
25
27
19
31
33
48
15
42
13
38
35
36
37
46
66
59
6
8
4
51
61
5
44
64
63
41
45
28
2
43
34
69
24
3
10
60
50
54
14
87
40
98
92
80
70
47
53
57
111
39
117
88
49
1
130
62
71
121
56
55
9
108
154
146
68
151
107
127
113
74
172
82
16
12
72
90
58
91
84
97
120
110
122
7
99
105
220
217
11
85
209
73
163
77
164
75
147
208
100
132
194
124
136
152
115
196
140
211
116
137
101
239
180
248
119
144
198
183
247
102
81
200
215
65
126
225
162
143
89
156
135
142
133
78
178
155
94
195
250
185
231
170
218
171
201
189
109
83
206
224
174
76
93
158
187
139
168
175
204
86
205
141
103
236
157
104
134
145
177
240
230
95
222
123
106
188
226
149
181
184
192
210
227
148
166
234
67
128
241
96
118
125
150
161
165
186
193
219
223
229
232
114
190
129
160
244
112
213
221
238
159
203
167
242
52
138
169
197
199
243
179
214
182
207
79
173
176
237
216
235
246
249
131
153
212
233
245
228
202
191
