0
6
1
9
5
13
20
11
16
22
8
15
25
10
12
14
3
32
21
33
48
2
18
51
30
36
39
67
106
60
49
19
43
64
4
109
42
137
95
24
27
185
38
65
40
44
226
111
218
55
63
180
212
70
82
209
57
229
74
232
113
69
130
35
124
34
47
81
148
196
182
164
92
28
52
17
29
72
193
175
87
75
108
213
7
50
62
41
96
152
131
149
105
153
119
71
98
122
23
37
167
220
61
100
139
205
162
129
173
107
161
237
216
239
79
80
115
84
120
177
168
54
59
66
77
99
116
126
215
83
135
181
217
123
174
191
221
160
234
58
146
155
197
121
147
156
94
202
26
45
46
53
90
134
141
171
188
192
203
204
206
208
244
89
125
170
179
195
143
178
187
200
241
76
85
110
186
210
227
101
145
194
31
140
223
235
236
91
157
189
228
114
88
93
158
159
56
103
112
128
165
190
219
136
68
86
172
247
73
97
102
132
224
230
133
142
184
214
225
240
246
166
198
151
169
242
144
163
104
117
238
233
245
118
207
222
243
150
127
183
231
249
154
199
78
138
248
176
201
211
