23
0
24
22
21
31
27
30
37
25
29
40
34
28
47
26
32
33
41
38
53
48
6
39
74
35
42
58
90
15
61
69
44
77
59
66
51
75
50
79
92
55
67
36
62
56
52
20
57
43
45
82
54
71
116
60
5
113
85
17
3
84
114
105
128
73
119
11
103
93
14
13
80
106
46
65
16
136
159
187
68
102
110
123
81
120
86
8
108
18
64
89
100
147
165
172
49
121
245
186
118
76
99
133
78
160
148
140
117
98
142
219
63
124
154
177
131
215
95
144
129
170
178
151
202
132
2
171
19
191
212
115
166
242
152
184
12
161
70
97
206
125
96
10
158
122
111
88
134
225
109
146
194
163
143
101
138
213
224
173
162
193
87
156
199
4
211
176
246
135
94
155
153
112
167
237
241
83
203
232
182
204
207
188
195
189
180
214
221
238
205
240
168
208
210
72
209
130
1
181
217
239
139
235
174
141
7
9
104
127
175
201
216
243
197
236
157
169
198
223
231
233
183
192
220
145
164
200
229
91
126
149
234
247
107
196
248
250
150
218
185
222
226
227
137
190
179
244
228
230
249
