0
22
24
23
25
29
30
21
27
37
26
31
28
44
36
33
48
38
32
34
35
41
39
43
67
58
60
49
51
59
57
105
72
40
42
55
47
15
4
52
85
54
74
46
69
19
3
65
68
64
45
14
53
9
2
76
63
17
104
75
107
66
62
81
13
88
122
16
80
7
78
120
90
70
87
61
18
113
116
180
82
50
170
125
139
86
167
174
20
92
130
5
97
112
214
110
155
186
10
91
117
94
77
166
159
111
193
226
108
11
221
151
179
93
129
95
182
115
188
146
189
210
140
118
8
235
229
173
71
1
165
171
181
131
218
219
99
141
12
175
84
89
73
194
121
138
147
176
190
232
239
249
248
184
215
172
187
142
119
223
245
205
185
209
135
83
208
196
79
101
56
161
152
154
200
212
128
160
243
177
183
192
234
238
127
102
148
114
156
123
153
169
237
164
109
106
230
132
197
201
247
136
145
126
191
240
224
6
96
98
103
124
134
158
162
198
207
231
236
244
199
222
246
149
157
228
100
133
213
168
203
204
206
163
225
195
202
143
227
242
144
216
241
137
217
233
178
220
150
211
