22
21
0
26
24
23
25
29
35
34
33
38
28
30
51
53
27
45
31
81
49
39
68
43
46
10
48
63
56
61
13
11
80
37
83
55
41
32
44
14
17
65
89
40
47
50
90
36
109
79
71
91
64
67
42
69
72
62
74
99
59
112
134
78
7
116
54
129
87
3
140
104
85
18
96
6
142
84
105
101
20
114
8
208
70
203
75
19
86
52
102
16
82
135
120
92
121
119
2
9
132
152
163
57
4
200
131
182
143
130
204
169
150
165
98
147
111
172
179
222
183
227
176
234
138
173
93
193
217
73
123
95
161
110
1
220
66
189
194
218
164
122
214
180
148
187
226
107
115
196
15
124
167
177
230
12
159
88
117
178
219
199
190
232
103
223
246
242
146
202
244
149
175
185
225
5
166
170
221
113
133
211
240
108
118
97
241
58
106
205
229
231
184
213
192
171
245
60
139
237
156
215
153
210
243
77
195
100
76
94
127
136
154
157
186
191
197
207
212
216
233
206
209
128
181
238
247
126
188
198
155
151
160
239
235
248
250
145
224
236
125
144
162
158
174
137
228
249
168
141
201
