0
10
6
1
2
7
11
12
14
34
9
42
57
23
4
19
25
66
15
45
90
32
5
21
97
20
108
36
39
49
41
18
61
33
17
78
63
60
27
37
47
35
31
16
40
112
113
85
87
53
124
77
210
65
8
3
13
227
234
22
76
154
71
136
62
54
68
111
118
83
122
28
26
190
178
56
29
143
179
89
208
79
150
64
51
58
67
95
126
24
142
145
162
44
213
70
72
115
43
110
159
144
172
91
38
129
189
86
135
164
186
46
48
153
109
211
96
130
139
165
137
125
216
194
226
236
75
107
238
250
120
131
202
222
240
116
230
55
82
69
117
151
239
105
228
173
73
80
81
99
101
106
141
158
191
206
219
235
148
198
204
218
233
241
52
119
176
232
245
195
98
185
193
246
93
134
157
166
171
181
30
102
104
146
160
163
175
225
155
161
174
184
212
215
223
138
249
74
201
50
92
132
152
168
183
188
220
59
103
114
128
147
199
221
84
149
170
182
214
224
242
88
180
133
167
127
192
169
187
140
197
247
248
244
121
203
229
217
237
94
209
156
200
196
123
243
100
177
205
231
207
