1
5
19
8
4
0
9
6
14
41
29
11
83
27
13
24
20
23
12
42
37
3
48
50
123
94
25
7
103
43
35
51
95
21
77
64
34
73
93
62
52
145
181
98
97
69
15
36
87
55
152
76
17
22
31
38
57
61
119
114
173
101
136
132
134
141
196
128
158
16
40
53
39
166
112
59
72
105
160
104
99
116
78
151
18
79
33
70
125
144
154
170
194
74
191
113
129
26
102
143
175
84
54
2
10
45
67
107
117
153
165
190
49
58
63
91
108
137
155
184
46
56
65
80
147
187
28
88
96
100
121
131
157
162
163
186
189
198
60
68
164
176
178
30
89
135
146
169
185
188
82
85
109
110
171
174
75
86
115
122
130
168
44
138
199
106
140
177
182
32
127
133
167
195
156
139
47
81
71
180
92
90
111
120
142
66
149
161
183
197
179
159
126
193
148
118
124
192
150
172
