5
3
0
8
6
17
25
13
12
27
23
20
4
9
34
26
7
58
91
32
1
49
31
99
47
29
39
36
95
11
155
61
21
52
274
43
28
106
10
69
103
138
55
65
78
205
164
35
18
71
22
56
54
90
50
82
40
271
191
194
300
285
87
357
141
59
45
160
93
192
209
252
329
89
147
154
127
48
118
107
112
389
325
86
41
240
406
139
174
203
302
324
169
220
162
237
75
67
74
81
111
131
151
124
255
251
243
79
232
195
38
60
135
136
168
224
14
62
250
161
333
30
44
109
76
115
102
200
170
207
70
130
334
77
196
278
449
431
19
72
145
245
16
146
184
116
183
217
244
283
287
321
409
46
80
83
362
439
177
125
413
214
159
211
193
269
166
266
347
291
275
374
187
134
157
342
212
188
384
181
311
356
432
24
37
84
119
175
246
276
422
92
282
386
404
438
444
172
206
256
280
51
165
227
298
359
395
63
123
363
364
158
167
185
190
121
265
241
173
202
100
215
248
423
143
264
419
260
247
156
349
2
104
110
128
204
218
223
301
322
348
351
353
377
379
381
427
15
122
150
442
33
73
105
117
176
178
186
199
216
239
295
330
385
418
430
435
96
132
358
152
171
189
208
233
238
242
253
262
273
310
323
335
344
355
360
387
401
403
410
443
53
133
210
297
303
308
367
369
383
391
415
447
68
292
320
42
64
66
98
144
229
328
341
376
396
424
445
446
97
372
375
267
337
94
284
332
101
129
163
230
261
290
296
313
408
421
57
85
88
142
180
221
222
272
281
293
319
345
373
390
393
416
219
108
113
179
197
201
235
268
327
331
412
182
365
258
441
433
437
114
148
343
228
299
370
388
426
198
306
317
346
400
411
434
140
236
420
339
405
288
336
263
361
366
126
226
352
259
286
378
304
399
234
315
270
326
137
354
149
380
309
312
254
382
414
407
249
153
338
120
394
397
429
294
436
417
340
398
213
350
231
279
225
402
289
307
277
305
440
316
371
318
428
314
392
425
257
448
368
