0
3
4
7
2
8
24
22
32
15
51
5
47
26
16
18
6
13
14
27
46
57
12
31
52
19
90
73
28
11
80
81
50
56
67
9
234
20
82
146
33
179
58
163
43
25
150
89
166
153
21
74
201
44
111
38
41
72
126
191
266
319
312
334
345
244
285
280
124
10
60
77
86
100
48
155
42
117
205
167
84
164
135
140
161
142
199
63
119
130
162
169
29
132
332
243
107
238
59
254
298
251
75
64
268
186
108
127
301
45
76
178
223
292
40
190
17
109
344
93
157
185
274
136
158
226
273
233
295
290
293
289
258
85
114
242
326
255
346
264
304
34
61
91
143
182
204
211
227
333
348
70
120
121
214
239
95
101
217
263
318
325
118
133
174
235
257
307
98
279
39
69
149
246
196
261
282
141
299
96
265
94
260
287
115
271
1
35
36
49
99
125
144
151
152
154
156
170
177
194
198
219
232
252
276
306
349
131
134
147
159
175
221
313
23
30
68
79
104
129
184
237
247
253
269
278
297
302
324
327
37
88
212
213
323
347
231
342
66
105
180
183
202
240
62
110
139
195
216
316
322
83
87
103
112
256
275
249
321
122
168
208
228
335
71
123
138
284
78
97
218
315
338
55
102
188
203
207
286
137
145
148
225
229
311
65
128
224
272
329
106
215
248
171
181
53
172
241
283
294
343
197
267
310
320
116
189
193
206
220
262
270
113
305
340
173
288
245
330
236
337
339
54
165
192
209
328
341
92
230
317
222
259
160
308
314
296
281
250
303
336
331
291
176
210
277
309
187
200
300
