0
7
9
27
6
28
11
5
8
14
10
37
17
13
15
29
22
43
83
56
20
12
53
26
41
34
16
63
35
4
32
96
60
78
36
52
48
116
49
19
38
31
50
112
135
51
145
76
58
64
89
117
66
111
75
71
107
24
30
80
39
40
61
87
25
33
92
113
108
120
88
202
146
67
134
147
47
184
102
42
101
131
97
73
105
65
23
223
158
172
122
21
106
200
173
2
55
203
237
211
81
212
54
45
93
59
18
46
118
178
188
232
156
84
140
191
226
137
115
207
242
171
72
144
193
199
246
94
161
62
153
198
70
142
180
243
163
233
159
68
82
130
206
1
3
57
85
141
143
152
219
247
69
133
189
197
168
241
175
181
227
238
86
139
185
250
179
225
157
148
79
114
125
155
190
192
217
236
183
166
174
224
104
110
162
165
205
216
74
99
103
239
245
121
167
176
194
221
234
44
100
119
123
128
201
209
210
215
248
249
126
127
169
195
235
90
95
150
204
230
77
98
129
136
149
164
186
196
240
109
160
170
182
214
154
177
229
213
151
138
218
228
91
231
187
220
222
124
132
208
244
