14
0
11
12
13
28
16
3
19
35
18
20
24
17
10
29
26
21
36
2
23
37
32
72
15
38
22
107
44
31
1
64
25
54
5
66
6
56
65
9
87
144
95
49
76
69
50
114
63
27
108
70
124
39
61
55
51
42
94
117
109
43
89
82
90
58
53
164
7
132
126
137
52
92
97
140
158
86
33
40
81
128
67
116
130
73
148
106
84
215
88
91
142
71
207
250
41
45
119
152
249
125
78
4
98
185
159
101
133
62
145
46
171
154
30
47
104
149
211
231
169
225
160
230
68
122
184
136
201
206
216
235
173
246
203
99
166
111
155
34
178
146
220
221
83
85
103
187
179
232
163
222
96
143
237
242
204
214
138
48
112
129
77
168
244
157
205
172
74
79
131
139
153
156
167
199
212
245
182
105
192
236
75
121
176
60
193
233
8
57
150
175
180
181
200
226
239
115
123
141
162
165
100
113
147
186
188
247
248
218
223
93
102
228
151
224
135
219
118
198
208
210
80
174
241
161
217
183
134
170
189
190
191
202
213
238
110
196
194
59
197
227
240
177
209
234
127
120
243
229
195
