0
3
10
8
6
4
23
17
19
14
41
25
7
15
50
5
37
40
36
63
13
45
68
32
51
104
43
27
20
116
65
38
71
11
60
89
28
9
107
18
79
26
144
78
152
131
24
270
92
215
48
66
31
195
57
232
53
252
74
199
56
106
311
243
121
140
120
124
274
67
357
191
213
208
345
255
87
218
148
77
58
64
76
194
210
90
94
153
159
22
99
85
118
75
220
12
166
258
275
314
34
35
221
73
100
156
160
193
283
105
93
88
42
128
282
174
101
271
217
366
2
16
55
86
91
192
249
151
33
44
103
147
167
172
203
229
264
115
110
395
224
123
250
376
47
306
52
189
317
267
254
287
219
129
237
262
269
170
281
361
372
72
113
119
143
154
205
209
256
285
318
334
81
125
169
238
276
313
346
62
96
109
134
200
230
239
196
381
30
186
197
371
377
388
136
187
132
157
323
201
111
181
292
233
299
165
298
315
370
1
39
54
117
139
141
145
146
158
161
162
171
173
180
234
235
247
259
286
305
310
319
351
354
369
385
387
396
204
379
29
46
69
114
176
198
211
223
284
326
355
378
83
133
206
293
362
373
390
80
122
150
347
98
163
329
383
175
245
248
330
21
137
236
253
263
320
336
391
225
231
260
70
142
202
348
350
368
375
384
126
130
185
212
240
288
49
207
266
280
364
82
216
302
365
392
59
332
95
108
178
265
325
335
389
135
84
97
307
359
272
241
291
309
333
394
102
188
226
289
382
138
304
337
399
327
344
338
227
356
61
342
300
182
277
295
322
363
127
168
367
393
164
214
278
303
349
398
321
343
177
242
324
222
308
155
179
273
297
228
328
374
358
184
296
380
279
268
340
301
246
331
290
112
257
183
244
316
339
360
190
149
312
261
353
386
294
352
341
397
251
