4
0
3
1
27
13
7
9
10
31
21
16
43
28
39
36
34
107
12
55
18
22
26
44
81
35
24
32
49
71
60
23
80
14
45
5
97
37
6
33
58
177
25
123
62
8
40
184
274
109
15
243
149
305
63
17
228
76
77
161
150
29
295
212
111
245
59
153
117
232
61
53
108
70
38
133
79
139
88
152
82
342
242
195
64
165
138
284
448
341
236
371
368
276
69
338
20
118
46
30
66
145
148
83
11
54
151
218
47
105
72
121
250
175
67
208
272
137
320
163
193
290
384
51
98
187
230
240
238
403
155
189
48
336
265
203
215
374
129
270
297
191
235
233
200
395
126
412
402
445
160
312
345
280
482
19
68
84
99
219
237
337
459
128
194
302
50
132
277
115
162
198
328
344
380
405
221
252
417
125
316
363
443
172
104
171
147
278
485
425
388
120
493
158
306
418
249
319
173
110
450
457
492
73
140
166
182
186
210
260
317
324
498
269
391
415
468
101
460
95
103
154
251
266
285
327
332
397
289
87
413
471
346
420
164
178
419
42
225
325
267
281
65
379
135
96
142
100
373
382
348
311
480
2
57
141
143
174
205
246
254
308
309
313
323
326
359
383
385
389
422
424
432
434
435
52
106
112
124
127
146
169
185
196
209
255
329
408
102
119
122
263
264
273
315
334
392
400
441
483
41
94
157
197
220
227
261
318
322
352
365
369
377
423
449
455
461
90
211
241
353
426
347
494
89
134
167
168
183
247
282
364
488
93
291
307
372
86
361
407
431
447
467
496
85
170
288
304
398
159
201
75
378
410
430
454
56
248
253
259
283
299
458
463
465
484
78
113
216
116
156
180
394
427
438
477
188
257
286
256
279
268
440
244
287
367
349
350
390
481
92
130
176
114
229
366
179
314
213
262
351
355
436
469
489
497
91
204
234
275
333
224
293
335
446
491
136
321
343
357
406
370
358
376
74
339
375
486
199
362
387
495
190
475
310
144
330
226
239
386
451
222
381
399
428
478
409
442
292
452
474
296
331
429
214
472
356
470
393
416
298
131
476
181
207
473
490
192
258
354
396
340
466
479
271
464
462
294
206
437
223
401
231
202
456
433
360
303
301
421
217
487
404
300
414
499
453
411
444
439
