4
0
6
16
2
12
10
11
18
22
21
1
5
27
41
24
56
8
44
50
20
35
38
15
23
109
89
146
118
7
49
177
100
55
47
61
66
37
59
121
95
104
62
87
166
82
119
57
77
127
33
195
113
64
180
128
25
124
183
51
129
253
3
94
40
141
48
67
308
65
28
86
32
133
9
19
42
74
98
130
187
210
155
246
14
17
71
125
242
108
306
63
175
106
54
75
70
222
266
269
137
93
116
231
288
96
102
112
167
298
343
73
279
315
78
110
68
105
138
240
282
287
196
52
163
252
31
92
103
238
46
214
233
29
60
202
322
36
215
204
281
140
164
228
265
213
152
290
198
300
58
181
289
314
53
142
34
126
147
321
132
150
79
90
114
331
81
236
305
192
286
76
84
258
340
131
80
117
158
123
295
99
136
275
91
143
342
223
224
43
72
97
107
148
149
153
203
257
278
285
299
304
338
346
13
162
200
241
259
262
273
168
172
191
208
302
320
120
197
26
45
83
85
182
184
188
237
248
251
296
297
326
135
144
173
239
247
254
30
39
139
169
189
218
219
225
227
283
309
339
347
176
186
311
349
220
230
194
255
292
69
185
201
211
268
318
330
205
291
303
334
190
193
209
260
332
263
272
307
111
156
212
344
122
316
154
280
317
345
160
206
226
276
165
88
101
243
341
151
277
245
207
221
134
171
174
250
256
310
115
313
319
179
264
293
323
327
157
217
244
267
284
145
232
216
348
178
274
337
159
235
328
335
161
270
234
229
336
329
170
294
324
249
261
333
199
325
271
312
301
