4
3
0
10
5
13
16
21
7
6
48
30
1
14
23
26
75
36
60
17
2
27
42
35
25
9
49
98
8
11
179
52
28
18
65
15
94
24
111
162
19
32
80
90
96
117
12
58
57
99
38
51
116
47
208
170
254
193
81
401
68
192
91
41
31
191
63
194
77
34
45
71
112
307
392
149
92
207
141
69
169
39
258
333
44
352
87
279
396
416
243
84
145
286
492
185
20
33
146
144
119
37
211
73
221
114
29
278
100
115
127
251
172
303
128
137
148
95
118
136
287
280
355
327
83
233
259
180
270
310
70
321
54
205
209
110
308
255
113
188
272
331
106
231
189
124
349
482
50
147
160
175
182
186
344
366
219
236
238
245
362
418
108
174
234
125
269
282
462
367
374
305
203
313
319
407
460
103
414
438
306
402
436
311
300
350
447
494
224
361
267
448
79
93
167
183
198
229
237
325
339
454
202
40
97
220
332
336
346
351
395
226
256
294
296
343
363
437
464
249
266
388
434
158
250
445
275
322
142
159
196
284
387
86
143
132
109
200
212
218
76
435
364
472
357
184
342
329
459
263
466
285
43
56
64
72
88
102
107
120
139
178
190
204
330
370
455
465
153
165
262
323
380
386
425
427
156
397
481
22
66
121
130
223
230
235
246
318
411
412
415
467
46
78
173
187
195
214
260
261
309
340
341
358
369
394
406
420
429
476
498
89
101
164
225
244
291
320
335
456
478
491
74
163
168
240
241
315
82
105
123
171
242
276
326
433
487
489
490
265
399
496
59
201
281
53
206
232
274
314
356
365
410
451
473
479
161
485
62
157
301
126
134
228
252
375
404
405
428
470
483
104
122
138
222
227
268
316
373
151
55
61
129
135
247
290
441
197
379
383
452
468
155
213
292
403
424
154
345
368
474
177
210
299
348
353
423
432
217
67
283
469
152
216
277
312
377
199
360
288
497
181
215
304
334
391
493
253
430
431
295
393
463
150
419
271
449
257
338
381
85
409
475
176
371
417
422
131
347
446
439
337
378
442
248
461
289
273
317
484
297
486
328
389
426
376
444
480
421
293
372
443
324
453
458
400
133
140
166
359
499
488
239
390
471
495
264
302
298
450
354
477
413
398
457
385
382
408
384
440
