4
0
11
7
6
20
10
21
2
1
9
13
16
5
12
40
8
58
41
48
3
22
26
54
74
36
65
102
169
14
15
198
60
43
79
118
89
66
31
71
101
73
129
24
37
46
78
238
184
189
124
160
203
18
51
123
127
87
25
94
42
110
52
69
191
180
181
19
128
39
44
57
120
33
122
171
141
130
223
142
249
23
125
138
147
215
55
149
77
170
62
27
28
56
75
92
93
95
205
29
50
155
220
135
193
158
199
45
59
209
222
153
176
17
145
157
204
206
243
81
97
143
144
211
53
34
190
210
212
148
232
247
216
32
83
84
90
107
108
115
151
163
175
187
231
61
194
235
82
86
104
119
165
186
221
35
85
100
113
126
146
161
164
178
188
192
219
228
91
154
159
167
182
244
114
121
152
166
172
196
234
72
76
106
173
197
38
136
49
63
109
112
177
239
67
105
150
30
64
201
68
96
117
134
179
207
168
217
88
47
131
245
70
137
213
224
225
246
99
240
139
241
98
174
233
80
103
111
162
226
218
156
116
183
248
202
208
237
242
133
200
132
140
195
230
185
236
214
229
227
