19
20
22
21
0
32
23
35
30
24
25
28
29
1
27
47
4
26
43
49
40
33
45
31
44
46
34
63
42
53
36
13
54
52
71
64
48
74
56
50
86
37
14
59
2
70
85
60
9
38
17
5
18
41
12
81
51
80
10
72
58
95
62
15
143
67
11
3
96
101
7
73
159
88
84
154
78
55
61
170
92
75
163
65
66
130
151
108
68
173
106
76
215
187
115
155
109
140
218
171
131
132
77
121
179
8
127
117
93
139
119
133
99
180
113
39
167
158
165
243
196
191
6
111
248
79
246
16
104
141
87
233
240
125
94
161
69
202
97
135
241
222
213
212
91
228
225
137
229
247
197
208
100
138
195
116
214
162
149
221
90
239
102
205
203
244
245
224
103
124
118
98
166
82
122
129
144
153
232
157
177
234
57
160
186
188
107
146
114
250
168
169
176
178
236
175
226
230
242
199
110
89
105
142
194
209
190
147
183
184
201
185
206
210
216
217
219
238
126
145
189
198
83
152
164
174
182
204
207
220
112
123
192
136
150
237
128
211
156
172
200
120
148
193
231
134
181
223
235
249
227
