0
1
6
7
12
14
13
4
5
10
17
24
95
35
44
21
3
32
54
22
40
109
19
85
52
123
34
8
51
90
103
59
11
118
73
66
31
74
195
135
154
16
57
18
83
39
97
182
183
129
130
72
219
227
2
84
167
9
82
49
53
29
30
36
79
15
50
119
120
101
61
81
198
186
153
98
62
88
200
218
26
38
58
80
133
23
127
140
246
64
144
148
184
113
156
217
107
67
142
87
100
115
122
229
237
191
20
27
37
42
70
78
121
147
160
199
208
215
225
172
180
25
224
28
41
111
152
221
68
164
231
43
48
71
76
94
96
105
112
136
149
155
161
173
203
245
45
46
63
69
102
124
128
134
158
162
177
194
209
212
247
249
33
211
213
47
99
170
171
179
93
106
131
176
201
60
65
86
114
137
192
197
210
242
56
77
108
139
190
205
216
239
165
188
248
89
116
166
169
189
175
214
220
104
196
206
235
55
91
126
168
233
75
146
207
228
174
143
187
117
204
138
178
92
181
125
238
132
151
243
226
185
232
157
110
193
150
163
159
236
202
145
230
222
241
223
141
234
240
244
