52
34
50
189
97
133
141
159
128
87
114
184
65
197
168
164
119
40
165
140
54
158
59
117
80
43
91
55
105
124
6
30
37
38
45
42
58
199
120
61
46
9
25
47
83
73
115
67
51
56
82
198
166
131
147
170
171
23
122
81
190
28
103
129
143
48
22
118
33
179
186
173
163
74
123
176
90
134
160
148
44
27
62
92
15
155
181
36
116
35
8
98
71
167
146
17
29
108
95
99
5
132
178
14
177
24
104
7
20
135
175
18
187
77
19
136
193
169
126
110
188
156
125
185
1
57
191
21
157
76
144
102
139
79
31
86
16
153
69
96
127
194
0
13
32
2
3
4
85
107
138
150
149
172
39
49
78
196
10
11
12
60
174
89
111
53
84
195
121
137
192
63
101
100
112
72
130
26
66
180
94
88
109
152
182
64
113
145
70
41
106
183
161
142
68
151
154
93
75
162
