150
450
217
458
438
194
404
119
498
366
302
284
182
28
159
36
229
457
310
480
367
261
313
330
240
344
439
130
432
424
294
495
216
2
131
202
133
299
486
53
73
373
203
89
378
168
410
485
382
487
275
226
245
456
311
161
26
32
132
114
403
359
274
52
317
443
166
238
355
292
239
482
413
436
9
136
13
7
188
118
117
190
466
356
25
90
177
338
29
3
325
228
128
41
476
145
109
4
208
428
249
49
250
433
101
115
263
0
108
180
138
197
282
34
318
63
467
22
79
210
110
57
223
465
97
464
490
398
479
301
39
179
385
48
47
125
31
307
55
30
348
278
103
483
430
122
264
198
396
475
478
154
388
260
323
232
44
85
172
37
418
205
488
349
225
496
401
360
472
277
157
440
175
316
152
322
350
364
494
126
12
255
17
24
400
335
392
46
204
254
200
320
308
213
248
368
420
142
363
453
165
15
156
231
224
23
219
65
84
336
33
60
186
374
50
112
473
58
68
447
113
497
134
155
451
195
272
201
288
390
326
339
123
492
102
181
72
121
304
429
470
153
107
448
352
423
59
147
252
493
242
236
43
244
104
51
171
246
169
88
247
289
76
234
81
469
92
340
120
221
146
395
129
192
405
361
362
6
8
14
187
10
384
452
391
270
61
83
445
243
383
35
408
417
141
365
218
98
70
66
80
82
377
100
290
268
337
279
295
442
293
435
78
185
393
1
321
446
69
71
379
27
434
459
5
421
93
227
286
300
346
484
148
416
265
11
77
183
314
370
468
271
127
319
16
87
371
18
19
20
21
209
287
45
237
427
389
86
206
222
280
425
144
257
449
309
412
332
351
471
230
419
372
42
214
251
333
38
135
40
162
189
291
381
386
106
481
54
276
477
178
235
358
124
266
215
256
56
414
297
402
160
267
298
437
62
426
64
233
174
67
139
306
328
167
74
75
334
407
96
99
111
283
151
241
269
281
331
406
91
345
94
95
173
158
262
461
143
176
105
455
137
354
312
369
170
303
116
285
460
397
220
305
353
394
347
380
409
327
441
212
491
499
207
140
163
376
149
415
343
387
184
193
164
199
357
399
462
191
422
196
211
341
329
375
431
444
489
296
454
273
253
315
342
258
259
463
474
324
411
