119
85
73
168
176
186
140
171
185
213
109
69
237
151
224
170
204
84
16
218
61
145
144
182
31
91
143
68
51
248
63
209
1
71
64
123
128
34
132
236
138
149
221
81
131
89
11
82
100
117
150
92
201
116
211
169
33
172
193
181
118
104
36
206
228
142
205
50
88
232
136
42
78
226
152
238
157
44
10
40
217
127
197
3
86
47
30
164
247
99
95
184
77
111
4
202
56
146
245
200
54
5
0
76
125
9
20
215
45
102
48
83
189
160
2
70
79
210
110
115
195
75
19
18
156
49
17
174
214
94
158
198
13
178
188
90
62
191
113
249
192
183
74
24
241
121
225
130
162
107
129
187
194
223
60
230
203
98
161
39
6
106
37
55
29
135
133
57
134
67
166
28
239
108
229
23
12
38
177
35
141
26
208
244
53
80
93
14
96
175
124
101
180
25
126
15
173
242
59
234
137
207
148
112
103
147
159
179
46
196
22
243
231
43
72
222
27
97
246
219
52
216
41
154
167
190
8
139
120
227
165
199
65
212
7
21
105
122
155
58
163
240
87
114
32
66
153
233
220
235
