204
86
107
153
29
87
182
40
55
18
180
120
108
104
160
2
138
188
233
173
114
42
15
124
130
98
14
71
191
21
248
143
51
221
216
39
201
161
237
90
132
210
142
196
26
70
78
241
34
68
170
89
147
228
117
165
73
75
110
126
133
109
139
82
134
102
121
243
190
144
193
205
203
199
54
222
63
194
52
100
50
187
67
80
224
232
146
226
10
115
112
57
4
96
131
45
84
77
76
12
19
158
202
208
220
33
11
151
127
150
47
111
22
192
181
169
105
101
85
152
23
60
74
30
247
1
238
113
229
135
106
95
20
62
38
93
207
157
64
99
223
83
227
145
48
197
92
116
231
119
31
249
174
171
162
206
66
184
81
5
218
91
53
125
240
137
242
176
65
175
186
178
16
141
123
236
94
185
46
97
167
163
32
8
9
13
235
58
156
219
148
17
155
246
103
136
69
128
230
198
79
49
177
214
212
195
35
61
149
6
239
168
122
0
37
43
154
213
225
25
3
44
140
172
217
118
7
183
189
88
129
200
211
215
245
159
41
164
166
36
28
179
234
244
24
27
209
72
56
59
