113
24
239
273
0
54
348
185
161
340
150
218
165
203
248
306
175
73
162
29
186
305
45
159
1
249
196
200
44
285
120
312
87
82
299
38
174
291
217
11
333
329
115
7
139
170
263
109
276
233
176
211
5
74
346
126
28
274
101
234
238
155
23
127
300
230
141
240
269
123
213
20
52
342
322
71
344
317
142
148
156
250
86
244
15
129
81
19
254
310
118
89
130
202
105
275
152
226
66
6
16
272
181
187
58
65
64
75
56
138
46
177
180
307
102
131
42
319
158
345
27
298
198
282
144
247
57
293
309
183
92
137
160
315
231
147
125
100
257
135
39
114
251
326
121
301
284
296
163
236
246
59
151
133
43
347
94
321
90
330
323
193
111
95
255
260
283
33
136
96
124
237
37
98
68
108
32
84
77
146
184
331
267
119
277
69
191
223
26
171
327
106
34
258
297
338
83
197
112
241
103
286
78
292
30
168
253
116
235
288
308
228
195
22
206
134
318
243
349
60
229
232
4
149
271
70
104
190
182
145
110
99
164
204
122
265
12
214
324
14
270
268
278
167
290
210
325
41
154
143
332
140
209
31
51
62
8
128
10
242
35
157
166
313
328
93
17
132
280
194
287
208
72
337
49
48
279
227
172
55
97
199
220
335
188
189
215
2
3
336
207
224
339
343
18
36
9
259
80
295
281
13
222
294
316
47
117
334
252
245
50
341
21
40
88
67
91
256
304
25
153
179
262
79
107
85
169
201
303
266
314
289
76
320
63
216
212
219
53
205
261
221
61
225
264
311
178
192
302
173
