209
220
199
102
218
189
56
101
106
219
233
69
79
154
87
90
37
148
88
74
100
157
179
140
147
24
39
185
214
118
123
228
129
169
30
193
44
73
21
51
126
76
167
155
246
28
0
229
135
182
197
184
57
236
159
211
17
19
40
104
174
201
11
172
63
55
230
128
139
125
109
41
226
191
239
68
142
38
103
131
95
93
58
231
47
164
225
162
247
204
25
7
117
85
1
29
23
212
53
8
124
89
158
244
94
208
42
203
110
6
20
222
108
243
221
97
27
81
145
242
137
80
144
152
70
190
245
143
183
64
59
168
48
96
3
4
223
61
77
46
133
112
196
141
84
192
195
175
45
113
91
116
165
202
111
163
33
50
78
115
5
170
72
200
173
9
82
13
188
83
66
181
241
67
134
227
127
35
216
180
15
194
149
206
122
187
18
62
60
54
138
49
130
235
2
14
234
43
86
151
198
16
136
150
10
99
121
207
22
232
65
12
75
240
71
153
205
177
215
32
34
160
156
119
171
178
217
26
186
98
132
224
36
146
92
31
105
52
238
107
120
161
176
237
166
248
249
213
210
114
