182
238
57
89
173
162
228
51
86
41
186
5
14
151
158
53
131
222
232
233
39
118
179
135
155
87
119
104
246
143
184
45
230
23
6
100
75
210
117
159
95
37
150
169
79
66
176
168
138
243
111
211
247
175
4
191
240
177
121
152
189
38
76
242
43
21
215
11
99
61
237
209
3
136
26
196
46
235
65
74
28
164
50
134
102
114
124
60
239
181
33
193
109
48
188
139
245
128
206
187
106
157
220
98
113
167
126
32
132
2
244
207
229
231
58
49
80
236
140
133
7
8
170
88
154
59
197
69
91
146
241
82
84
64
25
112
148
68
105
17
190
90
202
27
1
130
137
226
171
52
213
221
62
227
145
248
63
110
108
0
47
160
40
97
77
71
34
120
122
22
72
183
166
174
55
78
144
29
94
249
208
212
10
31
200
35
219
18
153
101
42
96
15
216
85
161
192
56
92
203
205
217
225
54
147
214
12
20
116
81
9
70
224
13
165
180
16
19
44
172
163
73
115
24
234
127
141
156
30
204
195
223
36
194
198
185
149
125
178
199
201
123
103
93
67
83
129
107
218
142
