110
28
214
106
244
119
132
161
67
17
39
93
237
51
180
1
68
224
230
198
233
64
77
126
207
48
172
82
204
158
188
7
104
137
171
44
111
59
50
60
217
240
138
139
83
9
25
100
29
241
91
52
134
150
203
19
14
47
42
89
131
173
226
5
136
200
118
125
201
143
87
31
53
4
99
92
246
120
140
170
242
209
205
199
35
168
155
185
123
71
194
33
156
63
58
248
10
181
146
26
40
206
166
80
66
215
189
41
175
32
113
222
75
102
70
105
245
196
49
107
220
238
162
57
37
78
115
236
24
21
90
13
133
18
98
12
124
243
55
43
239
88
8
16
23
182
96
36
159
152
22
127
46
151
157
213
79
114
112
163
219
195
149
116
154
45
247
30
108
229
234
121
191
3
148
6
211
192
38
84
186
225
142
164
86
15
183
221
11
176
147
54
2
73
184
235
27
193
197
62
69
101
218
249
94
223
34
61
216
128
122
97
212
227
144
210
20
56
95
0
65
167
74
72
103
228
231
177
81
85
141
76
145
208
153
178
117
202
232
190
169
109
130
174
129
160
187
179
135
165
