58
231
67
174
60
188
106
141
241
51
116
142
247
49
111
55
86
72
41
212
76
0
30
173
103
32
226
63
27
12
135
205
230
126
82
17
199
170
34
217
14
119
153
139
59
147
155
207
143
91
123
145
64
37
144
129
128
156
150
21
87
203
242
239
187
47
210
198
193
152
200
228
88
137
42
81
115
43
107
183
185
196
133
110
26
19
220
190
197
36
215
66
130
168
158
248
73
181
120
157
229
240
191
50
101
114
204
98
127
11
202
182
94
83
219
166
214
208
227
93
125
243
206
57
46
237
78
71
4
62
33
10
75
104
235
48
221
175
236
218
222
9
56
189
74
164
18
132
52
24
53
172
148
249
7
15
201
194
167
45
118
70
38
162
138
154
80
29
146
121
209
2
244
161
77
160
54
184
213
151
84
225
179
99
105
232
192
245
140
109
85
246
176
65
108
35
112
165
149
90
131
177
134
23
223
186
113
171
40
79
96
8
178
100
169
20
238
39
95
5
16
216
233
159
68
31
97
25
92
117
6
122
22
44
61
180
3
28
69
89
1
195
136
224
234
102
163
124
13
211
