105
133
57
104
161
2
230
164
72
106
234
120
21
203
98
158
83
174
248
137
18
41
220
213
239
196
7
8
9
61
91
121
125
143
236
112
68
55
204
151
60
69
152
194
173
47
201
242
165
243
95
208
26
59
159
195
49
80
223
180
233
153
177
166
147
76
189
170
74
135
136
176
42
87
113
66
46
225
101
71
175
37
58
211
235
193
139
156
82
246
3
6
229
50
81
221
19
232
28
231
227
199
123
38
126
79
65
241
64
240
198
226
56
62
53
94
114
32
73
238
138
92
212
44
130
157
206
52
11
222
70
179
40
107
218
245
24
43
181
4
102
1
187
31
191
5
122
132
88
217
15
17
30
247
168
202
27
127
214
108
142
128
16
160
209
116
129
219
34
186
215
23
131
110
205
154
155
207
67
93
183
35
22
54
14
84
99
141
182
0
29
48
167
185
163
172
197
77
134
85
162
250
237
140
20
86
224
249
51
190
192
39
96
97
25
188
111
10
109
150
171
216
184
33
119
148
149
210
169
12
13
117
118
145
144
124
178
36
115
146
228
90
200
89
45
103
100
244
78
63
75
