133
36
87
265
225
50
98
240
99
195
191
247
132
208
168
349
160
189
16
92
1
44
334
288
120
266
139
238
310
296
26
339
114
227
179
28
203
162
188
243
184
304
329
103
178
343
37
73
21
340
209
289
128
33
250
165
10
241
84
0
212
11
130
163
30
323
280
194
257
53
102
25
147
86
284
234
337
218
119
346
167
254
242
335
83
201
215
299
17
206
126
161
175
39
226
331
233
279
328
317
297
292
259
185
106
116
274
176
127
88
101
344
59
314
115
216
222
69
287
138
169
268
63
32
18
173
214
295
217
64
196
129
85
316
110
252
60
313
269
4
35
62
249
146
253
174
76
307
27
152
153
105
171
8
345
205
327
198
190
7
78
117
12
13
258
34
202
56
156
180
164
230
263
276
341
45
154
255
333
49
70
81
211
260
67
77
224
290
124
111
326
275
5
90
9
89
94
145
219
19
23
24
29
159
31
150
330
256
246
43
61
108
140
232
144
71
271
74
107
79
95
97
181
277
6
210
305
312
42
239
319
2
3
193
306
342
113
282
186
151
158
322
123
236
308
14
15
72
20
96
192
285
135
57
100
336
22
183
47
244
348
40
93
273
303
166
141
237
281
220
278
136
228
55
137
272
298
347
38
54
223
41
51
311
46
48
66
155
251
52
148
170
320
58
121
91
125
65
68
291
142
231
149
75
131
315
300
80
82
199
182
187
338
143
221
293
325
301
134
283
270
104
309
332
109
267
286
112
213
118
122
294
235
302
262
321
324
172
248
204
197
245
177
264
261
318
207
229
