43
297
37
33
339
203
211
344
19
333
247
336
295
161
27
309
65
251
263
346
114
276
166
49
56
216
239
316
294
319
14
156
137
198
95
160
262
67
278
46
235
130
213
39
225
107
141
110
208
145
218
345
22
1
303
328
266
124
242
296
104
214
92
78
200
88
312
307
171
80
21
310
205
274
277
241
190
245
256
113
42
48
308
73
151
54
53
103
7
196
334
0
47
93
122
192
253
79
325
112
173
255
179
102
283
18
108
105
94
57
139
183
311
275
63
317
109
40
143
133
136
140
182
212
306
87
267
31
299
338
174
254
12
23
222
347
304
250
224
290
89
60
335
20
230
15
238
268
326
229
29
264
117
62
292
144
188
111
314
287
3
236
68
84
154
301
96
209
240
116
189
202
74
75
8
72
226
164
77
126
167
281
210
131
260
17
25
321
342
106
279
348
132
99
180
206
234
163
91
153
76
120
128
243
340
237
298
284
324
152
337
55
148
195
322
273
282
305
146
123
138
341
82
34
201
269
257
32
147
185
135
315
221
149
150
293
4
246
125
71
349
227
272
115
261
86
155
159
10
170
186
331
70
50
191
16
9
98
127
231
249
45
280
343
134
258
330
244
291
5
6
38
69
181
100
175
35
248
233
288
142
252
232
58
197
199
97
207
285
332
2
119
259
118
194
178
172
11
26
44
64
13
270
228
271
81
36
59
169
184
24
66
320
28
157
217
318
61
83
204
223
51
129
41
219
162
302
30
85
265
327
300
101
187
121
289
313
286
52
329
177
215
323
158
176
220
90
165
168
193
