109
115
64
173
43
54
179
211
57
28
14
175
45
147
241
235
133
61
12
56
94
18
100
176
44
150
210
66
223
151
27
30
104
171
203
50
165
191
13
159
227
49
158
183
199
55
187
51
73
60
184
19
247
72
236
226
81
101
246
114
41
196
190
189
144
248
166
16
163
156
25
161
231
9
63
42
238
245
80
204
214
23
157
78
232
233
186
197
216
17
239
138
76
206
201
117
103
11
15
6
33
5
174
209
154
10
82
39
145
58
192
90
119
20
74
135
169
65
131
217
59
32
225
129
107
89
168
97
137
108
229
38
4
180
79
172
193
182
249
1
77
29
234
98
164
112
194
111
22
35
160
123
75
71
46
122
128
99
152
177
83
26
0
143
85
113
2
219
69
181
125
149
21
37
110
142
116
207
134
244
53
170
148
36
127
86
224
96
188
230
205
153
155
40
202
121
124
47
7
195
52
84
215
118
146
228
8
185
139
130
24
68
220
240
3
132
200
221
95
136
67
88
120
126
140
198
87
167
212
31
34
93
218
48
222
242
106
178
208
213
91
102
237
62
162
243
141
70
92
105
