165
208
109
248
72
18
114
206
121
1
82
47
224
55
187
5
102
113
116
238
204
76
132
223
225
29
140
234
170
79
166
215
73
74
243
152
69
249
81
17
78
108
157
77
141
52
133
94
27
220
158
104
26
106
167
71
135
25
145
125
235
232
32
43
221
163
70
185
107
229
0
194
245
231
13
213
115
96
44
62
48
207
7
146
227
200
122
127
89
120
56
156
90
101
129
162
161
138
149
119
39
233
105
155
143
178
117
99
100
193
151
2
191
64
6
86
66
179
199
59
144
150
168
88
198
159
236
154
164
148
15
183
33
142
50
93
182
41
57
22
24
195
53
38
46
34
173
36
75
83
54
211
176
190
230
4
51
60
184
242
180
153
205
112
65
177
188
42
45
192
247
20
40
147
226
241
131
222
3
9
67
139
203
210
123
197
28
212
8
10
11
12
228
14
19
118
16
217
37
80
201
240
21
30
23
214
237
137
128
136
218
31
61
134
98
126
35
202
85
171
186
172
58
95
169
49
111
181
124
63
246
209
68
239
91
103
196
84
189
97
244
87
92
175
174
110
130
216
219
160
