365
417
430
348
297
22
192
3
95
11
362
445
377
224
277
207
109
249
202
301
302
219
336
215
51
191
147
211
374
275
167
7
419
446
123
412
14
26
128
225
233
350
443
201
210
268
357
42
367
385
253
380
110
69
314
261
309
378
273
284
283
352
126
41
150
19
267
293
339
198
194
386
30
181
62
320
165
324
34
337
247
161
67
332
440
214
315
295
307
85
220
68
379
97
83
164
6
341
49
48
400
288
428
129
153
176
238
266
172
75
175
163
340
178
236
125
449
390
242
183
0
321
343
409
56
216
347
24
371
349
15
209
4
416
376
252
394
401
124
66
426
144
79
114
203
404
84
305
141
182
229
435
193
381
93
318
206
132
28
13
102
133
368
145
311
134
213
263
174
59
403
418
308
312
130
65
310
364
200
423
50
78
429
226
231
18
16
366
393
9
330
37
392
148
278
271
282
438
152
306
188
168
71
32
100
360
8
237
391
345
12
86
354
170
155
396
113
53
265
235
47
119
234
232
45
140
407
280
218
389
259
118
64
402
154
1
190
269
217
420
245
414
437
90
272
335
415
91
334
101
442
359
187
223
294
292
76
146
158
397
255
143
319
384
329
313
138
388
46
383
136
372
33
251
31
296
74
425
131
342
77
105
441
72
149
405
212
264
317
355
173
36
184
387
122
230
239
276
327
58
250
370
44
70
270
38
299
398
444
287
448
99
171
197
356
127
103
39
353
35
159
195
98
92
408
55
254
326
304
338
286
413
17
274
382
375
351
57
142
204
289
410
52
241
169
432
116
82
111
157
73
205
285
256
228
300
2
260
373
431
244
29
258
54
120
135
121
421
139
246
248
279
180
222
316
208
358
186
221
427
303
166
21
27
87
323
436
10
411
5
40
185
262
298
333
162
447
63
106
20
81
89
112
189
240
290
291
363
439
361
88
156
328
331
23
257
80
107
243
434
322
424
115
25
137
43
395
406
199
325
399
60
94
104
108
227
117
151
177
281
433
61
422
346
179
196
96
160
344
369
