145
23
215
196
53
57
185
75
208
46
111
229
39
72
22
116
17
214
35
179
170
55
126
83
64
134
192
105
210
222
68
36
225
21
249
61
28
52
246
230
117
94
159
193
232
211
213
205
121
149
218
103
173
95
209
3
2
76
27
242
49
202
240
62
48
66
191
135
58
206
189
114
203
122
154
171
14
127
4
133
88
239
160
9
51
16
110
33
108
158
0
71
30
115
148
177
85
101
165
82
219
1
78
174
107
80
132
231
157
138
153
141
18
97
11
223
150
235
86
188
129
15
226
118
181
29
220
37
212
200
98
34
84
217
182
187
63
204
130
96
113
161
69
38
6
244
90
92
237
73
184
164
183
233
243
155
234
65
201
44
248
12
168
241
163
120
60
89
228
112
167
50
59
24
32
224
166
10
56
13
70
140
42
20
104
178
176
123
41
136
26
74
77
207
31
67
93
5
8
195
247
7
81
199
106
162
19
124
152
156
54
102
109
137
143
172
79
100
151
146
45
190
197
238
125
198
25
245
43
236
139
221
142
99
186
40
87
128
180
194
47
169
131
147
91
216
227
119
144
175
