192
9
210
23
29
56
115
236
106
177
38
153
109
34
158
48
226
89
73
60
113
69
241
16
181
218
206
227
142
178
32
7
225
110
81
93
76
84
175
139
46
100
172
212
143
150
133
54
211
245
131
128
49
203
59
126
17
6
224
180
221
156
191
55
83
247
195
101
79
196
64
104
86
121
20
122
173
0
13
35
151
57
71
239
233
216
8
67
160
222
202
129
155
231
14
171
198
197
246
237
25
112
147
27
50
170
30
144
102
41
43
201
12
24
209
92
145
26
75
88
52
45
10
130
97
53
219
165
174
189
61
162
136
220
134
2
3
214
229
215
70
65
141
72
42
77
176
40
123
119
33
117
36
248
51
107
167
111
187
152
19
157
116
188
146
207
230
164
80
213
135
159
47
11
21
161
234
120
118
163
204
194
244
235
114
166
232
94
124
199
138
108
1
193
37
15
58
242
95
66
182
137
223
78
31
169
240
90
217
168
22
99
63
125
127
228
132
185
154
105
184
190
183
205
87
68
85
249
18
243
39
103
238
28
96
200
186
62
91
98
74
82
148
149
179
4
5
208
140
44
