33
175
86
129
135
67
131
158
112
149
172
8
133
55
116
29
189
28
49
184
92
32
9
113
157
43
20
27
44
141
142
93
126
76
144
191
42
132
1
45
61
2
146
75
46
0
5
130
79
180
11
52
108
83
155
56
122
179
145
31
137
148
35
39
88
81
16
106
40
103
26
194
151
80
190
64
37
198
7
150
107
193
89
51
97
66
166
181
195
162
192
4
30
125
102
147
6
100
84
167
128
58
13
18
139
98
77
119
70
164
110
47
136
159
161
138
48
54
109
87
140
114
50
160
62
90
105
69
124
24
178
183
186
34
127
3
94
96
99
72
14
10
118
171
173
17
101
117
12
199
15
57
165
74
19
154
177
21
22
23
25
187
85
111
174
197
188
65
41
115
63
36
53
38
123
60
82
104
95
78
176
59
152
163
143
68
153
71
73
156
91
182
120
168
134
121
170
169
185
196
