68
232
184
35
86
139
230
134
238
23
215
129
116
21
105
12
100
39
70
204
3
57
38
236
118
143
228
137
222
224
123
194
20
191
166
220
27
49
154
24
61
29
81
151
153
102
103
41
188
82
66
127
51
22
84
199
63
147
113
240
107
136
52
98
17
221
149
185
164
152
109
245
141
26
155
179
202
205
71
96
196
174
211
13
209
95
60
183
91
119
217
6
74
4
106
33
157
130
115
77
242
146
79
36
177
180
117
131
235
69
88
162
104
239
241
165
25
169
132
111
73
58
218
159
110
54
7
225
45
34
1
186
246
195
97
8
42
173
167
229
83
28
227
122
216
142
200
214
0
189
101
32
249
65
44
40
170
247
219
93
94
182
2
14
198
168
5
67
201
121
11
89
126
212
156
206
18
144
50
223
181
55
158
43
80
128
207
62
64
197
19
85
140
56
53
226
9
10
37
108
203
213
112
234
231
15
16
148
125
120
190
92
176
46
47
161
178
135
233
99
30
31
76
72
75
78
187
59
124
243
171
193
175
150
48
210
172
160
114
237
138
208
145
244
163
87
90
192
133
248
