27
280
131
126
198
381
209
336
346
301
258
61
111
326
32
90
333
322
348
250
154
244
321
55
368
218
182
338
371
9
200
357
398
49
12
360
22
69
230
207
296
108
340
361
179
374
271
214
165
169
234
98
364
142
70
25
223
112
358
105
77
153
56
88
306
8
102
39
327
186
265
210
122
124
35
393
103
36
262
140
255
266
129
51
337
212
369
87
183
392
307
132
332
194
50
270
399
176
343
20
106
206
331
259
143
219
320
196
147
113
171
292
228
308
325
80
323
92
385
365
156
310
181
33
145
257
45
159
328
134
277
26
23
71
178
362
353
150
195
335
363
11
18
239
367
89
137
288
273
78
278
81
59
394
101
293
99
1
216
4
60
7
100
291
10
157
248
268
211
174
391
227
173
386
52
180
324
287
67
125
44
243
190
43
351
390
350
264
21
84
158
191
31
238
319
379
38
120
119
240
47
384
63
246
66
74
253
242
231
302
109
175
261
388
284
79
128
199
290
5
208
285
267
352
68
116
15
136
85
202
24
83
188
260
389
139
177
299
29
163
380
149
313
148
146
40
135
339
283
94
86
282
356
193
141
0
2
114
14
6
249
329
376
91
237
226
201
164
318
13
289
16
17
58
64
19
118
167
366
30
382
104
220
304
334
42
383
294
110
117
229
28
62
48
130
269
347
34
251
170
221
37
144
95
354
41
152
185
133
298
46
316
184
213
222
53
54
123
217
297
303
395
76
168
57
275
344
151
276
161
341
65
252
311
378
397
160
349
232
241
254
373
75
72
73
370
121
396
82
330
236
272
342
372
96
93
203
274
235
225
315
286
107
187
192
115
162
377
247
127
197
387
215
138
205
375
281
155
189
166
204
300
256
172
305
309
263
295
245
233
312
224
355
279
317
359
345
