94
108
157
8
248
14
190
16
122
240
104
86
204
202
27
171
115
73
93
147
59
129
235
79
46
1
236
239
66
209
249
71
75
124
168
99
215
0
205
133
197
247
123
50
212
47
238
186
89
213
37
243
88
220
105
117
28
62
23
159
112
192
51
219
26
58
78
184
176
165
141
130
20
188
143
136
42
80
185
92
9
216
230
180
162
5
183
167
242
169
148
217
67
232
139
83
43
12
81
6
38
11
13
18
44
160
90
175
32
106
54
134
68
135
191
203
125
15
132
211
154
2
17
137
52
55
60
145
76
170
182
156
65
161
146
173
48
98
97
138
244
33
174
164
187
140
194
34
69
91
155
223
207
214
29
31
131
201
144
119
226
70
10
49
82
178
189
3
4
61
110
225
7
40
72
198
210
199
41
200
96
103
53
163
195
206
114
35
158
224
19
30
102
149
172
181
193
21
22
85
107
24
25
246
233
64
113
152
36
39
109
74
45
77
95
121
177
245
218
56
57
111
118
126
87
241
63
116
228
227
142
101
208
84
237
221
166
234
231
151
100
179
120
153
127
222
128
150
229
196
