134
179
223
231
163
245
193
44
88
165
159
93
66
125
81
247
127
115
71
110
37
174
191
173
246
25
41
67
196
68
205
113
235
218
103
180
139
114
197
52
34
186
133
24
42
185
214
109
129
176
213
78
8
48
49
194
128
29
33
108
35
162
181
90
141
220
225
161
222
148
144
150
120
131
31
122
236
137
83
238
160
17
171
132
244
221
40
97
199
56
19
4
182
147
12
54
76
158
175
229
92
216
82
242
210
38
248
188
208
187
23
27
105
61
3
112
80
212
190
30
152
86
26
124
146
51
7
172
240
70
224
241
189
50
153
233
10
21
53
58
126
117
59
149
101
47
79
11
74
6
39
239
95
121
65
169
228
5
107
77
100
157
91
60
62
168
234
18
249
118
96
75
195
178
15
85
32
73
84
215
135
226
203
14
198
69
89
130
0
1
2
206
20
151
87
102
219
9
204
22
43
72
36
28
45
57
184
13
227
16
217
111
63
106
156
138
145
211
232
104
192
202
164
123
140
98
55
201
207
142
154
166
230
155
237
46
64
200
183
209
99
167
94
177
170
136
116
143
119
243
