435
88
125
26
445
351
367
228
277
97
5
38
168
293
196
265
16
218
336
127
307
58
50
19
408
13
41
268
134
189
129
203
175
320
243
411
247
143
230
112
384
282
416
417
283
202
324
385
360
420
79
135
8
331
33
29
375
48
178
280
174
160
3
166
69
415
78
321
253
306
142
217
60
180
379
151
62
318
136
448
246
221
77
149
121
71
298
56
84
239
43
42
122
25
433
405
414
358
111
207
252
140
138
256
343
322
172
352
179
59
123
422
235
325
171
345
418
373
82
96
190
365
382
279
31
237
333
440
99
259
28
144
337
350
244
100
443
388
261
234
372
80
266
75
398
429
158
36
340
177
109
329
186
225
148
326
380
402
275
381
421
55
332
396
30
409
430
263
95
137
354
22
394
92
227
442
428
251
161
311
366
288
304
308
407
426
185
391
46
377
197
436
369
49
368
53
131
83
162
273
152
119
181
364
389
361
10
2
44
208
438
139
348
72
316
101
248
214
18
192
0
334
106
223
124
210
233
278
231
27
86
170
20
427
342
132
184
327
242
447
93
424
374
187
323
150
395
120
404
216
370
258
328
215
76
159
254
183
305
204
294
397
201
335
66
153
312
303
315
1
276
193
212
287
94
338
23
286
130
359
437
292
224
441
341
103
357
70
68
236
257
383
11
260
297
267
102
12
145
34
310
431
57
219
24
317
147
301
200
164
299
392
156
67
63
211
264
229
191
314
118
195
410
353
269
400
232
399
434
87
21
128
182
107
291
295
423
154
146
355
390
274
104
133
432
64
167
281
376
14
52
222
45
91
262
403
412
6
15
302
378
446
74
290
4
199
238
89
113
296
141
110
289
387
271
117
37
85
39
9
386
240
346
51
330
7
90
105
220
272
285
188
61
371
439
157
115
194
339
54
98
198
356
173
126
209
169
255
284
319
419
17
241
363
40
155
393
35
108
270
213
449
73
206
32
165
116
163
205
401
347
114
245
176
300
349
425
65
81
47
413
313
362
250
309
344
226
406
249
444
