113
216
26
127
134
200
64
67
250
211
0
1
162
154
100
249
150
101
65
131
177
3
228
209
181
128
106
196
103
54
193
199
157
186
84
89
96
192
129
125
18
5
10
187
118
120
58
19
184
214
30
60
231
35
55
92
149
4
148
210
204
107
78
165
95
29
69
99
171
83
91
114
56
93
12
159
208
221
70
11
166
141
34
110
227
117
135
219
79
53
111
191
112
138
102
212
38
88
217
168
198
172
68
104
22
6
33
176
169
248
9
42
46
116
59
161
133
185
108
86
236
28
77
51
203
139
74
14
50
21
174
245
244
155
63
45
76
147
39
152
72
230
156
32
224
160
132
183
15
140
24
62
173
232
189
246
82
16
167
20
122
49
43
205
123
115
2
202
213
218
182
37
233
40
109
44
247
7
66
215
143
180
179
98
238
220
48
81
27
201
235
31
23
197
71
190
178
85
57
119
207
80
87
61
97
142
241
75
195
52
73
144
145
239
17
164
41
124
130
153
223
226
94
8
242
126
146
243
13
25
105
163
175
194
222
47
229
151
225
237
234
36
158
170
137
121
206
136
188
240
90
