80
54
253
287
265
316
69
262
89
324
154
16
78
311
48
82
123
331
333
271
268
111
227
204
131
279
349
274
58
203
294
298
162
115
101
116
213
280
315
52
148
317
43
211
255
215
308
259
258
235
105
0
272
87
76
93
306
177
46
86
18
81
182
322
121
103
263
187
151
303
216
343
145
129
156
139
207
277
297
282
133
229
20
201
74
36
318
21
345
39
245
336
61
38
196
192
128
185
167
225
110
237
90
31
327
144
164
347
295
244
335
222
257
53
200
241
190
30
32
117
338
307
67
236
329
288
72
96
286
301
94
24
180
91
208
11
161
199
29
146
278
59
300
173
178
292
42
163
9
219
62
264
107
321
108
120
191
71
312
157
247
319
223
291
127
325
251
134
28
273
267
269
250
169
132
25
106
100
296
231
150
194
125
261
85
98
41
344
27
124
70
47
226
6
252
63
143
44
159
181
15
158
160
84
73
293
230
135
17
68
176
290
310
99
92
113
14
330
260
240
26
337
197
170
51
130
184
97
60
23
193
137
285
171
126
37
4
122
2
168
186
188
238
328
88
233
79
266
55
34
281
3
243
7
45
289
302
242
22
83
326
56
299
152
40
140
313
348
239
8
283
284
1
332
217
209
221
189
210
33
104
77
12
13
249
275
66
234
149
346
220
232
5
172
218
224
309
195
339
340
175
10
35
254
50
166
248
320
341
102
118
19
205
228
95
65
142
114
305
109
304
138
256
147
214
323
314
112
334
174
183
276
141
202
153
342
64
155
165
212
119
179
49
136
270
206
246
57
198
75
