151
166
79
8
18
197
35
179
88
114
143
76
102
118
74
138
89
131
111
29
142
21
144
106
158
156
129
126
77
53
169
98
7
133
61
193
80
72
19
71
5
57
161
186
191
10
113
81
11
55
164
188
0
117
140
38
32
93
68
125
153
184
97
50
155
67
15
59
25
182
52
95
139
42
78
13
65
130
99
4
6
90
70
147
56
37
27
196
134
47
171
44
43
60
64
145
157
16
96
49
167
181
94
141
132
137
31
9
165
45
105
23
33
109
127
2
121
163
119
187
110
178
199
82
30
101
160
146
83
192
17
36
107
62
168
159
14
86
87
66
116
12
63
175
39
54
124
177
40
123
1
3
46
24
136
75
148
20
198
92
185
103
135
26
180
152
58
174
128
34
73
84
108
122
162
170
173
194
22
100
150
104
28
85
91
189
120
112
149
154
183
51
190
41
48
172
69
176
115
195
