218
161
187
29
152
70
58
139
31
157
40
59
103
129
102
55
244
116
235
90
64
147
20
68
232
8
228
22
125
237
220
241
104
193
117
120
127
195
88
111
37
6
53
140
188
245
77
184
106
216
56
144
134
155
110
217
41
182
99
30
166
209
240
236
169
62
214
23
52
75
47
101
186
143
234
105
233
162
92
2
194
137
198
158
3
170
196
167
163
131
50
136
123
222
93
142
69
35
87
205
36
208
63
15
219
207
34
175
203
5
97
204
72
95
133
183
44
0
206
18
173
28
224
225
122
108
174
231
66
190
21
178
10
238
115
67
14
239
48
7
76
17
78
171
226
126
189
130
249
248
176
211
145
212
86
242
84
180
132
107
213
247
74
156
82
215
71
192
177
164
128
54
124
33
119
250
98
151
168
32
121
65
45
38
135
26
149
200
221
27
89
113
51
181
150
197
109
25
61
172
141
243
42
81
114
49
4
112
179
1
96
138
148
191
11
227
229
160
199
230
43
80
202
60
118
13
159
9
83
12
24
16
46
153
223
19
39
154
201
100
246
79
91
210
57
94
73
85
185
146
165
