131
126
178
47
37
86
164
16
70
223
115
8
73
24
28
238
237
46
69
105
144
136
57
112
74
50
36
66
10
108
89
109
235
212
18
102
34
157
135
243
159
160
189
148
96
114
29
226
166
206
153
217
224
17
182
142
249
118
77
95
13
38
219
218
78
97
200
2
137
119
49
248
163
123
185
101
20
104
133
4
240
205
246
196
26
241
59
98
190
15
191
127
111
51
228
113
210
3
231
216
84
87
203
52
60
188
100
134
76
117
145
150
58
173
48
242
208
27
177
0
172
110
201
22
247
193
245
132
221
168
129
32
198
146
72
207
183
186
176
214
41
80
12
125
55
143
33
230
71
180
67
239
158
140
181
91
92
233
5
227
147
63
103
192
9
106
128
184
124
23
222
56
225
155
65
62
64
213
35
40
11
149
43
93
82
120
44
154
14
167
174
1
99
194
121
169
199
42
187
6
7
31
68
161
202
220
152
45
53
19
141
215
179
39
79
88
211
85
195
234
244
94
204
81
21
107
209
165
25
30
75
90
139
130
171
175
162
138
236
116
232
156
54
83
229
61
170
197
151
122
