39665
54561
20281
2538
6660
54279
54254
50429
54173
5677
39634
21201
54423
40950
45284
46305
3197
7835
36709
20288
5342
6585
39104
14872
54562
54458
39555
7525
36876
4830
20494
21557
21341
39115
54339
55052
21253
46844
5159
20327
38612
45288
7246
2666
10539
52210
42321
5641
50236
39682
42285
6751
41402
36776
37234
39222
36548
8929
12130
8219
54918
5654
5053
41055
2816
55063
36863
39669
39017
2619
5143
16269
7268
10236
54861
2872
39491
6867
44476
42338
5579
7058
40132
46347
39749
6261
2443
54955
41882
13454
54643
20958
55425
12616
7242
20701
4897
54510
43039
54191
40661
6753
36664
9373
12547
5568
55309
38974
7129
8789
42447
46787
5635
8950
50014
54099
40078
54211
49059
39336
5553
39986
38852
13113
13038
6489
36962
5546
48511
20608
2771
5638
43496
5204
54079
5138
38682
5626
39281
54679
43485
21012
13477
43315
11417
21652
42365
10021
54684
46902
36665
4706
20489
7668
40552
42235
5718
40557
55502
10391
3157
2574
41385
39729
7612
3114
55250
4574
11845
41127
49036
54695
36929
8550
55055
3132
44074
9562
9224
20778
7396
55175
3155
21607
6943
14312
41923
9766
21653
8060
38596
54388
37221
55232
7515
42988
5582
6465
37102
39748
7196
5101
39753
45794
54247
21521
43010
20377
5223
39791
50152
6577
21158
36982
39182
39251
41342
44216
43601
6745
54266
20322
55273
16203
54521
46483
41364
5211
40244
8941
8973
5954
38684
20317
2835
47019
2752
21211
54330
54365
44415
5732
40801
20492
9009
2699
21467
20720
26787
54030
36552
39764
39531
21147
49459
2704
38882
15179
7824
5449
36762
21408
20408
6379
4683
9092
38583
21385
40163
55369
4776
39484
46546
37030
39887
4922
36634
54520
5701
5651
42088
39926
5585
42157
50272
3012
5961
36707
8980
50075
9971
55141
39638
39618
20598
54851
39313
53809
36862
21534
38768
54103
9204
19648
37010
55190
7562
5193
40288
40533
10493
54904
46525
55321
42022
21139
21046
5508
10621
16837
21446
20216
42953
21242
36922
42950
54706
20357
21204
39658
36614
21271
8303
10237
8158
7178
2912
16246
3135
21162
54331
2474
55479
54662
40208
54524
54601
12665
26139
23732
33210
22526
37388
60832
61026
52511
60300
50584
46346
66410
55176
9187
20236
42280
13615
5089
32050
46307
36547
12436
41970
5227
36678
55066
26146
61238
60225
39942
9792
54968
18152
54865
20872
39226
4914
16302
50372
60047
39122
27317
44605
20308
41267
61259
12215
42370
7331
279
46579
20717
8082
5261
39597
40818
10563
21202
38622
5294
48734
37769
40465
2539
9147
2635
2441
59838
20714
6975
61324
12950
9370
8375
42061
56171
5516
20758
20431
39061
28046
67032
12668
6892
20158
36881
23651
54880
57338
20729
60909
2562
26340
61942
9137
5693
20020
21325
40794
60045
4564
46512
20602
9455
66422
6367
64136
55357
13644
43909
60253
42155
5104
43055
14796
42985
17140
20971
15487
2586
38698
56217
28893
57340
4771
67131
61099
2612
5320
41129
9371
4879
15587
43459
43021
61270
61368
54708
11185
12689
65834
2439
2974
6895
43522
2641
7677
61673
61258
60041
60640
57172
32244
26348
54167
2608
20945
8932
49401
54023
23766
40827
46850
65469
62151
32357
2555
61915
61254
42612
32373
61275
8895
2837
21637
6540
7602
41348
48679
61276
60942
55124
61819
36544
64202
21234
66339
66189
25977
27965
46545
26329
40575
39162
26173
7955
54053
6808
37047
28343
47992
65971
26134
66403
43097
2853
12552
57735
43006
32416
67944
57720
48609
8637
32168
54845
36906
36828
9747
54701
54370
44620
23463
9989
16264
54088
5623
63753
5532
4504
2773
43049
44760
27700
67680
5367
20245
32873
66330
2453
39666
40927
6734
10087
5099
2400
37300
8949
23487
40834
42903
36830
60361
7091
57361
41439
16125
40682
9017
43434
55121
21441
54649
38971
39892
2668
42714
36857
27231
6508
2402
60289
21479
2616
44250
61250
54262
54736
42144
41060
61161
48179
23744
10700
5372
5666
9374
66421
5857
66411
57076
20795
54102
37127
50618
21316
27337
49038
31444
5688
61962
67219
65904
2678
54216
10584
66398
64260
28468
37062
63625
39282
62636
55469
56379
3016
59977
26045
60094
5675
55786
20372
60847
23708
60937
30456
8977
40572
36553
57967
32003
28386
60916
57839
57509
20563
28030
66125
23480
31206
57667
62147
16744
66369
25282
62037
56096
54848
55806
26350
66383
36817
56312
19680
28200
63497
54238
18893
5998
14064
39481
28082
54905
56055
32344
63961
26920
58595
26205
64242
61955
54648
26761
67615
9814
24068
21121
57683
32453
25270
64803
66043
33792
23681
67321
32473
67772
45107
20702
30294
27017
58421
49601
65980
9219
60117
9928
21719
54003
39485
3022
2858
12937
61649
45643
21001
55957
49737
66409
29535
30645
55976
56965
32590
27657
64304
57395
52338
29673
55710
60230
66982
57103
8287
23733
29998
49855
39962
40091
33395
2762
5300
57617
31209
29045
2564
21838
3732
30579
27677
61167
55911
23440
40736
26370
66335
22693
2770
22746
12961
41881
63276
30623
62870
49314
32501
23823
67782
25831
24023
20968
24138
61157
62929
56277
41109
59806
36555
55054
68004
61029
61273
54109
10077
21414
30531
62247
64077
61331
67180
24622
60822
30386
57831
6775
25322
56273
57157
16897
20300
55943
20453
56322
28551
31992
57413
56942
57197
56487
37015
7864
30067
2675
58012
57520
56731
22878
26367
66406
66001
57563
38964
63589
32337
66400
48281
26158
24145
16609
32358
56186
43115
57315
32368
28203
54552
13686
27018
10701
36891
55978
21747
39329
60950
64954
61619
23504
22374
60712
7463
32376
26152
28065
33917
46419
33565
21646
30559
57951
28220
57953
41689
62252
25787
59076
9588
54065
57368
57085
24107
27555
34200
46148
25073
66257
20330
42939
66419
21686
24983
31956
58415
33768
67754
25154
57367
66916
61279
27798
56879
57566
28391
25326
61658
63535
27121
61256
50349
56880
18735
27435
54268
32712
25782
25810
64073
5830
28648
62051
25432
22964
28908
22142
67014
48274
23918
15157
23452
32115
33099
2970
21137
60636
43063
29170
28360
55825
67522
67271
54162
20449
58679
16930
10535
41042
29928
65238
6462
31334
58904
21393
25321
44960
26019
22083
13163
29586
33621
20375
56258
56361
23968
9849
54656
59973
29537
41614
56907
25109
57948
33337
56827
43180
21745
31972
67380
5124
60473
59814
57477
56093
30362
61071
63041
39769
59702
22443
32330
21245
31080
22053
29634
29603
5417
64067
60819
10553
25739
64979
56648
30705
13624
57196
27892
56977
56910
33467
55161
36803
31932
20946
26187
61517
29224
66415
66636
55098
67177
61023
65322
26409
30605
21716
59264
26204
36699
32006
21134
33926
23848
54857
55659
5113
24148
56293
6149
20297
66132
57173
5137
58094
43110
60537
31341
31089
58725
25209
12008
32910
61563
61190
25642
67832
22660
62340
4658
22648
57422
58906
56178
63398
49139
66336
25276
27900
39120
55485
2777
36912
23506
40957
39164
59201
63355
26794
13224
26290
24003
58901
60087
58697
55122
7063
61950
56484
61843
8100
21669
6598
27570
22065
27601
32153
27938
57004
30056
27999
40773
66720
67025
62564
30862
23758
64659
33819
21117
61707
51184
16014
45472
33122
66401
67045
21100
60790
55263
51021
32600
25249
58403
27659
13088
56828
64125
28265
39591
23915
54328
30132
61365
1488
30464
22491
60239
57858
26936
9463
27144
62262
24208
49998
59132
31137
6690
39321
22445
27988
39732
36657
26665
27750
43503
33652
30697
58387
22405
24901
47402
65886
31284
24687
50343
66525
50705
27873
40333
48852
28432
26865
45668
7131
51955
50083
23941
59957
28515
29361
28425
61277
54887
26332
36777
22531
23351
29669
7816
58693
24084
57397
26148
34191
61926
50852
931
44431
56732
26365
25091
65401
62680
64641
59324
62942
26155
41006
55933
61722
60186
43899
56270
61168
43965
61782
22946
20466
28278
36580
43808
26649
47670
31682
46391
31124
61934
55648
65513
49936
24747
29685
13488
42657
32757
55453
64903
51911
25180
21839
29485
62384
23455
64319
18356
49194
47950
5580
26930
57459
57358
68039
66028
32970
67677
56522
43198
12930
10282
28367
22797
44521
61963
22379
2800
32898
58747
55556
33912
33473
63902
27170
45758
57556
32481
22809
15611
66429
56514
56406
56988
60957
30534
22597
23164
62966
61756
29961
10448
59356
26051
57186
28142
56826
66331
55559
59947
46109
6071
47386
21526
58225
56313
8220
56818
55846
57522
23481
63893
2476
7663
44017
57158
56577
23503
50288
11919
65005
26239
33707
26298
19326
22602
56882
62621
62333
64141
65731
64120
6479
30207
63046
6766
62320
10466
28457
49238
56647
8825
23738
25526
68101
20419
2480
27894
55894
57427
29625
62073
27414
58108
43172
59926
61466
25471
23340
13581
32872
57919
50118
60435
16443
47170
66104
24104
26973
24054
30019
40775
60011
26043
67379
26160
24101
55977
61587
22329
12778
26412
58684
24939
22002
67741
21150
5331
41631
23970
57077
59233
62161
50534
60042
23118
64157
67358
23073
46676
9830
7188
67210
66917
26424
33556
61513
23098
25279
33983
64634
20984
12363
60078
24894
22315
22471
20769
59229
56611
2923
62495
22078
55805
44031
55618
6115
11897
66375
65118
29934
60803
8943
41761
67377
43925
36816
67238
25216
67989
33272
22795
64925
27604
4828
23974
61651
58011
19905
22917
28555
32356
30001
25581
53008
57396
21962
21815
32420
32334
32731
67829
63349
21778
61371
61068
27646
6752
66359
29969
14377
57295
35453
29157
21151
51485
32166
32861
33901
57326
30055
22663
57645
64277
58819
62092
45361
63575
16161
63617
54355
28212
28503
58076
27991
64105
24900
57159
56016
3305
58997
23192
27310
59130
16995
68003
18065
30653
41281
45387
11337
41781
43020
67241
8938
59176
22630
58843
23011
37089
24600
6636
30286
26965
66227
59161
29320
25332
30076
63342
59866
22906
29569
26910
9837
65014
39004
25069
45977
21020
55237
53717
55504
20287
6942
47954
54287
16515
43489
39250
5018
7279
46695
55280
48569
7451
42026
15994
43193
20599
18355
49994
40800
20787
41983
55142
5939
7191
39213
5530
2456
40745
21032
11263
36905
45652
12546
18013
55059
39723
2819
50120
47280
6074
39324
20234
41611
63308
36866
20710
41025
41375
44451
41840
41675
6873
16460
10499
12361
11637
2764
20877
7425
6871
51443
37739
10648
20505
11107
8010
45847
47252
8981
2932
8677
54969
41909
12344
54057
44494
2815
3162
9713
2737
37964
16275
41598
42117
12024
13115
55042
20616
37509
36615
55264
54378
5625
33737
47680
41630
42374
44158
4603
7815
14638
9303
67876
39249
6606
5607
36621
5856
45944
20434
27312
44848
5610
15761
15133
47135
37805
52186
21002
7638
21510
4545
48389
36551
4728
46479
3698
9012
10512
14851
54718
46592
49359
9080
2855
15117
54675
36969
6360
50900
47298
9969
48316
40823
27887
29071
36888
39656
54075
40580
7406
36738
20195
48520
20328
6917
8739
64267
20853
38681
44810
40225
55465
43162
2593
43897
46472
21511
46473
40540
7308
39524
5453
3836
39672
21015
16123
47250
40588
43667
6456
27025
24507
13647
41153
21067
8441
7549
43092
14642
13269
21529
39206
20868
575
5581
10541
54902
50087
45180
8489
61031
3761
11861
7092
4713
7348
5702
41733
36815
20247
6829
21370
44486
5569
67115
7478
42960
16250
21397
46482
45646
39502
2969
54967
7296
7654
25623
36787
8274
48271
2491
7736
41822
45181
53618
51449
21165
40067
36769
46027
21568
46618
6996
48157
53757
36643
9203
43012
65665
37717
41815
6913
28973
2503
46913
2876
33999
54494
24142
23529
63660
59671
21801
14655
54442
31522
25618
62641
56043
27307
29297
15955
15593
40671
24545
5974
61703
26017
25022
6542
43203
22827
45708
59854
56481
20016
56465
21594
26138
14620
4770
24861
65033
24080
55655
54540
22237
54847
22147
46818
39796
46344
61248
33166
36124
50267
25210
65788
57805
30989
62741
26705
29208
58920
25740
24037
32681
64515
60603
21413
34021
6872
26503
49224
50575
57634
50101
17014
64727
37247
7584
3292
39620
25670
5999
23604
23741
39230
65689
58106
20212
31801
12618
11803
67950
20806
15259
59932
21578
39785
4207
13888
41471
62501
10916
28365
13656
23254
61633
7371
63340
27823
61592
21229
23302
49641
32221
31901
31088
65201
58694
27067
22240
57037
21913
56845
33721
57430
59494
24557
55917
32012
25992
27195
41112
4934
36672
37005
64539
61605
46337
32635
22399
62102
29190
44697
23305
61144
55084
57796
55598
59060
62586
31756
64555
61671
40798
22227
67531
52636
23050
38349
66245
20700
59099
14175
36917
59525
40169
25607
48143
25181
64707
42372
23525
46304
36603
31758
47380
54064
65875
28560
64649
20645
39576
38996
31678
25741
50482
11405
13963
48704
7975
61853
28416
60993
63217
36799
27134
30420
26723
57359
50617
27702
50219
55113
2768
40929
54439
56976
31557
11524
40095
28409
9748
24039
30066
22642
54564
23023
50187
7019
41947
20658
31390
54658
25293
10490
8003
36913
33582
23080
22485
33806
56187
31456
36976
22666
43081
11967
61973
2409
67019
24206
67961
67455
44304
40945
29124
26616
40332
25715
32228
25272
22111
29383
21440
62062
37287
67954
22189
55448
65664
27063
64481
56095
55049
63770
25725
28204
9701
67214
39744
63557
34010
24813
22069
23575
64280
33271
23313
42675
57917
65537
39492
30121
64426
33794
4141
36546
4905
43000
56727
60441
37116
65694
9377
27575
54255
55496
58040
28855
9059
26913
31674
30408
59630
31800
26109
60783
55721
56521
60029
31270
21658
63759
31666
59092
60256
21236
32417
55492
41438
22899
57486
8464
32714
26919
29001
67851
42977
12949
56169
43178
31641
5003
28533
62300
2513
55036
24546
5593
57439
57370
61271
10247
65633
32783
25900
24864
64098
39279
45378
4707
38959
46212
8707
54752
7540
57997
24973
28075
32039
60475
20983
44619
3945
29314
21124
30963
57946
48753
58686
20299
60178
67777
10408
5098
26460
26142
13129
26103
23954
60126
23295
63623
55437
30651
25113
58974
30434
29715
25716
2430
24835
8290
24892
26397
65675
21532
65055
59723
9154
2838
56720
64387
4596
13422
26944
27667
9395
23403
26962
27447
21505
38777
6179
31645
50528
2939
23533
32855
49997
23512
62127
41381
64513
24212
10712
44224
61583
23640
21200
38070
26068
23560
26168
11804
22202
38975
40547
23757
56770
24072
65827
27656
63636
63519
25227
31203
42413
14176
66039
28631
31839
65336
43140
2967
27010
62135
20473
57154
29074
55426
62659
5218
62192
11052
27650
10570
20985
61232
59160
26054
6346
32239
40522
46743
28109
42057
40062
43091
20498
65822
31009
47676
24837
54112
64617
59117
27686
13968
28353
29867
25149
66160
25353
15004
56292
9241
26476
60529
20792
63214
41420
37883
43133
29997
8916
2661
66364
10394
58665
59619
57637
18386
32382
8262
46003
11315
26928
55259
11470
64224
32805
59265
28430
58801
59377
59925
25902
27514
16170
20819
62057
23027
4896
4066
7933
60237
30413
30768
54269
4065
60188
63582
59223
67956
25717
47914
63548
28938
57432
8904
5595
54920
30245
26170
51448
63074
29467
63174
58859
25004
59541
31121
54114
24606
55137
46782
47478
65687
12209
25513
2780
66812
56664
62012
27788
25621
31802
36704
4797
27730
45793
42290
40825
60843
66522
31077
46601
31753
9111
23964
33564
38367
9622
59492
16238
25186
41091
65468
27224
22178
12943
63774
30856
61406
14590
38659
60166
41284
5917
44499
58619
60666
39540
32437
25929
59604
21621
61382
55506
28720
63764
60478
62679
7281
41070
65029
20547
9824
32139
66548
64592
9833
64492
66694
49460
45887
46719
61220
22196
62284
8953
25361
47933
64042
31502
41723
22249
58979
54369
2610
12540
31262
20507
55455
58713
28077
25130
26202
28336
61951
56954
67943
67012
65544
57152
64655
30659
37086
59163
54809
23256
55378
44364
64985
63821
23580
2583
47463
58909
4628
61927
5423
63601
29141
28686
50268
20336
48585
13154
57029
50570
31930
63632
15038
44516
66794
56297
62362
24977
46350
32234
41090
65686
46539
41857
47353
66464
4980
5602
8699
38833
19876
61312
38831
32067
49891
59558
40147
20275
14597
48249
38817
20881
36935
65546
61253
28807
28069
9142
55253
22497
51390
28713
65549
24985
55974
44173
25215
26800
30287
57433
21855
11612
5335
56767
8984
40162
23072
65666
62298
32621
55748
25914
24706
21613
28580
33884
7902
43026
3220
31340
32287
29812
27973
28936
43024
25610
64137
26094
43460
27558
61666
38305
5997
29325
63261
64249
21152
57316
62859
63952
9074
33592
54045
63964
25260
25366
23935
37208
4602
21785
63283
24619
22565
40824
7240
12862
66466
60292
64109
25713
28426
11710
12705
29153
14287
10815
54846
10409
61274
57009
54333
22963
24075
25478
43684
6741
28428
38372
42265
61160
39212
27743
65667
59568
61607
23601
6048
36601
41953
46732
60724
66865
10542
31799
66110
23564
57135
66384
31134
56739
44203
2477
4956
62356
64344
22410
67407
20239
23548
42883
8967
8694
22929
27648
66341
31227
37988
57453
20638
27818
64741
43085
38175
63553
27699
56875
31318
29701
18385
25616
34819
49612
33883
9490
58718
55120
23303
65874
30405
8913
64708
26256
58126
30174
4822
39766
31138
24087
26791
9010
60298
26536
64608
28463
29454
60634
30233
21482
3093
67575
8965
8908
21352
60804
27859
54092
7825
65668
42784
56556
66905
26222
42051
31085
28581
57874
55581
29734
27480
56543
41800
33686
23483
67163
28087
12421
59594
3148
31669
28376
63566
63984
38183
64636
56641
54713
63489
13386
65836
23541
62890
32214
56024
23822
58905
57721
32379
53906
57379
60973
43319
23997
22016
37066
23334
61691
36560
56998
64664
56445
66656
51179
56164
29693
32952
62183
29717
41466
9749
4656
29044
5524
24613
65818
56074
22003
5111
39318
33026
2789
36791
6161
58626
24073
64133
26451
54367
24615
59420
26021
12357
28944
63609
61629
11755
7704
62140
28643
28546
29660
25656
32874
29694
24088
27127
57734
27904
25021
65685
22679
61763
28950
65695
27443
57382
24998
30366
7853
27704
21416
5561
39515
62649
10051
32911
54282
23852
58732
21873
29971
49990
49289
28718
24647
63552
47023
21820
39596
42598
64297
21027
20593
23125
65805
59427
65688
38872
31679
55373
23502
65676
57010
58873
56010
27382
25150
27739
37008
7286
47137
57551
16015
61107
12854
57109
47613
26352
63061
60994
29742
57913
30704
58889
65237
43202
31126
39750
58842
27640
56697
61924
27721
67911
59022
56195
23457
26494
65681
42941
18122
65959
27895
39026
61028
22365
20820
60386
43371
29633
47068
30480
64126
63731
57020
65398
23100
64285
25179
58000
30128
33024
27155
25496
60491
30910
29513
41244
23448
20502
63685
66940
47859
63782
19771
58400
44879
36773
67254
23185
18060
28930
59162
52163
26347
12188
28334
55435
32185
32403
50978
57339
34968
31860
32400
46997
32134
63007
22967
27222
56509
63103
9246
9607
33915
25281
64061
45479
28236
60030
46907
63606
63723
2843
12390
5118
22386
30782
23035
62647
21699
36579
49596
54283
64207
27321
43079
32152
27356
31969
61790
6572
8735
50627
42634
28819
22608
57007
66718
3086
35960
26141
55869
46716
67584
25025
25127
63274
67132
20585
44282
44642
47791
35467
54677
36635
52580
29110
5596
64111
60621
65938
60407
42886
49550
61704
26620
5167
61100
430
39728
63817
41114
29966
27606
50012
13563
57505
31335
8357
68015
46968
43658
55586
8469
27333
32758
20483
60296
55379
9912
6779
22832
55065
12818
27689
61500
62325
26751
59497
58036
57777
23916
44277
10379
66420
58453
28102
27405
8504
11641
29810
19502
26619
64627
57630
6250
41704
58680
25643
60445
43174
7739
64009
12108
7898
30311
60797
27693
62596
57150
62707
65298
66378
31904
10569
65704
67093
56248
62290
36914
61558
31832
65267
62164
28657
64529
28666
61348
13294
41617
2598
5401
32914
23494
22242
15524
30868
27387
33921
43098
42059
65065
20666
65697
6022
39377
21398
28099
23987
14669
17202
42475
30718
24028
61611
55537
64589
23037
66281
26402
30152
21565
47160
12828
22332
35048
32595
2483
67890
64679
33789
33147
15347
58095
31028
33661
28380
40951
64252
32942
33740
10114
26392
5008
38753
55025
23005
20061
28333
57296
64449
50996
58427
2996
19729
28161
49868
7447
3303
14001
48892
67164
26229
33597
61590
66397
30283
33609
29851
13772
53781
28079
64465
29727
52908
31070
162
24100
13421
25645
3458
26574
40422
40967
26372
64340
33585
37073
36589
59199
27728
61515
63967
47968
26648
63576
59131
14674
23709
62209
66453
7373
15123
20580
9212
44629
22731
59023
57973
62041
33156
33719
3031
65046
59383
11060
67984
28405
59040
25578
60967
3117
6150
24081
4709
20803
56102
28492
39488
62338
39617
63326
54916
21412
23634
55433
29726
39789
587
67955
33487
32838
57564
60540
57671
55888
54277
23220
29747
26371
42072
20704
44455
43077
10218
61189
5653
23806
43038
32121
37345
62083
41603
21551
28006
15887
44831
21044
8159
62935
59200
33701
36746
61871
63642
27609
63418
22525
19846
10516
63329
58653
25602
29773
29168
55421
23936
33129
27336
68013
29080
62357
31344
66208
23233
3124
23668
65092
64867
34018
63067
4546
33781
62852
28882
27363
25271
4568
7660
56883
19630
62288
25256
27682
9281
32554
21048
22610
55423
56268
40713
9497
55296
54536
48939
22654
27678
23952
56541
43314
62547
12711
55255
49506
32377
61105
32002
57619
22226
40565
10519
56784
26373
20343
65290
63802
56370
32370
24056
23803
25809
58839
30017
25269
34359
59953
57442
32205
28171
20435
66308
62351
28115
55279
36697
40645
43686
45016
12074
42922
39522
67416
59666
27639
9617
27426
8738
59149
67891
15090
32658
66394
5629
32230
42991
67024
48687
49570
55731
41576
56294
32460
66368
40955
56559
62479
23684
2531
57411
64347
29102
57376
58423
22741
27565
47251
32423
42947
54712
55959
57012
2814
22380
54956
40763
56128
24797
8215
27023
62814
41110
28341
67987
54511
7693
43461
22482
61861
63302
29159
37789
42067
16151
55094
47305
57207
30339
5811
66514
55539
2812
26308
49454
22664
23458
43995
52992
21569
67458
45869
64618
44512
7974
57956
62694
9590
28276
55804
39677
64908
66243
6876
29814
32019
4526
66571
17938
56502
65234
33624
79
68028
3307
28994
57039
27717
2416
18002
33689
32883
38902
63845
64278
66123
34449
55608
59653
26111
18120
57733
32733
25793
43988
39562
10747
65819
4987
37031
9164
4641
25448
16187
43171
32360
67849
15647
64043
58854
31452
16094
32170
21852
57624
21006
29348
10439
66641
61794
28086
18440
10232
27825
60930
21720
28346
60048
27907
58436
42990
32841
65961
23191
30600
23409
67888
36851
48929
49932
26065
59080
64663
12253
32005
67322
10163
12567
45518
55929
24828
46528
29450
25818
3129
33675
64124
65523
26108
6042
7293
6605
56632
31172
26070
46894
7756
43445
59352
59895
10035
18376
21953
31538
33973
12879
60730
36719
65088
25102
63523
6563
24067
32415
55434
52596
32393
21825
9018
11662
7185
57133
67977
59065
42855
27853
67186
62557
6529
39961
43258
30816
6180
57921
56422
58610
21996
39271
22291
16870
22765
57372
20278
46036
60574
6601
57855
28941
8486
62317
13766
24140
50
50013
25152
11805
61812
28219
60379
67923
33610
41311
50526
31662
21186
57907
29076
39719
63541
27755
58505
65828
63040
30994
8842
28588
61662
20235
26837
65887
65297
27320
29506
60760
41753
29276
65199
32045
54054
43998
63949
57629
27248
66921
60367
61524
28268
32253
60222
67633
32140
21512
67176
58657
33651
28783
60454
67951
30201
22081
43738
22984
11404
28028
28437
67729
66999
67994
33174
56813
29068
33331
54921
19489
26554
30131
22802
58976
28052
56860
48472
61187
46880
40649
31894
32875
56985
36731
67773
54503
29312
68020
32240
23614
67255
5678
29651
110
11488
56451
41622
59569
43105
7893
23579
67590
63835
60892
33273
30713
44298
44045
62492
57325
50078
25124
56213
21619
34970
26387
28275
59064
55642
17108
8797
60641
5627
62796
65122
60024
64183
56391
51003
31476
53792
28832
24931
28719
7945
9198
28217
62059
52453
55788
62395
2849
58496
67828
33870
6245
26609
8903
39793
42359
64458
26067
40555
60949
56637
32331
59929
67433
30219
65170
27038
63750
15101
31970
21955
22688
64895
7232
2724
65062
56640
56523
29085
33964
61898
31677
64375
28512
64606
66354
60726
57374
65555
66452
6814
58509
58537
27876
50233
39322
47417
46985
30875
3070
66064
60299
15738
37333
27692
24146
39216
25495
20106
6004
40391
25254
9555
29441
24199
60487
56656
21300
55623
7132
63432
44427
5889
29187
65798
20230
63710
54478
55599
66377
43161
57920
65302
31521
64514
8330
24038
52178
37147
11862
54485
64239
43016
46481
22239
67020
16496
32114
22130
26099
4609
67621
43181
39655
32319
4157
26156
7301
7698
22921
29635
21444
58860
43254
42183
5387
54898
5224
23555
26318
62693
31548
9153
65737
55178
59496
65383
9177
63168
63183
7153
28255
64271
56030
56800
65277
3252
64376
59499
46408
28300
55755
57038
64542
62190
30443
2836
57489
33793
66801
44770
17499
64254
55628
63077
25178
32575
18072
23510
23747
33786
65443
27132
9906
36561
57423
62982
50835
24001
60911
28922
27864
15444
50150
64455
63597
46602
26322
39978
57810
27836
57437
13499
26107
22154
13262
42884
44283
57193
41172
65034
61935
10100
31153
37747
61623
23849
28956
53484
57244
23276
32082
33318
30538
5165
61551
49243
16235
62554
30955
56524
62361
8011
22639
4051
67969
65693
44220
43777
55714
56189
67259
29604
22106
44233
22312
13474
61597
5815
27071
29623
66856
9697
43163
60226
60808
9082
21126
56602
23572
32351
26327
32254
59909
42169
65191
33741
28511
66602
29242
66535
48978
39554
23975
67597
25612
49966
54137
23588
62595
67869
9805
48813
57901
54326
39663
57670
34008
56063
37233
38853
26320
54987
48242
37399
59839
65233
21759
67625
63337
5643
31191
27688
32996
31864
10425
48395
4942
57616
22144
26867
27095
23551
29517
62348
39547
29870
49476
24862
39773
59491
64102
26296
29821
30308
33228
26198
63881
26575
35370
48038
32882
67009
11824
54126
32968
57048
6632
16876
23082
56820
34691
55272
52182
39015
55233
25290
57126
56237
56593
54901
18683
5145
22180
24842
65503
15246
2663
59156
60549
27114
49223
26407
62039
22600
26368
38903
31170
6263
57928
16523
55030
30512
6736
27235
17201
38800
33991
31069
20382
44228
64394
33065
56925
29300
60236
27492
7817
59168
18811
65906
32325
25790
66708
30567
26750
37157
22290
66678
19875
12574
60672
8925
49111
12569
59984
39734
8642
46302
59793
28066
45704
14325
29556
66153
21624
950
30716
30638
66381
25936
9099
66285
26165
60202
34002
24834
28749
41680
49941
62485
22999
3734
24871
60179
30040
40322
49221
7746
29632
40525
44425
24112
13114
23526
20668
59411
2796
60650
33767
62832
64970
68010
36617
24612
1030
41580
67972
63977
66051
64633
28127
37742
64391
2688
55923
53659
33815
29570
30403
4598
55239
22891
63264
32361
43744
3213
23686
61821
31966
63919
61839
41517
59169
59245
43029
67028
6526
67834
57271
47258
27471
20629
55146
11387
25525
63563
29587
5816
57625
8321
13268
65735
62328
65690
53553
56246
15849
122
27561
10613
57406
42808
60459
8246
67739
67966
65173
41217
36829
60023
62271
30353
4693
56643
68018
59113
26074
67736
8946
22450
31319
23251
11750
66414
56902
31672
54986
36624
60698
27563
57985
67454
61656
64893
22615
66031
8814
32776
56844
23304
26691
66676
39831
18696
28768
65053
65783
53728
11397
43475
23060
16372
20832
40831
19137
43932
52581
8098
25238
56234
40861
29127
56039
61614
26171
26403
56140
23544
27741
25832
27571
26274
56336
8264
22613
29803
54101
39827
43019
32407
2637
5107
59133
55694
4153
44221
40706
60244
54707
25275
59620
49869
8892
64331
49892
39881
32162
32849
11271
24972
45268
46107
27950
23905
33387
27460
25357
67022
59927
56909
46595
64517
15878
22427
23582
5424
59242
59907
67233
26201
66272
30171
61307
39003
6288
33084
21306
25608
6247
5991
39498
63016
60831
59498
54443
30041
62099
62950
25761
43575
35447
33143
24959
54492
24893
61855
27695
59167
10292
60020
32613
44349
30549
30507
33455
67571
27579
20961
33002
10301
30872
62045
31681
58721
60084
66251
63547
22887
10549
39546
61535
59218
62067
27848
31305
6142
48214
32641
67964
29768
66515
23574
10176
11858
32161
23193
62768
22814
43305
61778
32709
66906
27462
22486
62339
26450
20988
66448
25475
26344
7297
62173
61574
5520
26162
39183
36229
20217
64572
33563
31667
27697
37082
21909
59025
49217
3149
31304
12529
62706
30809
30594
17203
60393
30412
54160
21804
27890
59923
44842
64233
41065
55284
27284
39126
55670
17332
33044
55173
65402
40103
40804
5828
24798
58758
43945
29107
66654
62965
20398
29275
65359
59824
52184
58928
6390
63564
41100
28850
21522
32188
57263
62849
61413
4846
66478
32413
65924
59098
64450
26626
44513
43577
3952
60824
65797
59396
42498
31555
32000
32335
204
7147
63965
26341
22114
63724
30382
59998
58376
55950
39107
62905
7339
59675
32355
42488
21656
25947
35008
42029
33100
28681
5357
18601
20706
57075
63137
30618
59436
33594
29184
30712
32349
16711
40739
24481
28289
32522
24858
66475
41383
31781
64474
20414
53871
56897
24982
64049
2647
33990
67660
26147
21422
50204
27446
13874
43103
32364
26149
29953
2781
56554
56158
56385
7944
27117
43204
28251
7022
55050
56804
43054
25441
56939
40609
47549
52501
36426
65276
64262
56479
66882
44797
47062
27714
31643
55252
57655
6387
57102
65739
31673
11105
42563
56802
29574
66405
22753
56866
56701
44202
6799
22909
61719
54047
39569
28659
23644
8992
32503
42245
39784
57656
66312
59982
18373
66337
66407
25274
26093
25119
56220
45836
6340
26396
12387
865
41770
44828
40164
2571
54825
9631
43062
25470
5041
60972
26386
60722
8831
57815
5172
11094
28277
53475
25105
56607
25259
12830
54356
28144
32232
62390
30748
66687
55540
52179
56485
25196
11695
20493
63633
23306
27059
15993
24219
46764
55945
30147
27029
61264
31290
30550
37841
59114
57204
62954
29784
32612
40796
33857
51863
25194
65586
62505
63649
23550
45427
26873
22657
21740
67762
28092
65057
26124
12775
8815
51502
25751
67763
63054
65993
46229
30561
10865
22591
591
44210
38602
49733
29605
27787
50491
31249
57799
23646
53406
11698
27992
65751
64213
26178
39988
41283
24528
7313
13283
23200
66735
16383
66879
63943
32708
31933
61679
42481
60056
57174
30813
23228
61833
28644
27878
43494
57403
22372
31658
50086
64107
26333
16340
59061
57166
60235
65669
55819
24508
57153
33931
48404
6742
49977
21926
21212
39707
56580
27691
50699
67447
57448
53799
40638
29645
30564
60827
8663
64632
25603
25283
40263
55660
4069
55698
47181
26121
3747
22699
64451
47041
7409
27901
51124
26921
60233
41083
67578
18814
8447
21183
3943
63827
40041
66030
57844
27347
63478
62295
31941
55622
58714
59774
46927
22787
62199
47180
10922
17964
33155
65884
28407
47696
38638
62202
58835
66147
51841
55668
62047
33584
18377
25336
15562
23841
62429
20246
50704
40574
20937
57603
26489
64487
27544
30392
44497
63838
57045
29774
58029
65864
8223
54514
13625
43871
63120
68022
37959
18363
52447
57516
54588
57657
32862
6849
63234
27712
64590
32777
23543
63011
47140
62627
41358
22985
19157
29163
7529
7382
67613
28999
54472
55089
57638
50142
67790
63918
63092
43800
62651
49921
23101
6034
55174
8996
60443
65542
27539
29090
7606
52584
49661
22490
62910
32651
32107
5881
32314
55254
8222
12771
26053
59726
28558
25619
49455
11067
41871
17067
40514
62126
20643
20678
28370
58622
60266
61786
31311
43136
54293
65254
67424
38731
20601
64788
55953
29735
5550
56620
64163
52167
38374
35159
33669
56668
8994
26629
9976
44213
22996
25963
9026
20174
9243
48886
21683
61960
36538
45259
37559
38004
39534
60638
62293
61116
63571
59841
12839
30478
21921
64924
2730
20956
5168
26931
37901
67061
64258
26886
67912
56154
63078
54958
55696
1515
22958
46334
21705
29464
14314
61221
25521
11551
61620
6357
21649
14804
14645
55308
24990
50697
38976
58797
26947
21741
60022
65240
36893
6504
28529
20277
12007
67686
27131
37759
17981
66288
57444
33164
25198
41739
25070
46606
43924
20324
10416
32135
64486
37791
59632
49484
51811
27980
65378
48807
52955
59126
3466
20110
26907
33797
32113
61630
32054
7653
61643
57539
61412
39220
43090
12944
56698
47408
29332
26180
43778
54948
21576
21081
22550
39608
59193
18944
31670
62279
19707
44043
24796
26140
31343
23749
63957
13694
23513
28849
31004
64490
25071
50232
54252
64021
50149
40205
26729
54100
48418
66637
65940
33459
53783
56929
32725
13082
62574
13673
2529
25948
27772
29728
60809
67146
21775
23990
67320
68033
38864
4615
57386
23620
48526
63104
31912
45774
5122
66918
39830
21561
26375
63314
55168
56778
32406
67329
22947
32399
63492
59981
2415
32184
33544
23206
28924
28054
31778
60593
11859
32195
29972
40968
63851
26016
46857
55787
65075
57521
28732
45940
8676
59116
27322
40019
41647
61584
14639
56538
64248
23127
65064
16906
3014
46343
10089
23476
25193
65787
61035
28134
33182
53405
55282
31919
41331
33941
48375
43559
62496
64615
63000
28759
7027
64986
39287
66019
26328
32169
50401
66256
67299
17627
27875
60187
12817
65970
66366
6104
17116
59246
67596
13705
26335
62031
63035
51001
56723
51724
67446
37236
27638
64155
27381
39472
25753
60111
33742
57772
44278
58039
23641
57989
3075
63975
50594
24963
26692
7527
66334
50330
68150
21112
61793
41138
7768
59203
30063
29662
33638
61797
62708
26955
59740
55475
28579
23557
55713
46906
67103
23197
54509
11923
45893
59946
857
37510
36696
18154
30984
57409
24077
44453
30176
8586
57435
59495
56358
40236
37136
18252
31961
66864
13106
29974
40774
5515
8080
4807
57451
28837
27232
46940
12038
22015
66332
42369
26091
27674
25219
41325
62322
10113
2850
4734
30093
59853
63001
53180
15143
30275
31779
67687
31937
46819
11141
50800
33391
25641
63210
32421
63045
57206
30649
46468
39918
26366
47004
9699
43908
43759
8270
8289
52173
58869
64530
4884
34019
66188
21964
31680
54837
66246
63130
63648
56231
11484
19664
10562
67985
20477
22139
21577
30635
5297
56545
9970
62936
5680
27981
68012
60032
65903
60806
63603
64088
28630
57068
66392
54130
36536
12210
66599
5482
26055
44450
57003
39982
27932
55380
65344
16013
23674
28779
15920
30628
62172
66033
9151
31053
13251
27169
39224
7690
55548
47320
23453
60802
58017
6594
57461
62569
52157
45534
57982
21998
57968
63735
54159
3140
14367
63969
61288
43179
33995
23880
23034
11418
7395
61269
55334
56628
28441
39888
28751
27684
22950
54965
6445
5376
15612
38727
25646
31931
33566
10255
27679
22879
46605
41113
62129
28263
15536
67252
9192
56688
46251
5624
27934
22476
50630
29559
55902
60099
60083
42050
2588
3699
22060
40646
30673
62953
58691
47166
27379
25583
40548
29134
60403
50565
64419
64637
28156
66832
50502
67182
47401
26895
22104
57888
50729
28007
28068
63747
33103
11227
56864
28452
23699
29307
65684
41483
39953
43580
59812
32846
33548
41373
63585
31095
25253
59137
62155
29706
32615
66202
27024
66139
32419
5277
25358
64710
61472
23717
39758
33648
65335
39616
56905
7729
45494
32985
27513
11976
10414
8817
31242
30316
62261
27236
26912
36900
20256
55733
48686
19800
55895
31902
60118
28704
11148
38706
46672
13780
66021
6576
11175
13432
50352
29286
42919
60620
56004
23556
7511
29611
59075
4735
31331
7537
67315
63880
59908
9815
62321
49904
28766
10220
63840
4146
55275
45377
59668
24139
56890
41063
29258
44607
62718
32452
62488
59983
44550
22005
30596
5829
6547
33636
16049
25172
2599
61964
22013
24035
56571
21650
33848
15874
62986
32494
59407
7512
60867
51964
25821
66743
44795
28461
57829
5517
4747
18334
54471
6780
5005
8939
65510
44
63882
32577
67263
27665
4155
45406
52504
22586
23628
24118
26744
22054
6733
61469
16115
60913
40624
46084
20964
24623
21320
31659
29369
14995
33145
63686
63507
14567
45480
30551
7189
30379
55044
61771
22499
1781
62413
56036
66673
18897
65310
59268
66895
15241
61941
31199
54961
30441
22170
23540
62851
9031
67716
57308
565
53485
25655
28309
21516
20241
64153
9857
28138
22655
45809
23989
47173
11915
24910
67333
26323
28625
59118
2426
60476
4999
24086
61370
33230
46160
62124
37750
21004
46547
19022
574
55442
43072
44276
54422
9449
62187
49762
50189
49595
2579
63756
109
42986
49156
9629
62132
52308
3990
65022
36698
31971
24833
5525
9030
4671
61616
29874
62520
33632
60254
12743
39217
9714
1519
41131
44553
62257
8741
6216
6592
42659
4341
30675
55954
58685
55462
67690
62465
66402
23976
33293
39558
25882
9122
17925
67041
30621
26041
51002
43846
61439
57747
62952
60846
28702
4860
54631
30349
63945
25522
41682
44505
23203
21893
14950
61669
45808
48911
29149
21514
37807
58512
23906
56951
59043
29702
30588
15108
57277
63707
56389
41649
33671
66793
33197
25189
36559
38939
26039
46292
22989
25901
6371
23824
10557
56964
42904
17148
44585
28505
38046
29775
65846
54479
15939
61848
5672
59138
27978
29597
18387
58658
38920
8970
21822
39742
2595
2950
23486
29699
51741
27528
55767
46736
56993
63143
38640
59595
23519
5537
12054
42983
49743
57641
39566
22381
56212
5455
22742
52555
64244
3760
16982
25257
65001
3033
65855
25192
66585
10130
32529
57673
55956
38991
22062
57383
63072
60933
28995
53779
66122
7991
27218
48999
40996
30528
36918
28048
59323
33433
25620
68002
40423
60482
61520
38788
20263
36765
46757
33845
62727
68030
3083
8376
49507
62739
45792
39204
54778
16949
37976
6350
28859
13500
38690
10400
63487
23930
53704
9152
31668
18526
33617
16051
59081
12597
51901
65301
21901
30627
56901
18812
28421
51684
38774
63966
33974
26974
20793
29059
23567
67043
61969
64234
29628
52640
29169
61899
8894
32323
26005
62063
7669
3020
67589
56718
56740
29823
27877
57278
57209
24843
23542
47057
57853
49749
62065
67218
29399
10568
54000
26411
66897
5105
26408
28613
64624
60137
29920
36714
43165
42863
32856
28974
56114
62188
44774
5534
46127
68037
59178
23229
25148
5940
32973
54953
47563
29724
42858
13112
31924
28190
159
19702
9223
62737
61600
38888
3474
63558
15992
28804
10498
15603
66824
22109
66748
29817
22063
60917
21159
29165
62285
65698
27581
62075
9915
21421
28628
46984
37109
25267
34005
41436
16027
22195
10530
41286
16489
64342
14696
20162
64087
33111
41623
27865
50761
33586
29403
28451
43764
39585
7430
32385
64460
12495
62891
25791
41865
56549
30133
64533
28216
34216
67021
66600
66131
56282
41489
30168
16004
55234
10258
67990
25251
20429
57327
6575
3410
26059
56473
40415
44545
65179
61854
56072
31978
62628
47882
55940
55948
13255
61956
8325
51910
34699
14084
57957
55965
23442
43068
64681
57294
10364
27870
42083
30558
40323
11728
16585
43557
66362
23344
24117
43173
33066
50251
22582
57964
20037
52388
55890
33670
32322
53765
64654
20121
66441
19336
12712
7700
64766
7548
28213
4891
36642
58883
57952
48385
7187
61267
39140
62740
57436
3686
64968
45666
64303
12543
66175
2710
8244
40726
46524
23818
31337
54393
10987
64793
42972
63538
24046
27560
50690
28246
32172
30954
61514
37518
38032
30284
12365
5573
8809
62054
21122
24817
40753
45214
43499
60500
12355
65280
44186
67396
30134
66370
67821
46994
23271
30652
22328
49864
33779
63946
57416
1889
56008
56526
57993
2622
32741
14720
38306
55607
54493
21954
22444
56898
32943
30637
65914
60291
63405
8605
29922
29661
23928
57965
39436
28582
62007
66379
60509
66374
2557
66984
61784
40013
4162
26164
37083
21722
26064
67317
16579
23501
33292
59989
44832
37094
24913
28023
57740
66286
28726
3150
25658
13392
43060
63124
27703
50891
26242
66471
55842
13001
38994
13407
66473
55459
56056
46593
43845
41226
56337
46828
13610
22563
24980
62419
26467
32401
47701
22225
60552
59689
39169
30829
20519
62044
24149
67732
39598
54663
45421
27863
54055
41678
52265
41234
56108
5412
63923
46817
25298
38361
30348
28302
21403
9191
66155
3753
62282
59526
20053
67609
12656
39706
13909
10586
31722
30953
28482
39968
64527
32159
25036
17238
14587
7365
31014
55117
60377
61555
44588
61891
9509
67557
39645
10137
33370
31289
28047
25682
32710
30202
55990
33724
63421
49034
46529
63321
24071
30356
42161
7821
57134
63602
56035
46353
47331
29813
5577
67802
20210
19629
59659
26015
44533
60974
22317
27874
18374
49315
32588
55353
29052
55836
39085
32414
56610
62703
2778
3966
54722
4270
56950
60825
65672
54525
66642
22138
68007
67512
38180
60389
11917
57378
9043
60945
3005
55734
60077
52187
51381
59493
44095
63285
28961
21877
43914
40117
5905
43856
28279
8857
22096
56092
8974
60985
37721
26314
30724
40024
29234
10993
15941
31621
12938
44253
10725
21725
56692
16285
51760
60594
65871
64661
11113
27935
57537
3236
872
29203
62114
7564
23401
7631
38870
42962
39709
25932
32124
6929
63725
30824
5597
22910
65696
56458
56065
57914
66006
54249
63824
24121
23639
40456
57578
46608
26120
27028
47873
27680
14336
43495
62850
50533
22092
47409
42018
26961
39372
8648
8841
22766
63173
66371
66508
26268
26605
64616
45110
40730
8937
57335
67722
12152
51015
37793
46821
45739
27805
9138
21768
67926
16792
2971
57414
5327
29155
2851
33944
2551
27592
32840
61972
29573
63634
61527
60014
53993
48980
31663
65795
20403
51796
48398
8263
41893
3055
17300
8506
43013
55874
24616
3304
28561
22825
39811
8876
12632
46466
36691
25609
31339
60625
5402
60851
2679
57082
5807
34014
62582
31811
5434
35836
39320
29940
3748
15891
13346
21709
30530
65994
55053
32412
6797
41883
63621
29764
2695
18725
8255
24134
49514
12135
37206
9704
30970
28641
32389
18307
25451
15723
41944
44962
50388
67694
33977
16998
57904
41280
21133
17954
62873
13281
29442
25639
33667
56952
5656
746
8463
6527
66797
40543
60637
20687
19334
28411
56286
34703
66827
8963
55372
63267
61261
12155
66877
33844
13406
67581
21243
16243
9825
26636
8787
65789
48396
37053
44187
26398
40537
14375
14677
26584
24542
47071
65294
52053
44510
3379
23745
44138
46072
51020
65232
23068
21633
62869
59198
30440
62143
20401
62689
49863
66271
31259
62186
31646
64417
37024
22217
3991
3738
26718
39739
27530
67958
45302
6123
45167
19971
30917
3741
15431
41519
60782
61761
57479
8406
13906
28149
41313
32332
42352
6426
10293
28940
30800
2747
33660
6383
54297
30023
29166
41394
13288
39439
43170
8002
55461
28100
49396
25820
67715
56570
53409
61125
9103
54172
32409
65535
14594
40349
47189
23663
48241
37725
58999
26659
62205
13699
31427
47786
64846
39430
29725
67442
39874
25037
62141
31757
11980
54347
56893
27847
63717
30321
55775
57472
61680
12212
2640
5514
44290
63459
5773
62502
9949
6546
32142
20785
41545
32897
40135
27221
8693
23485
39740
39194
28427
23225
9420
5076
64684
52168
14121
27881
24626
57595
17783
21639
61358
43186
2694
36809
29677
56891
13071
45664
33123
50326
48275
39611
60057
22836
65288
42296
63705
12492
63377
25903
11214
63549
14819
60644
51438
30664
43030
63963
25714
24002
22001
53696
23962
60865
38938
49734
63118
25752
36408
25647
9144
31416
3400
19935
33754
12416
40812
62618
9731
23354
22952
50913
68089
11262
26474
53654
26130
39419
21666
59423
60789
32734
29470
22126
65229
28307
23468
17107
39733
2628
3293
17598
63631
66702
31092
57008
47821
58855
22122
8926
64348
56315
38616
57970
51262
46247
60107
4187
59924
44118
21818
50535
58037
28215
41154
41491
10828
62346
12350
50062
3729
11220
59110
62463
51812
42368
13319
28039
64281
25771
62538
38375
42989
22070
23025
42396
26940
53695
16321
4858
21037
10478
33576
6483
51753
27866
31989
48263
31852
51912
40527
5900
3589
18112
67796
41956
33666
50037
39089
14933
12032
41735
36179
50445
7642
49593
9932
46331
42287
25138
13927
7597
36965
37426
34373
66179
7389
43500
54164
7676
3299
4691
13650
37239
27026
31642
27651
61644
65796
17576
47084
4197
60570
57151
10536
25684
17109
22116
16916
52751
67672
41628
29743
50796
37498
34818
40042
36759
54557
62959
59238
38620
32080
29501
25151
13225
10378
28016
34773
6824
38029
9549
19843
36556
63166
59174
3719
17894
20055
56677
57843
8316
8459
12534
6336
7541
49901
35422
25273
11437
14600
61069
25811
5733
21420
63271
23242
7346
64678
63920
56384
37146
29244
13547
6103
37776
32177
28808
40114
37744
64388
34127
21312
11712
16954
22966
13336
55244
62887
29142
29317
68038
31451
15103
33810
56155
28835
53709
23650
30270
13771
11109
61659
4926
26150
31213
21282
39560
6579
22792
30345
39170
64206
43407
9438
13478
27842
63079
66044
36967
7485
29302
20285
57548
57380
53775
23427
42866
9891
64352
21555
61661
20856
65995
28395
21836
7675
6573
18417
21880
10594
13871
60975
7254
41017
8291
44531
35052
57572
49893
33142
64029
4847
67842
13552
31328
64868
68048
66278
38608
65063
46478
40312
14728
58861
5388
46603
66423
31437
55980
20427
57460
57189
58606
18898
18359
59762
16057
10429
26666
16287
18813
39809
63260
7404
25306
53686
60013
37614
46339
31057
63042
51000
5890
22968
53363
11515
59170
33599
50010
67319
29594
17736
29692
50574
26812
60327
36911
46754
58401
46969
40172
43023
27557
55979
13706
32338
52579
60297
37516
31804
33950
54642
7814
55034
34061
16271
62033
62503
30291
7942
22364
60158
29283
43015
33540
49373
3062
62790
15381
37766
3733
55567
55283
37104
7231
43926
29288
25354
33568
12627
21685
22568
20301
33303
61743
39847
46918
4206
66385
53300
2801
11846
44546
23748
51857
6262
53401
47086
22235
67654
53293
11659
10768
36836
29136
28081
36950
31237
46097
8746
53821
26725
41943
55177
22416
29109
32831
63286
61660
62978
43112
32723
29341
32371
29360
15478
43544
13144
26033
41369
54278
16865
33635
22293
37496
49996
55445
62958
40990
28229
43120
62585
61349
23461
7517
57691
67780
23198
62666
54864
56098
60721
9027
42925
57366
39138
11970
7420
2497
56311
10430
32100
29970
37225
9035
59930
9542
5155
45264
42060
65171
29040
24874
41225
23449
48693
46404
28979
6312
2519
22046
29459
29762
63517
66866
46634
27635
7390
62769
22375
25324
20511
27649
7957
23010
44176
61668
62128
20041
55716
63145
66303
67998
5681
61723
23219
23190
56872
46895
64597
19670
67243
29271
48635
30686
13996
40893
66333
24196
34704
49608
24090
46986
25291
42473
14069
66387
56321
62885
4068
30299
64951
26660
7705
62064
6183
23390
55096
39102
22173
46215
9068
62402
61670
2219
23232
11592
50998
20028
67159
29162
21535
61581
5511
33731
55358
44044
55429
8189
57573
62373
26031
36633
28740
32286
61923
37435
47714
53782
21219
67992
46836
5529
54771
43835
66545
34110
47935
29790
54154
33748
47477
19116
63346
15619
59991
65496
9811
49466
27742
28321
31793
7180
57819
53720
23654
54280
2407
53449
40894
25815
31530
16458
55240
38977
61058
61516
14041
24928
29453
32659
38168
21063
43044
29668
65293
8551
16155
8959
28195
52913
7591
48546
23097
32220
9404
43219
44595
62830
23337
49058
43037
64225
26573
31850
48448
6995
44608
61156
55753
19064
24114
61313
20659
21774
27233
43765
3807
54450
39543
20686
62248
21184
37557
28871
3118
66502
24620
22564
32277
28649
29407
13347
38652
23907
30662
39265
1301
27880
67092
39563
28067
66867
49485
29108
17879
61355
27824
16385
52382
9098
12422
60012
2444
22997
21270
16181
41843
15991
23761
33916
33488
32839
61751
4902
36928
2824
57354
52595
23794
42628
45028
2808
15674
15971
42158
61663
35010
58744
43078
298
55658
43646
39717
23800
40455
45417
44729
25265
53955
21602
56975
23007
57687
45104
6735
8320
49006
3315
39458
43205
55749
68031
40592
3166
45948
40916
7524
54470
65058
63494
7261
28587
28465
60781
67239
7159
65323
37897
21743
66032
41901
38766
28542
23326
40673
54206
8889
51032
30079
30047
62042
29178
46467
9571
66190
8004
32680
8013
63307
12669
5592
61893
1499
33631
65315
65845
33466
49137
22411
55419
7431
62433
67953
4654
29100
29875
20490
65307
67691
51293
21784
34006
65291
11983
63559
63922
45324
11960
4023
1782
58795
13405
10827
56198
5694
31294
66717
7259
57567
8843
21249
10333
60481
5583
21073
46348
10291
25239
21975
61774
44847
13031
39730
50089
23077
7046
8485
24536
34256
3875
54346
13402
10492
40906
22077
22085
20689
39376
9884
18064
25893
26374
7038
23951
59077
19558
59928
59896
66126
22584
66981
11587
9159
32252
41305
59202
38371
22228
9387
18155
34158
27961
28113
42329
63526
52882
53776
19975
821
64623
30052
21898
67629
64939
8816
54128
27683
22210
20160
6378
21070
42979
12052
362
64930
29806
24803
55973
14303
13404
30560
64863
46523
23670
43036
43074
13457
23460
47141
9276
33979
5864
30072
39725
23573
54058
32207
5994
57120
37280
65550
58825
41423
26939
28225
28715
15115
44353
40207
10413
29236
57360
31519
54568
57776
38233
66276
6721
54523
29987
67840
5420
62316
16428
28486
67787
22665
50184
65883
20379
56542
45186
33489
22709
62712
25264
16169
47317
63624
29152
36838
66395
32592
49861
57365
31883
41537
27332
44981
53847
27534
41565
51589
60838
33949
63458
67230
9106
29301
26345
13403
56017
50146
31873
55783
55816
60316
61030
57798
26882
30373
64290
55621
53385
31697
29525
8945
32466
10249
46748
63182
28475
10517
58424
7580
47656
67666
47430
4013
25247
38030
55947
60102
55552
62655
31851
29268
23178
33833
55722
37726
2625
53609
54912
60232
28983
27362
47937
7280
41560
55595
66151
37745
45945
60231
12536
8236
2693
54970
28518
13197
62871
5428
39538
32418
20464
34683
42900
39642
7692
66417
27898
44189
60947
39500
53463
48160
66408
13334
3764
42068
16150
41610
48235
46028
57803
62738
18405
23838
59531
24116
39886
46853
10514
49303
29783
60255
32383
32715
43435
68093
54897
27319
28368
32096
46721
67646
40658
21597
43255
2863
33804
8927
2958
24986
43885
54697
33993
65992
37896
52589
33981
68186
12107
6710
44511
11987
59524
46332
63163
66638
47433
21595
9591
44491
43027
57930
57654
60301
59266
23339
31993
47574
42762
20274
47344
20657
16417
25382
61332
7533
66042
2518
60818
21237
57324
23479
24984
27566
59711
65900
13316
56947
21664
41238
23205
38226
27964
20871
13535
57555
26245
27654
48994
30218
62654
7218
33697
13083
34101
12977
21018
46352
2809
22262
7016
312
10250
9832
26384
32097
68195
26764
60982
44081
31900
20682
25195
24102
47399
43339
3468
29008
30372
17715
54051
41566
60375
41422
50165
64075
33117
37380
50899
57369
43073
60908
22960
8102
7514
3752
48319
44622
50073
66192
11017
55726
60474
64384
63434
59634
43041
15948
37963
41035
9202
41767
54351
22300
20813
30629
2324
28308
52161
5228
50895
53935
36757
23808
39602
21374
66509
26174
16048
36931
21583
40930
52723
15066
54104
13120
55610
22061
569
45763
57528
62909
65956
12327
66048
60015
15003
17017
64532
59939
10646
51965
46675
50383
54082
63615
14484
31128
53555
34046
66416
28076
33784
6466
5521
63534
21445
59532
20642
29112
21840
36623
13161
38987
56724
3785
21169
4851
39200
15858
54875
28235
26072
23532
48244
24969
38822
14363
59894
15509
2891
63678
2957
18371
64635
2733
48600
63239
9693
61552
57523
47261
23697
30717
23018
8850
67229
54275
66910
62085
11982
6720
41945
27871
22603
7904
53849
33602
21153
47124
67667
58741
66418
2412
36774
44526
11663
16980
39752
60046
64103
49827
60043
47001
8710
29161
36933
21823
13443
45382
55757
33820
31272
55855
55418
55145
36674
14284
66802
12500
2438
47940
62558
8081
64428
32892
33808
45584
40622
8658
58422
44256
27800
63701
33211
43707
15884
23888
64799
39652
59791
54665
63514
21024
48893
32652
28005
31644
61474
26395
21399
29364
50342
46745
13237
29731
54295
68021
7859
32106
56224
47777
49999
41232
25981
50366
21861
6588
8545
29850
67740
55533
9016
6679
24544
56949
24764
61811
37091
26475
34440
13111
10124
10821
28148
43960
6807
53766
42636
21872
56228
30054
44844
7222
67653
23687
65902
42967
56471
63650
67601
20954
4912
34179
20963
60522
27914
23292
14912
31701
24076
55127
28160
12226
25931
20966
43082
39745
20520
66345
42399
8047
64978
60038
60194
62278
39325
13375
12270
33569
58661
16294
61278
63752
44838
9846
22452
45896
27962
22203
68019
33633
34120
33752
49316
62048
20238
44243
5446
57859
9097
35822
50395
21912
47362
41346
20960
29038
51785
54153
19814
30274
39711
58921
5442
29680
14416
20252
10684
33628
26301
13146
20510
16407
30276
2525
26331
11439
45554
3125
55274
56621
66635
66911
12198
65552
9190
5144
47498
28568
65346
45354
65856
8023
43739
46568
2459
45437
11434
66116
46205
32763
62487
29273
65020
67676
39856
62046
44628
28326
56900
33209
54062
63030
19759
30091
59274
33896
31040
53867
34082
66898
22975
42914
12351
32001
44185
67262
28297
27257
19954
39084
576
63622
221
31967
21438
66858
44599
23133
32215
10794
8901
36508
61347
62311
33392
66241
46598
13400
55649
8307
32827
52318
42151
24908
43356
47566
7510
53558
37052
37772
2633
54052
14110
44352
41143
47300
6583
26810
29963
9189
17100
45379
29571
26911
7521
39139
15218
56991
5697
5289
26945
52014
54553
12068
37977
21599
10300
30525
22221
59656
62957
39394
39612
56870
26498
30300
65038
33101
63176
752
14643
21088
41166
32540
7329
24851
66148
27637
5554
32902
54735
17104
4535
21232
26726
50072
30142
28381
26038
57210
12577
19073
56771
63832
30234
54641
56785
62184
63659
50554
49282
53793
54860
16353
16593
4342
9199
27369
55719
58430
30515
5621
48808
55135
62399
32410
40094
63661
57036
9765
44740
63014
6633
13476
54558
12836
11061
68045
40641
56696
30670
57841
43652
15470
8286
43695
26066
43935
6003
28687
6684
42980
54090
6366
26349
33412
27318
62705
55249
26346
52219
3857
41616
5336
25904
35786
21315
16031
51878
21883
67668
10852
54043
42146
23605
14453
61834
66089
44811
7343
7160
42382
57801
14480
2662
42771
66386
44411
42232
10392
58502
57079
61897
38781
29204
3590
31431
34192
30086
29886
30319
18369
31891
39688
11251
66353
55541
22689
57373
43576
66451
27348
60019
67664
3786
54830
54721
64957
572
32422
56639
13864
20002
63073
12127
64287
46338
12186
39810
39283
25027
16122
56330
45520
23434
36666
63102
50994
40017
21337
64685
40084
58621
34017
6714
9251
50727
25033
59529
56083
48996
24947
42230
41349
54142
13293
29674
20066
29081
55708
57426
48411
62576
20786
31523
54840
5493
49800
53789
6120
32378
44496
9504
37386
38840
47186
40000
16300
63941
5612
41955
6050
4550
21287
44367
63884
7608
66260
33998
41788
36554
4666
23490
7422
64370
22224
66376
56550
61289
59189
28230
47544
4054
3291
24614
39006
28947
47031
59234
44144
11407
64941
49227
2464
38192
33567
65941
55029
61255
58929
39551
53752
7867
66215
46282
54886
33106
57357
26868
59969
20390
49965
55643
55565
6600
31183
15269
16440
2262
16928
56143
11991
63912
4145
43961
10280
1455
39654
60044
32633
18121
65715
54859
55534
9195
32634
68006
45966
7691
44393
38865
63762
16871
42531
67993
7181
54634
6027
62545
5590
44520
25023
17281
6554
66380
28414
8978
64945
54308
21604
21992
48602
65235
29057
28009
11747
63907
36640
60332
55106
38656
43122
66323
6242
46839
45297
12573
65937
3756
45954
37469
21390
16078
32837
45717
3310
44447
63167
8966
48397
44082
59204
57561
64270
44320
56801
37293
47394
3011
5381
8276
15556
46401
14500
29424
6470
53934
11389
55969
16084
44843
29281
9552
42608
48997
42058
21198
45106
5648
29990
54473
58133
54852
38873
47087
31127
41737
17498
64253
8285
43986
27757
17884
37011
60810
38995
39552
28184
61636
39002
55800
8830
68067
33434
5921
54556
37131
9486
47926
27133
22028
20232
33270
7751
42154
16411
38909
42397
16241
67863
56077
8971
43114
20486
65279
23939
67074
50925
32954
54437
33782
36820
12843
2793
67927
27345
30258
8867
58988
58386
30952
28114
62541
7481
32116
59349
66016
39979
2962
32133
62899
12562
34096
30222
21176
12026
21892
65972
39205
9618
3947
23942
12121
20352
30682
20291
58510
52166
28985
21376
59940
2596
15650
67196
58461
15892
56067
51864
62863
9083
21978
21620
54723
29214
18125
23931
65035
5695
33102
40675
18527
19
37719
66059
49082
44265
47179
42861
33589
47029
16052
62123
20939
51762
53408
23742
67356
11724
48744
9764
40826
64706
27223
45390
18343
28538
9148
13051
5403
65372
6099
57842
24527
25136
28572
24207
66521
13951
34098
63588
55543
3806
42079
9232
63180
42116
4052
20596
21342
32359
59034
64013
20846
38719
12861
42906
24069
43011
53636
11411
33984
135
44098
8914
11543
4154
8261
40811
47400
47564
6904
60025
33630
29782
24133
61831
64114
27879
7554
48790
54056
16540
52641
28354
26334
61317
15118
5321
47421
24018
28335
26447
28650
22396
8990
64316
9180
55999
67431
42569
4312
40715
57455
32350
63423
30028
48301
40642
11924
5023
54488
9025
12767
23074
67536
56308
57807
64818
29451
48291
41966
13926
59754
61070
27839
50778
11661
29950
64119
10819
10115
13622
53755
39589
13098
5631
59802
28578
64144
60956
64293
37179
15130
10411
53552
19760
35452
45519
21667
36940
67508
63779
12225
5692
30057
25611
26056
37106
20266
22451
9861
61829
57355
62159
43102
62414
30385
61637
55729
60856
34103
30493
21362
57900
28645
13054
30630
7255
48360
30375
28055
40431
67878
3317
42506
45720
10277
63940
61137
65126
28975
57052
64322
43164
14790
47647
13997
31281
62040
24880
55024
59091
57081
40737
23979
7558
7659
66361
14279
12870
30368
5431
12776
32899
7832
44279
6011
55509
38764
20796
57615
62780
64257
26288
34344
27377
53887
29410
66172
52667
57399
10565
33640
57044
67513
22752
20164
43131
9013
57438
67171
30148
2585
4042
12683
55302
26455
33683
30220
4589
31269
27658
29595
59333
19703
26830
41755
37740
16160
13100
12243
11977
56486
9087
27969
56227
28830
28856
43075
32091
12287
4962
9707
55436
41564
8986
10552
65198
40676
66029
33939
30304
38970
60926
42046
46865
30879
32245
14996
30014
61507
32585
29323
18384
61272
20564
24460
54395
28739
23022
55320
42407
43095
41507
31296
40292
62366
9816
21627
6419
67991
21545
63435
41484
6461
60929
19896
6631
64306
63906
22900
34698
39966
29077
6609
26197
31283
20310
17906
54790
47841
43990
54698
44652
27896
67603
65047
54353
61883
29358
59164
43859
38365
7772
21776
53429
60941
39254
22740
49986
56146
12773
866
26617
59755
48303
67125
68172
34004
7846
63854
32280
64631
61645
62000
9986
59208
5370
60271
14078
59240
8449
22541
40334
44535
62291
54261
21791
23728
5291
26597
46164
61163
36522
39679
56076
55489
33992
49768
55725
53608
37506
26196
5855
46489
23685
68029
19598
66382
51125
8019
56978
22409
49175
25781
8795
41754
67401
22548
63865
9454
50387
14374
36604
20774
46480
33684
49577
6147
44090
6694
13431
34974
30034
6634
40516
22656
5307
55231
60665
20225
30409
33208
56249
22414
36616
18357
32502
22417
28725
33895
24180
39806
3034
22073
9543
19111
20424
43555
50877
66340
12568
29933
12560
15201
18605
44598
42233
62200
30302
32626
55310
23451
61265
31983
37777
20421
63476
19055
25881
11708
26887
25964
32120
57398
16687
10273
53699
57962
50571
20788
11998
44188
26351
64849
39088
7970
49890
46766
27911
58501
9072
53491
30683
57405
59206
46805
52601
32778
12419
63027
50593
23581
5472
6739
55732
55028
42994
43687
26257
42938
20823
2839
4695
40656
15445
64948
49940
12348
28576
55322
42221
31671
8341
51012
18063
23578
23231
27099
3745
53822
53236
39542
7031
29777
33746
6365
47040
42973
41766
48654
8396
12542
24064
6599
29113
28724
58008
52863
39911
15680
36618
55960
29689
40120
60018
44258
4899
47932
40541
33067
15265
43784
15277
24085
38225
54300
22533
60835
37743
62226
55840
17149
44548
53876
10470
50091
6061
42441
56331
41658
44569
20042
50963
28971
57410
6046
32258
7330
59906
12713
57212
56161
14864
7024
65431
28802
34185
54917
62725
52011
24211
5682
12489
36646
3402
12433
62756
28509
36715
29523
10596
11328
45009
25100
7186
12401
60104
33294
49702
41844
42905
11130
42048
63354
55337
28453
39692
12545
30295
38889
25280
55306
43109
30155
6
62204
31338
62648
47259
30540
67545
31240
28041
20618
67559
7749
45422
11074
21434
55817
17228
22562
47299
15428
13543
60934
63772
47651
54406
4724
11319
15510
21411
30175
39178
63539
4939
3701
21082
2507
26044
55440
5190
25644
63366
27768
17124
34106
49146
9526
33653
20615
52923
14403
59747
7508
10261
30285
33128
63828
60458
53959
51389
54711
27817
20127
51423
33933
59000
5634
43849
37519
36798
48995
20242
29612
41818
43233
61363
9692
47110
48026
42585
53877
66327
12368
19874
8958
23967
32326
32736
21799
20220
22250
5274
6012
21343
45115
47214
64591
6351
9594
56001
26805
44297
9181
27485
41464
31162
32737
32324
56754
47319
13522
64263
45757
29898
64619
37716
63736
25250
59943
30059
55288
56412
42736
54951
32449
16624
49704
39118
55170
40962
7199
51060
23515
42696
27311
41190
27562
14918
36349
55185
46578
52290
64396
2840
29140
22616
9948
44565
32384
58596
67078
28754
36925
21858
21950
5755
56815
43144
39036
5287
46226
20208
58018
12429
17516
28978
22785
43558
50610
38307
16182
67116
21247
61928
12330
52583
23746
34102
2722
27655
16365
9186
29512
25068
15211
2784
588
2806
28510
22186
573
52582
20269
64355
53760
49860
4193
7168
23546
56657
57047
9157
28090
3700
46320
21288
2421
12739
43018
58015
21654
28921
8265
13988
63637
32077
37856
22612
12219
32881
21831
23489
15718
47524
45084
57418
45958
12989
33694
9398
9076
52156
32278
64250
54505
2572
27701
54993
20626
38593
58096
62549
50777
31775
42364
19146
29128
17770
39229
15352
29487
67013
63915
63709
65826
37508
46041
57392
65056
6635
20176
11958
44840
25464
29079
27392
56310
21948
62245
62941
64078
31022
30167
29802
42593
52600
28610
9140
67894
43050
44384
18698
19599
20661
41768
39275
33733
27461
31357
9119
14540
16668
52180
12528
62726
67316
26275
41591
12144
18382
36680
39695
7557
46594
32167
66357
65078
15881
62364
23464
10540
53916
2580
36454
30495
13698
6143
59152
54106
62253
48407
22786
29084
9554
41590
30011
22828
48555
64433
34183
13370
59027
64317
37862
67203
6248
45915
46306
14589
35396
63555
17860
48514
7256
38786
40214
51761
16247
28413
30863
41322
64245
15868
31181
30476
26406
43766
24951
26159
33091
43129
46387
20711
54454
31812
21851
22841
20623
47302
56296
56809
64687
8277
8007
44462
54446
33358
33545
10651
59999
66184
16375
27409
20875
36706
57440
10622
54061
33000
43888
28865
20481
57013
61577
9175
29122
62156
66185
25126
6043
40080
15474
12781
5066
15135
60215
57584
4618
62283
66324
12326
28838
48314
27893
38079
37207
10404
64850
10286
46206
53437
33027
537
63962
11709
21681
56209
47499
30450
39696
56776
51055
36670
42606
65370
48317
14564
52941
56606
24113
67059
9325
39421
6341
14286
16105
18581
44430
12871
13043
66608
17933
10410
38362
48186
41302
42003
30719
64308
21190
59059
24074
15035
28094
26927
59979
47206
43065
54822
43378
55536
9155
22163
47324
66497
7285
35590
54441
28673
49686
31820
27574
56629
32411
20388
50154
51858
22707
37880
65355
27039
61578
6134
64366
21047
45147
29336
53885
28337
49607
20905
16993
61159
51115
46308
9220
3119
5838
11436
25277
42538
29491
30027
59165
65909
38369
12123
26319
23953
32160
33664
65222
28570
29022
23165
26131
56761
48512
43252
12072
10614
12512
7731
23647
40786
16322
54960
61615
46889
27982
28742
18556
54495
27559
57620
22018
36333
33994
54372
54125
43922
3730
65130
11321
3877
50000
62507
67919
19923
64381
68119
40593
31988
30204
64571
34079
20723
56916
37130
3714
40660
27837
23576
23817
67645
55119
61471
60238
31204
19877
19250
59241
42042
26410
12555
65996
21787
21339
16503
38033
17915
61257
22168
60095
62112
62573
64055
55344
60165
19522
46758
4741
62036
49512
32354
47543
56247
29801
47212
51778
57425
41327
23552
58497
44433
57337
53237
31574
18469
12223
67318
21641
61936
60049
3757
4017
55073
29145
56599
28913
64792
55601
63358
42145
25949
62389
63600
21031
32204
57943
21746
42209
45428
1565
63305
30692
58969
25248
44215
50287
11751
62762
48515
36896
12509
27120
47332
64243
43869
64265
22545
55709
32241
11752
8428
48106
27990
44034
67083
63048
6717
4945
10474
34495
25966
38772
58853
28993
34701
39755
28059
12978
34702
47491
28363
37199
64053
42480
60927
64259
27840
53738
15975
41136
66367
43188
37238
59825
52185
57944
48394
50794
53729
40440
12829
62158
21057
20387
66182
52030
55606
48708
15508
40116
66404
64212
10515
23257
28423
50225
20850
13460
6571
42794
40868
49409
2690
22701
27507
41459
29431
10412
6400
10537
19470
23006
29665
59222
56009
28194
13062
47453
29478
61252
28105
62568
38809
25212
14714
11512
57703
50561
57644
38308
45710
56948
38916
6784
5947
59905
60000
39299
8755
37970
4057
4159
54534
25738
26839
56300
3787
32623
15950
23531
44699
60575
41330
47403
66226
66103
47347
34372
11727
31999
64614
23089
64743
8922
7482
48749
29927
9036
19301
38169
55266
50135
26325
29534
40371
8300
60968
60369
41445
56028
54555
17117
26342
27551
33790
29767
10834
38082
21129
13523
40320
62098
25245
60823
47192
28071
44468
43450
49639
63579
3758
3880
19503
21344
45598
34820
55619
62960
28366
9429
18380
28373
48163
50008
34436
23288
50113
7567
63138
30553
58862
2968
29106
43001
66413
41384
21547
37076
65300
22366
65258
38577
49969
66365
54914
30277
14686
62157
570
27230
25980
19848
54292
55092
33332
21331
26435
6702
55803
23090
61501
7887
46631
46711
30012
38715
9998
38350
58841
66363
28364
32085
13081
14302
37051
27591
62527
7201
28491
39722
39103
31188
57330
29235
20975
10616
23122
61379
58987
8552
18876
66360
25137
59300
7709
833
12374
27313
58820
39671
61642
23496
28674
30060
6534
18450
43758
27841
22161
40352
13875
5213
32365
26683
56215
2620
63896
28253
19955
28040
32165
20770
51623
63259
44560
526
46203
5411
32847
53730
66616
54891
42495
32206
54625
12221
20326
46820
60366
54619
6755
60604
65305
5616
5603
2759
10481
6304
54451
16706
17073
44236
37144
50901
23167
21146
13153
9139
54954
60257
10458
31280
21503
2589
8878
53829
54539
57636
44296
63317
48920
43210
38830
14051
16113
44809
28869
7144
52191
39493
13632
28584
18736
46715
24964
51763
9389
39497
60211
2520
32352
6887
38875
7503
17934
39952
26167
29228
55578
19870
20998
51732
45818
41726
23788
18248
32559
25050
67918
9990
59745
4332
50081
63823
62774
26018
37250
17991
35728
6934
14212
52284
41353
3316
67831
7458
13578
46096
54849
13061
23412
3358
63855
13960
21185
25333
23938
33842
30306
16425
6310
28887
2706
28836
57669
41516
32405
20880
30187
20874
47318
22064
57942
15943
22428
59210
47413
5519
62314
46755
61849
63255
37201
49866
3739
2613
43234
57618
19849
34439
64275
23859
56529
44223
9356
46293
53798
13813
9977
66307
28772
37902
21648
23919
32333
2705
37748
26571
56756
13409
38738
13954
66141
10475
30013
60247
6403
15886
27383
13661
41939
48313
40438
42236
2907
7532
67789
41980
16796
21795
55102
66191
29195
28210
8248
60280
21188
19972
47770
11817
11933
31232
40039
18484
67738
7350
5949
55744
21713
42539
7561
65049
7699
10811
30817
2578
15342
58938
64643
28599
55099
22004
39028
58644
50315
2550
36734
22698
28583
39367
46031
64393
13149
30857
16852
8624
22264
62876
6019
36889
51126
43199
15523
64229
54962
37495
8979
23260
14335
5112
35554
55849
63410
62292
34795
56528
25796
6368
60017
9963
19967
7405
3819
62776
58623
5633
4718
16124
48488
56497
60068
14446
23750
29083
66680
15885
23565
62521
63960
8947
27328
63757
31965
10551
56019
30303
18884
32563
63207
60251
62052
25624
48174
36607
62624
52181
53481
31813
60171
61688
64112
39788
31862
46420
62847
30032
47085
9048
23012
60040
56180
4558
29579
3040
64630
65360
6713
9465
21223
8726
579
33809
13841
23324
53668
57034
49920
37851
57840
18934
41126
59764
15949
59877
12896
41948
57830
44120
58116
43997
29032
7657
14000
32642
63793
40505
10676
52889
6978
15310
67582
44109
67049
23033
5871
66757
7248
32028
51501
64518
29147
63029
2461
12086
34091
3820
41688
23988
19313
32307
13873
33379
2859
39606
61575
41662
23547
61921
60702
18840
55651
13658
64337
352
29295
37395
19231
14602
29918
10675
5433
5544
9862
15890
46559
13928
8581
39715
12633
2423
58903
47005
53845
56601
26795
62540
38410
1498
56089
8084
18119
44219
62860
24617
54121
44648
64582
56327
21008
44823
20468
11658
41196
42300
54455
39920
66623
7295
11895
63988
57385
39060
39690
46328
67451
47046
12231
51831
26172
60465
15529
56101
66168
46427
5674
8661
24006
49244
51723
25617
22413
36987
66166
49915
38348
19282
60539
32974
62038
4012
4931
8975
23981
66338
10187
3156
54245
60664
11769
3954
63738
43152
60795
42223
37779
20392
40504
55400
60252
26369
62074
16968
26277
37771
62917
42511
38370
38069
62506
3134
63460
16981
3163
66140
53780
21755
29565
56018
36365
50518
21553
46829
31000
57078
52945
43113
36958
44597
54118
54405
66399
55594
17751
60051
37905
46967
21871
59235
39564
5189
26793
30357
51152
37886
55592
23148
37252
12544
61865
48272
9453
56362
46809
28969
12418
42188
45694
32574
38181
33893
61791
37472
2844
16260
64374
66121
20517
30851
21174
54145
16415
47175
5868
9750
39272
37453
32229
4689
26625
15967
22618
33976
36733
29367
26727
63015
10041
56735
66625
50793
3460
33709
8547
56821
66435
12604
32308
27933
64629
64975
6619
26742
51764
39676
37741
46388
67709
11756
37068
29226
27886
57428
37783
20697
32366
56141
50550
16557
3459
12494
63614
33472
60241
42865
55730
54628
56367
30301
11944
55992
28214
19446
54782
61954
22169
44876
55583
2960
34700
23462
33853
62061
11138
62142
32602
20253
13948
33300
68139
49735
56287
65534
41802
42997
30814
62077
23227
8957
9516
10572
6541
45956
25970
63098
47309
32679
9014
47301
41321
42505
44727
41552
37124
49769
7372
19163
59966
22995
26404
15190
46149
27687
39181
6151
3871
29486
23136
27329
62097
62640
55972
55650
63950
64345
19672
40907
10164
47325
40426
10550
28211
39019
9271
14505
3103
20249
43022
13749
30828
3008
66090
2496
8940
9194
7162
21154
48400
6249
49178
12367
8987
28250
7899
67895
28150
3161
24501
5668
24503
50604
57329
57026
55332
7910
65314
5902
27100
55410
29686
14376
61653
47936
4753
9301
5186
55632
24205
66144
15710
45285
11857
50858
41778
61914
50336
48550
50767
21515
57449
56626
19981
23119
9403
5887
49198
3694
6737
44796
13401
54725
33940
41107
37961
30587
66723
21788
26376
47659
7221
13956
39359
60701
68044
3874
53450
19180
21066
61758
9090
44429
12827
7032
48312
8993
22962
39572
44870
40683
2862
68005
17125
37881
4314
63973
24089
66424
39327
54170
30680
21783
27989
61027
23831
21041
61938
57341
49070
30510
11215
52220
39323
40121
53727
5705
63544
33413
61799
19938
10442
32233
40870
11183
47056
48230
7472
47030
3872
26305
62537
41624
8133
61748
27416
55512
48944
54529
32210
36575
49365
37958
43906
9719
55738
5756
3711
24108
1598
63662
47044
15953
41391
51648
4913
12483
36606
62498
30864
63287
6222
18468
54491
59136
50839
62619
67270
20844
13905
67314
57845
32363
32173
8962
41593
39463
40122
10386
15630
37879
42344
34716
4560
19249
55439
2711
29778
10125
58875
3992
46505
19093
15068
60713
42444
55843
40006
46522
12550
12655
31185
22047
42156
39453
7274
16068
60508
44812
29781
23570
44487
43403
6441
13275
42243
46345
28842
53700
9056
7820
50608
23421
20283
67688
24489
39457
39848
45266
24516
19977
9156
62448
10582
45709
4808
33647
17963
61655
26313
43157
58109
12345
65691
27769
6933
21628
19941
22107
20035
53583
29075
14482
44287
31675
50077
22504
23569
18372
23765
67514
54430
40769
22157
42603
16276
26042
63282
32375
20108
37141
7808
47818
63913
56627
40677
65400
36332
8874
48221
11495
49531
18544
23839
26125
14680
49933
11790
66231
56047
47073
65150
22566
22483
46319
16097
67986
50480
21631
44586
56555
21724
28227
24132
58936
29334
19649
50399
30271
13524
57680
17001
22261
578
18381
23932
54201
59217
30381
7943
13252
44336
34180
51640
21415
4559
20422
51025
57791
34692
38685
63584
27661
54844
55193
11261
11327
56551
16473
64039
63846
37788
21994
40573
24958
32976
63831
38176
36990
20364
65973
54884
2434
14454
40074
63665
20465
62872
12362
65265
12890
13832
51758
18453
27208
21773
28193
58982
20603
22316
21670
39720
10365
9968
23734
44498
23739
47922
54870
67965
42513
40418
44137
20303
57978
26020
32154
53846
4630
64210
28517
5747
15927
41542
12497
6084
57860
8433
17930
28396
52176
28237
40085
15806
67804
64871
52648
64545
39691
43134
55932
3873
14475
26169
45213
38850
67800
28847
64604
43135
54303
60248
31205
5375
15896
37960
21530
20335
18690
32891
41629
10860
37150
26817
41211
30869
31962
63818
43084
48484
55507
60263
53620
6107
51515
55354
37774
6190
38989
11221
4825
38172
60995
27713
9050
40058
16545
51386
62570
13084
20207
26932
63031
39675
12886
49331
46835
36994
39629
64261
67376
23094
35463
25214
63352
52254
65859
51872
57998
44730
65923
67988
34853
32313
39151
12010
26598
5222
54560
39955
47820
43806
9102
16058
34015
15539
36741
62634
2437
17603
57700
8678
18378
54738
26119
29111
44871
42889
26040
64866
15222
13108
20411
30254
11246
20365
58666
19663
39893
29890
10428
18825
12315
15120
39648
58554
17137
24042
53864
43184
9974
58402
32074
27970
11120
45087
65749
19830
65955
43549
38579
67743
13162
23509
55971
46228
52454
54687
18196
16667
55901
30585
58508
39466
38936
65679
16999
58715
4950
66980
21035
64048
47565
55088
54352
37978
47049
50011
23236
13433
41487
43676
52452
57857
63147
49714
12816
33968
67444
47006
51176
46852
53486
12848
60290
30007
55432
28498
54453
2410
54705
40054
34092
32609
42384
98
68158
60249
7278
19915
17788
52979
3763
6105
18449
67757
5156
33655
8985
13148
4316
67167
31042
36537
26330
3717
18808
44206
16773
4144
54286
18370
45855
47542
37989
68023
16288
46630
14177
49968
60192
47142
13653
39413
63815
36763
2834
27098
46607
13908
46541
37790
9336
2874
51053
48423
12174
12337
5882
20152
44195
6196
2651
40528
48719
35014
25217
14044
23226
10868
63484
43902
32511
47978
9409
25240
26948
50218
38190
63986
60528
12872
64255
28202
35591
20096
46712
48942
53613
52174
41972
25971
21572
15188
20413
16042
3841
16581
8652
45862
67705
577
64110
33855
42000
41663
54566
3762
8976
39117
36890
4064
61835
61727
23438
61582
46864
42012
66205
47737
3736
8373
37615
68082
3041
39227
46728
2741
37882
22835
9167
41743
5330
49600
63136
52253
20515
42532
17063
47042
12703
60489
4930
21318
28557
62608
15494
49942
66015
2938
41863
45705
41957
12975
9525
2868
57969
23995
59931
62759
23669
23209
32402
32404
12936
53403
50282
27128
10505
17645
47785
61260
57653
21696
28406
6921
30967
13626
6953
14591
19831
3876
52158
42937
26343
20065
37503
8311
3294
55833
61987
54814
67202
5142
21455
40793
33268
32830
44485
3803
16099
7030
23814
43151
13248
8862
20652
27386
16240
40247
38961
48513
164
10486
17941
53992
30262
39407
55133
7182
37890
55297
52970
15893
38080
42462
57999
3687
24637
64781
32362
5150
44047
16159
16047
8912
27425
62599
20284
11779
56478
50121
61888
38366
37119
20032
53826
15780
44543
37831
5604
46477
8140
66173
36611
8249
9457
12855
66194
23633
16979
64390
5162
41248
19597
46531
20987
1355
7115
17914
67882
31202
60267
11092
50335
21914
58344
3891
40681
5074
62900
21841
52451
61606
55360
66899
49910
67121
40161
62685
66503
28074
6487
57456
55664
65677
15279
20646
4053
14365
63333
5498
13303
13065
42711
2488
57424
61850
25211
50552
21356
3473
20836
34170
27751
45712
21264
65714
36899
5006
12626
62175
33557
6051
12990
26957
29626
54377
32372
34861
39035
34016
49479
43035
47346
31968
61773
40901
38598
52578
4063
57384
10781
41667
47811
54895
39433
53721
36512
26161
21908
43235
20425
62566
33856
43128
9533
42507
19838
37889
31848
47130
36217
48888
22883
13413
2869
3467
6392
54213
45553
22363
37720
40184
42867
15879
29503
51201
60960
26207
3562
42600
41023
7340
64833
40740
65345
14497
23128
22576
34340
44153
59534
14394
48282
43086
28375
43166
43025
12150
37235
62001
43014
21125
40402
54132
67304
5611
49745
3856
29129
46316
60676
13993
48311
13925
9101
3697
41561
59097
10495
37168
19302
40628
65131
21065
53737
9011
27417
47470
5432
21262
5436
9052
62700
44434
57280
5311
31293
43177
4997
3751
48536
62272
8484
4925
44449
55829
58030
47420
50521
63056
57205
15642
50612
5040
57388
47127
9380
33759
67130
16107
65219
32732
22123
12366
33615
7271
37900
17110
29962
37281
30625
57488
53554
45707
21142
42141
55720
29504
23495
46587
29382
18883
44905
10431
3377
66881
55691
18607
10628
41748
57817
17115
25842
41269
10363
32381
63161
67237
24836
49035
39619
43200
6031
42047
61672
28244
38227
5937
34694
39437
21942
11757
60723
16039
28667
34108
53997
48358
62717
60234
14023
13195
3130
4055
43201
17112
23553
59146
2993
43058
10680
36771
9077
23021
10830
54938
23876
56608
67249
7502
2774
17111
60031
46002
10898
50036
5031
43855
7195
53946
10647
8923
39667
34852
13337
16083
12349
47327
16266
26069
62013
46385
47174
62955
4271
12853
50509
2516
49678
41071
47925
66129
38626
51387
38820
23545
39737
50333
56365
62544
50398
49158
20325
41450
34160
5445
6364
67586
48887
39523
38779
27036
14593
30668
43351
20426
19820
62669
61647
9073
2462
10782
33607
7220
66689
22935
17967
9544
16985
57404
8647
8909
27770
54589
15080
27647
17086
48517
7397
32078
13335
45885
41069
32143
49865
6361
57517
20994
51786
24106
66777
35818
53759
46333
59978
49991
33608
8933
66149
28093
59537
8288
8964
36655
41650
20469
14202
56896
23488
25041
25487
20448
21617
48374
37387
23768
37204
61807
18975
32780
4184
13727
54148
62304
25825
64794
7647
44136
20321
16761
19372
7585
20825
18448
42351
30309
35449
23549
3360
33788
10585
3815
6229
34229
14200
5912
56722
64586
5758
3592
4752
23680
54461
10838
27141
56566
60387
11986
30566
7977
44436
55987
26153
61910
24979
51235
23568
61251
39587
44432
9880
57412
53263
65858
37103
41441
24097
45454
32565
54207
12906
37903
19179
2547
41719
20676
19978
14698
56548
58926
64558
7161
67331
62682
14740
20855
42974
56133
4986
42027
41214
36535
40459
9032
33503
64246
32318
9953
68154
45976
32369
57474
21674
5689
21145
56786
60624
10427
42471
65316
50572
39668
38859
21946
32408
46433
13833
7265
56934
6629
43211
36992
10645
8875
30656
15880
32474
15745
40063
60108
48963
67044
14481
13466
37760
44530
37955
55630
49944
61525
51929
2358
55988
54334
37511
20959
9443
7114
8101
48750
13545
4638
44351
47070
10441
22543
28311
38377
49252
39661
32076
46998
62287
57434
15784
63449
12845
45521
42172
11547
28596
46537
12430
22558
46881
22700
30296
15158
20251
3064
6524
14033
5466
46644
48399
61188
24070
39274
39836
15028
761
64969
23836
18368
45429
29060
13489
39270
9522
45883
60378
21118
11638
50979
34693
4561
4156
38950
18529
42024
41120
44159
11058
28863
10438
17194
68156
30140
34323
20828
5141
36808
7116
65272
63175
33600
36750
29123
30526
49499
34296
68130
14324
12200
66171
64859
27531
3731
37825
40662
38252
42912
12835
36971
10909
10203
44245
41734
4032
53512
46825
37899
50520
40799
22645
8911
47000
14199
17905
42143
16827
8910
45223
41334
2425
43359
15897
36566
48775
12808
48259
44016
29944
30479
42702
31990
12634
68190
46237
5166
28589
2604
50394
63970
16041
16536
13591
16451
6363
10226
7582
41674
13145
37893
7901
28710
18087
57642
4041
50673
8318
3997
53762
984
49583
8585
25737
18113
18366
27813
16532
50639
44452
42879
3713
3428
63981
1905
50481
61862
11753
40567
15040
60185
39066
15938
21246
49867
40581
47756
2644
46414
11
41413
36534
62318
12549
60457
8016
3988
5439
5106
28970
43175
54624
24978
33971
46317
8424
37451
18562
47578
5562
44110
12564
50532
17599
15919
18452
54048
46422
2943
37228
15547
9141
59651
19647
42558
7263
2533
62308
13631
62449
54171
10600
52183
39428
12541
5630
12777
38005
26954
8005
30543
7039
39701
21491
6260
54013
55162
37560
8292
67995
13408
2856
45533
51759
63394
29245
2854
58013
45523
50285
9260
42096
38187
6081
41729
46617
53332
4014
27660
3000
51842
39303
66872
13278
41412
9049
9096
67781
7674
9086
65177
38028
14050
10513
29137
60453
25783
47134
44589
42963
54474
44083
38174
12051
50148
64860
20282
67675
9136
43357
4016
19987
10728
7043
22829
19092
13456
55057
28207
22050
20664
856
29818
22532
11250
8471
19949
45189
19014
53904
27444
31016
41123
12810
68138
41442
22310
13086
47213
4958
17978
54579
60279
42436
57031
10795
50015
6457
61505
20462
2399
65702
68122
12170
55236
20548
41769
50132
47043
60250
20721
23311
7037
35038
12001
43253
39132
43007
42853
16441
10560
47330
16671
16434
28943
25007
56787
46465
54081
46623
2643
55464
21239
54115
54949
7137
13069
39992
1828
18123
22816
42266
10734
48971
62754
20237
43588
63071
67189
49438
55347
14373
47220
55077
694
5232
37904
39718
65870
5676
63490
28577
37781
64955
10337
22042
64476
11213
36800
39913
45706
4740
65804
61139
7526
61610
39607
27738
5481
3715
11711
49931
6013
52171
6723
16619
12329
48320
65682
61892
12983
51396
10257
60349
28108
38014
41666
4198
34815
42957
4780
52008
39700
57443
55818
13203
30812
47823
8991
57356
13579
68136
8296
24795
12974
4738
43249
14483
28218
51643
10415
44561
14320
25325
8097
47441
44149
3427
18153
14530
37765
16584
15608
10477
37830
43757
47526
48746
21546
65683
39680
62696
38960
6404
18124
4543
52239
47579
25411
9067
40264
40911
45551
19025
8807
20083
36610
21078
67639
12511
30801
44114
52162
66699
62481
8161
15942
50289
29811
40762
43002
38829
6313
49859
12069
5115
18015
7327
13410
62550
10543
16382
14057
5981
15753
15005
38182
39051
16053
55828
12593
13733
19481
51071
59252
22684
28045
47662
39643
42961
36334
21471
8660
59792
42935
2973
7759
64046
20393
12339
1309
11027
50726
10487
28861
27241
10483
46100
16370
7530
13219
32938
46349
813
3944
27868
7069
19989
13322
22998
6945
37718
1354
2498
61689
46342
29763
220
14603
18485
38173
13455
51765
633
40007
16610
41746
46510
6389
37077
9143
21263
9128
21723
2563
3685
65218
36656
38805
6607
13712
50437
61654
37782
30969
17126
30078
20660
46054
13836
14337
23166
15609
56202
52809
3684
52366
32895
68053
46851
33750
37962
47308
9376
54876
50801
5406
66874
15303
47921
48009
36964
25197
28481
16345
2567
19141
47120
45301
42028
28185
44805
9456
34717
10527
8942
46937
6937
17204
37767
9188
66749
56394
4062
50092
56023
4952
19161
17114
50147
19958
10967
40181
3159
5004
9514
11807
52810
60739
9603
41714
12285
8930
42405
10992
50562
45350
41636
17505
13652
53936
52169
68086
25837
33073
63887
3144
6801
7978
49249
41634
17182
37406
37987
53905
29117
20437
45975
47069
47349
34280
36585
36567
46827
9075
40235
303
40587
37894
37891
33458
7337
48310
22280
47414
67920
46327
13534
31441
18446
27694
12358
51932
21014
13282
61889
41307
25979
45287
40886
42025
13740
18375
35688
11844
42550
43415
61341
40384
37966
5438
39263
48254
37770
52753
46962
64251
19973
4315
7366
29401
2532
15069
14596
48518
10545
46001
1487
30907
2192
37780
50436
11310
14997
40021
51023
30632
38224
45933
47580
21064
8640
4343
15980
13147
2493
18358
51945
43126
49724
10323
14766
55041
21437
41745
36818
21410
40294
66252
43176
37849
16410
46713
36550
40432
4605
32070
43436
44413
46052
68088
10632
5522
26452
7741
54710
54284
40626
18585
42697
49461
22048
4015
3511
47697
36916
36685
2575
36748
219
16092
10612
48136
6989
41544
50876
46923
6548
16521
61940
58941
62497
26541
33930
52996
17289
39023
20718
19844
46415
51735
54867
47801
34295
48516
5903
9149
6078
43502
45600
47345
13729
21160
3004
42139
46753
11062
7495
2686
37832
18496
63133
40038
46878
20418
45376
19731
42125
64389
3759
22105
68151
52673
8582
53878
41199
47717
18379
39686
38663
60218
2732
62766
64330
10577
7888
6936
28728
48958
56134
18157
30161
34443
42911
54666
9292
68087
67818
37834
7881
41625
52944
18963
47203
41397
39387
22110
18345
65230
6557
45645
23937
54672
13075
44509
57287
38191
51877
43905
36923
16872
5095
55165
5119
64956
14788
2802
12217
45102
46008
63052
27385
39479
9644
50079
18308
56981
4708
7344
42066
3001
39863
32713
5022
11403
51856
34048
45411
44538
43155
20077
59968
11918
21123
46898
44532
11503
20286
15937
10729
21384
61329
12016
7282
44391
42337
51774
54359
3455
9801
59677
39203
47017
43236
45595
15215
57445
5578
64211
9230
66677
41333
50116
10185
3735
37749
38071
23527
28242
50971
15747
15995
21261
49594
37975
18026
37986
191
21612
40002
40449
54271
3308
59062
59813
16967
39628
8859
21369
38411
37111
16154
13899
46604
42373
2945
9185
10610
2504
3380
53669
1546
43545
56992
20597
31106
41979
46421
18463
13987
47931
44657
45659
46326
13070
51325
12143
22911
15197
16409
43187
57631
18810
10219
18128
44212
41426
15628
58038
20920
29289
3072
255
41750
21417
10179
47215
6131
6815
16056
46335
54862
62664
6596
48596
16183
46983
50345
41417
50063
1227
49967
50403
37500
16643
52842
10500
15635
4909
18619
16851
8472
52242
5465
60520
27355
15295
7083
37220
15538
54169
37827
14071
37833
45299
45725
50090
38184
37752
54924
7108
10403
18687
39624
62667
10217
40410
38188
6866
6059
39792
6332
21049
4158
53889
3737
42966
39293
18809
6890
10298
47310
14962
46564
9706
48154
7908
16479
15856
25380
52512
49715
2222
64524
55823
9168
16127
45475
40123
40838
3837
43059
14459
43130
37507
11768
45054
37405
16944
41599
4862
15020
39724
14040
43650
42978
11099
9900
37778
3802
34246
7223
39635
7697
45283
53927
39058
15788
41323
46909
10662
50088
34696
52251
3740
44507
44517
20331
9158
20318
13085
2692
6946
38081
42241
5619
3712
16174
37494
37121
55447
10251
6732
35302
40411
3800
44495
14184
39567
50018
44874
46511
47603
40362
2479
7119
2652
2089
14795
56719
42371
44247
12480
7702
45814
9015
6656
49862
6997
4918
12417
2867
38078
10670
19138
52969
55202
50328
52412
5296
47061
15151
50583
54456
13196
21406
46108
9081
11102
47381
47210
42668
49740
7319
46700
18354
7546
45665
21000
45206
45552
45158
53374
45312
41643
4208
17013
47045
43692
37042
50320
54756
