3269
24800
12231
10738
21350
2200
5067
15640
13166
3313
13535
11939
23322
16905
15031
15549
5066
15043
17737
21352
14315
7955
9069
24567
6639
15027
7664
3312
4014
3758
22659
5064
23855
14465
15641
13537
1371
17107
9751
19678
12262
23542
23323
24212
1143
18078
14312
10314
15883
15551
11798
11622
13916
8850
8164
19313
18974
16189
21539
4489
17108
18322
7849
1094
6280
20403
23056
21238
4013
3743
3621
19310
21353
21040
14459
17104
21232
1139
5071
19439
3293
21537
12684
475
21541
24563
18994
3898
5227
21542
6637
21235
14378
11706
3291
14313
22349
15330
23320
3271
21540
1372
101
21346
24920
19519
3837
20894
19124
3254
24232
1355
23545
21351
21538
3618
14669
7853
13165
14668
21033
20541
14007
7850
6000
5222
15554
23544
20026
3287
18439
3268
20753
15642
19676
11936
24861
4018
20747
3521
12877
16187
14493
22953
18973
14457
6459
198
10986
3904
21867
14464
19677
11703
21035
4199
19312
17988
14667
20506
21348
21554
22919
23967
3538
3374
5452
3842
24229
19926
2281
7848
1903
20575
2821
14291
18437
3619
8837
6294
15625
21010
21443
12260
17106
5065
19491
21237
3799
11291
20745
14458
4016
23693
18441
20749
19337
9723
6455
18979
23664
1379
3848
3923
15697
9753
5223
2922
21240
21371
6002
9641
1750
19947
39
21005
21555
8782
3288
14670
2825
20746
20744
7566
15519
6330
22698
9429
14076
20987
14310
13500
24228
4205
21032
2089
24535
7567
11313
4098
14460
21009
1381
13147
3373
13486
1999
20755
19945
117
15009
19654
3922
11940
23992
17114
19927
9748
14496
19944
6663
20751
20406
4201
21475
19675
21007
4632
4612
11287
3317
13427
3250
19493
4204
4172
23599
5873
13591
433
13485
9642
19954
6331
16
20913
10351
6495
13562
8510
15039
15041
14488
7233
22842
13831
14681
3899
21868
19190
12060
19766
22661
21006
23049
9169
434
14246
12873
19953
16559
24915
9652
17983
21477
4607
1746
16637
18654
14885
19928
24763
2836
14553
19946
9976
2820
3233
17116
4614
10201
4696
1164
19441
5154
21877
13988
7569
20057
19597
11707
19175
19951
19653
12981
16691
5420
18435
22012
10349
4703
15844
10739
22746
14495
4041
10633
11290
2913
2106
6691
4495
19438
20063
21059
761
21926
14462
21050
10140
3666
19488
13830
22297
8915
15
20799
7929
4202
21233
20269
14
21527
23391
3243
3682
11332
19949
2380
1925
1608
4198
9382
4825
13506
15632
19334
16906
21062
14245
4697
21824
20603
10443
11898
18082
6405
23864
2417
16124
12735
19442
3686
13674
18047
22954
9306
18987
23321
24225
14487
10352
2373
19743
5424
20405
4178
23709
21505
21008
20067
4097
8629
6727
7570
6281
3665
21377
19599
5955
19790
20424
15773
11897
6991
3886
21341
19763
19858
20417
24565
5671
11935
19948
14039
20475
9654
16119
14393
11386
21055
1166
19349
16621
19152
23380
1380
20452
6980
10509
4609
8341
21054
3454
972
17417
11700
18438
5438
8729
18045
8241
12601
8634
19166
7820
14480
2247
24883
7995
5122
18769
10643
10940
9895
21928
4704
6989
14481
687
11573
17103
9869
11068
6328
10347
23006
19882
16622
13483
4256
23994
23848
19680
2045
19338
20986
3341
5927
16302
13327
7052
1165
14314
22950
11315
15029
14619
24227
20502
3616
6191
15495
1923
12732
11283
24231
19209
343
3609
2800
20991
19525
14479
1609
14482
18446
4861
24858
1140
20221
8175
19415
3070
22794
3280
5021
21507
11740
16886
7278
15045
17731
9947
19959
20508
4860
945
22142
18104
1382
2713
15725
11427
24568
1934
8350
19794
20302
893
1998
15193
3668
20281
11746
10653
23708
13922
14964
9903
19842
15612
1893
21300
7784
11289
5262
8172
18485
10360
3052
20045
21049
18103
4200
20988
16156
10511
1397
5068
18774
9855
6971
14456
21553
24882
10034
21039
1992
7678
10710
3592
19595
15772
14182
11293
2983
22097
21163
10629
24988
22317
10374
6494
19339
17801
11800
15372
10139
6640
8440
2790
3974
11917
23583
18772
19798
7565
1389
12134
2985
4010
20813
22905
14890
18770
15052
23654
9651
6293
4524
8781
24230
22868
11899
21702
19214
5079
8798
11576
3266
19440
5319
21860
204
4442
20176
24690
10030
16304
10118
844
184
21392
15075
14475
19791
13532
11741
24788
7604
4639
5331
12734
13827
14665
1927
2566
23843
7554
15638
2789
20148
8627
1995
1579
20601
15858
14956
7857
24878
16238
20491
5410
7854
9884
1924
1347
14257
15446
19379
19183
4502
10593
6636
4263
19574
13357
2543
9621
2823
7574
22545
20989
19853
19779
11903
482
3791
1768
8893
3774
5161
11376
7851
12339
13539
5802
20055
19417
4720
1125
18190
4315
14823
12059
11292
14311
24692
8166
9896
22218
4089
4897
14484
21471
3232
10625
18247
13150
16800
22141
19594
1969
4174
4474
2342
24987
19505
11484
7563
18152
15639
13868
2993
16679
15300
9204
6278
23543
5647
20285
22514
13
2752
11896
22212
20288
20058
830
15048
10011
14698
6506
22189
23711
14461
7994
3800
5230
21002
2260
11428
20516
4480
21034
23971
13151
1931
1041
16318
14572
6008
20354
22795
2424
18977
11902
20708
10123
11125
15981
3854
4226
15042
16680
20752
23710
435
481
3380
21436
15114
9650
1352
7662
16242
11771
14961
6377
23769
5253
17025
14699
18436
1507
11372
23152
3977
13724
3452
21674
21442
1675
10534
16319
19227
23660
15407
23759
19240
22160
7605
1970
20232
6351
23437
18771
13999
20321
10517
11079
6638
4001
19233
16687
6464
2367
12218
5663
1716
19419
2567
6326
3810
924
18668
18191
1312
11662
11371
24051
21043
8635
9630
23897
16426
8847
4906
16013
2822
21052
22211
24163
15181
18626
4082
12259
15133
15266
2721
15303
966
3526
10857
11586
18751
1043
10401
19490
3838
4418
1111
12510
11702
108
11838
5861
16099
22696
3755
13390
20177
24165
13484
10510
13965
9036
8981
19225
7675
16514
11294
2376
7564
9084
18650
9657
17007
14037
20966
23633
16602
20083
24295
11312
19186
7229
11231
9356
21905
9886
15248
20194
4081
12903
10684
3069
21671
4073
21003
6460
12745
3387
5417
10010
14666
18773
23501
22768
18804
16790
15216
23989
21460
16101
18185
15051
20280
6499
11704
2992
21272
17286
23950
13356
8111
1907
2075
20621
368
692
17574
5730
7434
3457
6297
15140
3279
8538
14033
14266
22195
14430
1508
8715
13670
19845
16686
18225
9891
11124
19742
11280
8344
24691
6296
21053
20810
20291
21793
973
9086
13210
6493
8646
21123
18700
2702
10348
3211
15626
21401
11070
4686
691
23076
20278
11705
19229
21366
15409
6216
15078
4899
24863
24764
21705
19363
14694
20981
20955
3259
2546
24211
19236
7836
17867
17311
3634
16989
20483
5591
1019
6562
20816
16893
21091
4525
2966
11938
7892
5224
20230
9414
18348
15762
5269
24226
23344
6262
19728
11894
18536
1697
727
24859
15404
7313
21047
4
15273
16948
7312
10148
19123
7979
11407
7535
13786
3068
16230
18609
6016
18526
10794
19054
21435
4029
6001
2285
19486
24693
17122
5315
4610
21120
3002
23093
20673
6633
4824
6543
14333
2111
5705
16314
7492
5450
3116
22881
1509
2727
2648
21927
19630
9331
19792
3606
20760
2494
14593
21770
12489
23114
10225
11525
15881
20569
4633
11776
12892
24330
18587
1638
19333
4895
5062
10375
22690
2481
6291
3728
20059
11197
1110
20487
6967
23918
20070
1965
4189
19978
6709
3310
8326
7780
5845
13152
22708
20043
19874
9118
11327
13428
16354
2259
19179
6501
19308
1050
6671
7935
2180
7429
23094
14759
20170
3673
20246
7204
15326
20999
21487
7760
3117
19413
473
2925
12374
14392
13557
3787
6410
4251
4341
21656
15028
11201
827
6672
3642
3608
23042
15763
20433
18414
5177
3801
21268
19005
6169
20944
23531
14541
9402
12121
19596
15894
24718
273
14987
3114
15637
3789
11370
7593
2699
14233
10227
9814
1695
11069
5467
19360
8749
4510
14398
6368
10400
19418
12030
391
4497
2083
24234
17925
15574
3419
12065
17165
9202
13292
10699
2929
17580
14657
4096
19291
1012
19026
13758
4719
2393
2611
17000
13216
20669
14259
971
3525
20173
21118
7989
14515
15764
3683
6634
2712
9727
15030
19002
21403
2296
18576
19506
14258
19416
9710
20567
20454
7395
7819
9467
21457
10157
8476
1195
1306
15449
17356
12514
1740
18918
20581
6032
6948
2689
6003
3729
3852
6050
11328
20875
24351
17696
21048
14127
21838
24991
17646
23430
12261
9055
23957
10557
3824
15696
1543
9746
11981
24407
2722
13243
15528
23631
2448
9675
14878
2859
3900
3242
17102
3376
9292
14483
4481
5957
13233
20887
9960
12599
14095
6708
20839
19184
16493
14540
17577
11080
12365
12385
15053
18527
14397
22158
107
13963
20485
2110
140
2839
18859
3038
5180
9720
20451
1150
647
15267
11511
751
2791
922
2304
16972
9285
5746
8277
18039
3555
10072
19520
4357
16657
15976
10361
1792
19495
13799
4640
12462
13168
18406
1929
13592
2685
2735
2980
6145
22217
16002
22492
14490
8168
3058
15384
3316
4989
3479
20796
9427
18083
3985
4030
5502
17678
4413
15516
4471
4477
16721
24177
6544
20097
19524
5875
16100
19707
6726
6746
18458
7947
16563
21085
15093
1641
9699
9828
11142
11884
19288
11311
11567
11527
24799
19234
14537
12544
23949
12780
12918
19224
13672
14084
18537
19311
14509
14613
18249
21347
21489
11523
19215
186
1141
1142
12062
19527
19198
557
5865
23741
9658
715
717
1971
5475
14390
825
3855
955
10595
16675
968
24732
8095
17623
7597
20605
11259
23760
8064
7951
17386
10997
3849
1501
4987
18542
12475
20453
1737
16871
17708
9410
21797
3991
3263
2798
2082
21950
20486
8882
6086
23098
2609
2647
24978
5681
3804
10925
8536
10915
2846
21321
3905
2979
4762
6402
6483
11773
3067
18705
3115
3806
3176
21281
15595
5733
3247
3934
5025
16781
4247
7591
24213
23038
23435
24584
15345
18809
3993
4835
9885
18396
15367
2810
4509
14293
4594
20429
4630
4764
16570
12683
20624
18669
22780
11739
21704
15675
13359
15412
5953
6156
17815
21176
12118
3918
20724
20947
16682
11063
21820
7606
11062
24236
19934
19986
14316
10232
16873
14426
9056
22711
9189
17555
19592
14729
10216
10421
11039
11368
11385
18879
15842
13321
12066
16297
12390
19984
21244
14185
14234
14247
14519
14594
15274
15687
20048
16579
16897
17049
17164
17619
15209
11223
18849
18924
21155
21660
22438
13418
2657
8887
196
1554
1581
255
6048
334
2062
17469
22716
11701
18803
18657
17599
3667
17771
1978
17900
7749
8769
704
725
9856
21258
6557
9713
14585
5741
16788
1552
1036
6261
1108
7079
1167
1342
19923
14243
20825
24133
1353
6692
4228
3844
2482
24256
1559
1589
1620
6215
4358
1668
2982
7719
16993
11790
6546
24405
21103
5194
12820
18575
24937
4496
7642
19780
17407
14268
20381
4139
4716
11374
5487
2274
16248
16917
2307
14622
5898
2514
9266
15606
22672
12487
4702
17723
2726
19664
11168
3599
8838
13039
2916
16740
8167
6914
4685
4494
12485
22833
22099
3087
3175
10054
9745
21292
23184
14285
3286
3381
21454
3542
3594
3600
22786
21167
17468
19919
10035
17618
19289
21369
6707
12491
16890
14646
21761
4148
9214
4213
4264
4272
4278
19765
4449
513
4503
8395
4605
14451
22155
276
5778
8120
5035
5155
5236
7117
23040
19238
11486
21504
17325
23574
5975
20713
4138
6155
6193
6238
2280
10210
6336
5086
6418
14916
3919
19684
6745
6899
6988
22428
24976
19658
7409
19981
14702
7592
23077
24916
18227
20056
20973
8327
8348
11258
8483
8512
8564
9733
11478
6116
9788
8928
8993
9120
13828
9401
9416
23224
9631
9791
9980
10226
21318
10599
4670
20322
21090
10920
22609
11043
11200
11202
11880
11978
20265
11331
18181
13941
11719
20068
19521
14746
12052
4466
12216
10882
12446
12532
12572
12600
14583
12765
18014
13491
20867
13556
13703
15852
18479
15994
14255
14264
14417
14419
14687
6997
14963
15264
20081
21658
15538
15724
15859
15890
16282
23743
22148
16394
16577
12210
24379
16875
3846
18055
17819
19182
18105
18330
18447
18471
18625
19020
19192
19292
19966
19988
20374
20425
20492
20493
20533
20644
21158
21448
21533
21969
22003
23394
23567
24086
24648
11934
10459
410
4915
750
5013
14120
40
41
8632
14743
21128
10591
143
144
163
182
17628
199
233
4988
378
3740
393
5229
7663
18073
23318
480
1741
16488
488
516
665
5748
22430
705
2332
7277
13588
13310
24076
7040
16494
19838
20521
950
952
962
969
970
1749
14476
23115
1024
1049
16028
1116
1126
8913
22741
1327
21112
1996
4705
8010
9032
14529
21340
4227
23148
1425
13750
13752
15299
15302
1518
18942
1583
1594
1598
12910
17689
2149
1696
14492
18706
7097
7098
7099
20798
4717
14093
14494
17026
1782
4493
1816
1842
1859
3302
1930
9705
1968
19165
1979
5020
2077
2097
3261
2127
2132
2197
2204
2236
20583
811
3792
2277
8169
2329
2358
5010
2827
16517
11840
10696
16793
2545
23446
2547
3864
6790
2642
2643
2645
2663
15525
20296
2736
11167
7291
2844
2880
23178
4340
6414
2998
3009
3056
3120
3144
3522
17871
20837
3239
23236
15336
18878
3303
3306
3307
3343
3375
16689
3379
3440
3482
24860
13402
13950
3627
23041
14485
14005
11240
4133
8073
18695
23505
3809
489
3839
15853
3859
3879
6951
2879
5493
17600
23051
6332
9293
3994
4015
8731
4363
4155
10930
9892
4209
4212
12935
15317
4360
4385
4404
12054
4428
4436
4475
11659
4597
14383
4641
4646
4693
23514
11215
5017
7990
12051
5243
11033
14915
18037
5441
5488
5613
8896
5763
5859
5887
8750
5959
19483
7698
15311
6077
957
17519
6206
24687
1109
20314
6355
6395
22784
6609
21567
6644
6710
18456
6809
6946
6949
6952
6960
7095
7096
7230
7333
7410
7421
8976
7482
23233
7627
7634
7670
7673
7709
7733
7756
7832
7879
7965
7977
8065
8066
8188
8288
16120
8357
8379
8488
19340
11145
8841
19122
8899
9033
9057
9113
9130
9147
9355
9415
9421
9472
9582
9813
10105
10120
10125
10127
10208
21643
17724
17402
21828
13149
10611
10665
10707
1756
6992
10957
1803
11727
11037
11038
11250
11262
13172
14534
20319
11353
11383
11390
11455
14043
11686
11763
11866
11881
12004
12013
12064
12149
12267
12387
12408
12465
20277
12602
12685
24982
12736
12834
12858
12908
12948
12954
13109
13769
13195
14986
13494
13610
19485
13705
13784
13943
14032
14162
14237
15369
20152
15359
14727
14775
14957
6100
15022
15346
15413
15458
15469
15567
17959
24899
20640
15864
15891
15893
15913
16226
16376
16604
17128
17145
17334
23870
17633
17826
12889
18140
18172
18188
18291
18818
18847
19217
18871
18915
19016
19221
24383
7420
19267
19285
19371
19482
19487
19526
19659
19917
19920
19969
20024
20108
20111
20135
23440
21807
23715
20513
20652
20823
20846
20847
20923
20993
21159
21239
21256
21270
24501
21404
21492
21682
22035
22119
22166
22196
22325
22713
22846
23226
23788
24166
24397
24614
24716
24881
1868
3430
3455
7553
9138
9148
17697
2050
2711
3429
5729
9149
20712
2336
9048
15758
22911
23085
23087
17
18
19
20
21
22
37
38
1677
7093
11745
14648
18097
19059
10825
10685
70
78
12348
14744
23696
3970
4445
110
111
112
80
11918
13833
23547
134
8074
12042
183
7292
23442
9718
6113
16601
21920
15119
200
207
208
211
221
222
4043
270
289
329
336
16736
341
3199
348
352
359
367
369
370
371
372
373
374
375
16789
3741
11878
411
429
1938
11708
12263
14671
15884
5069
6631
9067
9070
11317
15644
21866
24921
456
22348
7725
476
2845
7991
21897
483
504
511
11295
533
534
535
536
547
4158
22526
558
563
581
584
594
596
597
615
636
637
639
10342
16751
669
676
677
682
5026
16041
3476
21335
17644
12037
2347
24333
732
13206
739
740
2465
11893
11900
766
774
775
777
17528
20710
16600
843
1118
1294
6722
8170
8174
9252
20415
23961
847
862
863
865
880
4836
5237
7060
11915
18516
22958
912
937
941
942
944
15546
20865
946
949
2868
964
965
24759
967
3841
15452
19565
1524
1935
10143
10619
11391
24240
1853
3385
3386
3684
4613
6062
9543
9544
10637
18048
19849
976
1001
1003
1005
1011
1014
15038
23473
5077
12615
21778
1054
1055
7761
1105
4161
15977
19057
16026
1119
1120
1122
10856
12488
22471
1127
1128
9750
6456
16448
5552
8101
9714
1152
1161
11748
19086
20383
1196
1197
1235
1248
1281
1296
1305
3442
20560
19458
19871
22740
5815
4364
24242
1344
1345
747
2938
13545
13546
18000
20826
21117
21116
22705
2939
5226
12258
18076
1356
1364
1365
1367
1368
1369
14040
9186
9853
13802
14981
16996
17416
18412
21339
21731
23990
1873
7945
11922
23018
18285
18998
4120
8787
21825
1384
1385
7666
8173
13096
21416
490
14711
17889
1419
1420
1449
22920
23621
24635
24938
1541
2184
10901
12902
10871
20050
15351
17065
1580
1582
1586
1587
1588
9649
1590
12377
1758
8154
24733
1619
1639
24320
1658
1659
1662
1664
1666
22611
1682
1692
6055
1719
1720
1725
1742
10413
11406
15888
1743
1744
4606
4608
4615
18046
1747
1748
5700
14091
1754
8929
20404
21243
22190
1776
1778
4499
1815
1820
1821
1822
1839
1840
4504
1851
1854
1861
1863
1870
1884
1891
9302
9305
11784
11795
11796
22246
1902
2321
3805
4160
10622
10774
12253
12934
13446
18758
20912
20974
1912
1913
1919
17593
22396
4491
1236
1237
5215
512
1932
17027
1936
1941
1957
1960
16786
19383
11170
15544
21168
9144
1972
24688
2656
10574
17343
2014
2020
2032
14478
15774
2053
2071
2072
2080
2078
8597
2079
2084
7446
12731
19864
2109
2120
2126
14558
2129
2130
10032
2139
2144
2146
4669
9988
20815
2181
2189
317
12203
12208
2201
8696
2206
8218
9088
9275
23159
13902
22305
4647
5739
7735
23819
2262
2263
2275
2282
2284
20484
837
1422
16292
21522
6940
12790
19102
10369
13194
14722
17643
4094
7014
24869
12115
2359
2360
2385
6085
1163
2824
11859
15614
22534
2439
2445
18306
2449
2456
2464
2467
6061
2491
2496
2497
2501
8717
12909
2525
10253
14649
18731
20039
5181
23123
23086
2554
2558
2563
3679
9263
12404
7954
18246
2583
2600
2602
2610
2612
10931
2625
2640
13583
2644
10213
2646
2650
2659
18580
2684
5334
8198
9121
15790
15524
15527
16499
12248
13937
15526
2703
7293
9116
19651
8794
2731
7993
9655
2737
2742
2777
4203
10624
10939
2802
2807
15416
19367
2842
2843
2932
4910
6673
6936
9151
9537
10191
10221
11146
20754
22299
42
3797
5929
8984
729
4620
6007
11090
22046
2857
2878
2881
2883
2884
2886
2896
2910
5295
5409
6292
7949
10373
13161
17626
24100
2915
8615
2926
7925
23179
17141
2981
4072
19745
2988
9246
9482
11166
18584
20638
20641
2997
2999
3001
3006
3007
3011
3023
3036
3039
3047
3051
7207
15500
21063
21708
3054
11429
19877
3062
15501
15502
15503
18162
20112
20113
22834
3071
3083
15962
17184
3088
3119
16122
3160
3170
8801
6438
6440
3188
3207
23091
24164
24989
3214
3220
3225
3231
8799
12176
17658
20175
24259
14724
3241
5002
5383
7336
10831
12141
15339
16333
20431
20717
21865
22269
24811
3246
3460
22223
5738
7852
15548
17101
24918
3262
3260
15313
7657
19679
11316
13913
18653
18976
3274
5897
14700
18044
4904
24980
6457
7526
19055
18425
24065
4766
13587
22949
22364
3350
16157
7610
15599
3377
3378
2937
3384
18041
18050
17753
3431
15488
24159
3501
3518
3029
5000
5519
5715
6409
8494
9758
10126
11229
11415
11514
11812
12707
13050
13948
16315
16769
17238
17640
21105
22226
22717
22764
22826
23844
23845
8093
22219
3539
3540
4398
3593
3595
3602
9058
12223
18403
18404
22785
18402
18407
21248
5423
6277
9066
13505
15550
16901
22057
22656
23128
24917
5063
10628
22658
6404
3623
3626
3628
3630
10463
12885
12887
3641
9961
9962
9963
12976
12978
3643
3645
3661
11577
11888
13197
15288
16684
17660
20258
2420
6755
10113
12412
12515
16774
16775
18691
18692
18693
18696
20430
24618
24620
10663
23703
6463
23356
12135
11299
22298
3696
15077
24071
24072
13558
13559
15074
16907
24126
3778
2653
8657
19789
22225
5996
3118
5437
5495
7108
8785
8789
9798
9799
16170
18648
19303
19306
20399
24712
24713
9504
16685
3802
11663
13659
5337
3825
3829
4249
17916
21483
16638
18109
23088
6004
3860
8996
13163
3887
3913
5123
5486
7888
9157
10203
11571
12033
13034
13403
13405
15024
15656
18854
21106
24157
24160
24905
24153
633
5156
7082
9243
9358
11570
12252
12486
15861
16173
16305
16306
16309
19246
21014
22558
23407
24154
24156
3907
3908
3917
939
1977
4456
4674
5192
6492
6593
8732
9618
9619
9620
9744
9793
23050
1592
2858
6500
15721
19245
21216
3930
3933
13898
13857
16303
21906
17331
3986
3992
14431
21874
14470
16610
6905
13700
18137
18486
19431
4036
17037
19848
19850
19851
20065
1204
1206
14150
19770
24085
23398
4088
20138
16603
13938
16257
4169
4175
4177
4179
4180
17033
17035
17036
17039
17041
18049
19852
19857
20064
4173
12772
20066
17040
19854
20062
5022
9216
13465
5019
6304
9887
20037
9893
17901
24762
14450
19950
4210
13117
4225
4235
4248
13010
4250
4898
21510
23566
4271
4273
4276
2847
4284
4308
4309
5785
15011
16320
17245
19932
24504
4322
4325
4354
4359
17213
15366
4405
18814
18386
21921
24170
17755
21259
4447
15689
9272
21908
4472
12340
20253
23099
21307
9211
4483
4488
22914
4492
4508
4513
4516
8396
16722
24288
24289
24290
4526
4527
4529
4565
4566
4586
4595
452
4601
4616
4621
4628
4629
15184
15966
12039
18649
7750
4662
4678
4689
4692
4440
21400
2000
13793
13796
9611
13770
4728
4763
13012
4769
4770
4777
4779
4781
4790
16506
19529
9829
16519
5323
16683
4862
4869
4871
4896
4901
4903
4908
4935
4959
1351
13744
5005
5011
5016
23912
17855
5060
5073
5091
5107
5120
5121
5135
9395
12658
9840
16690
5171
5172
5193
5217
5218
5981
10954
5238
5240
16974
9764
14761
18347
5268
5273
5282
5320
20204
5372
5374
5405
22347
22655
5427
6210
6579
6581
8761
15245
18040
18248
20617
21913
22309
23831
19145
9143
21804
1067
24444
5494
5497
5546
5564
5568
5586
5589
5595
5628
5635
5649
13923
19593
21166
22180
5377
24430
5711
5735
5745
17470
5755
12088
5787
2971
5830
5833
22387
22707
5862
5868
5871
10854
5881
17738
5899
5925
5941
5944
8741
8745
5954
16123
5956
5960
5961
9653
5958
5976
5998
1042
8806
9210
10885
12905
13869
14548
21247
24607
947
20096
22628
22937
6005
8427
6014
6041
6052
6054
6057
6069
19578
5267
7051
6090
6144
6620
12546
6146
19143
15408
15411
6157
6180
953
954
956
6670
7270
7271
16674
21822
20141
6208
13953
23177
6222
6234
6235
6236
6237
1895
15744
6241
6242
6255
11488
9384
10063
10313
11030
23555
6295
6990
6306
6313
6321
6322
6323
22532
23447
6327
9456
19387
2305
10522
10830
11797
12883
13608
20730
20866
22380
23448
23859
6930
13426
14437
16155
17236
21323
9374
9217
12985
6363
7113
8354
12571
6394
6399
6397
6398
6411
6413
6415
16372
6423
6468
7393
11418
18036
24507
6502
9469
20649
6564
6605
6632
17967
6646
7808
7279
3915
3920
3916
6711
4037
20949
1988
7679
12898
21367
6754
6788
6789
22311
6791
4634
6897
12291
6907
23157
7487
6945
7485
7489
6943
6950
9949
14902
15333
6976
258
4285
4425
4804
5699
6987
7205
7484
7778
9014
10694
12926
13201
15879
16231
18583
18996
24653
6981
6982
16301
12338
6994
6995
6996
6998
6999
7000
7001
7015
7041
4417
4661
10067
7070
7714
15947
7390
23776
7129
7155
7170
7189
7023
15479
7235
7237
7248
14439
7284
21104
7328
7335
7354
7401
7402
7403
12597
22600
7415
18343
17508
19674
19993
7443
7468
14290
7486
18372
7537
7538
7557
7559
4229
16171
20838
20843
951
14701
15819
15820
7582
7584
18035
7622
1272
7633
7648
7654
7656
17732
7668
7669
5809
11734
14696
18226
16504
2754
18704
4135
20192
7779
7783
7785
7786
7792
7803
7804
9085
12841
13098
7825
416
7453
18968
7948
7956
7957
7960
707
9122
7978
3604
10816
8979
9383
11733
13518
18224
20256
8028
8051
9925
15448
13460
8070
8083
7020
17532
17534
18984
8114
8144
12490
16158
17634
24509
8165
5514
8191
8193
8210
8219
8220
12425
8303
8323
8324
8325
8330
8331
8333
8343
11081
3411
7394
14240
15132
17830
20366
8693
8369
8370
8371
8373
8377
8412
8462
8470
858
5907
8886
8888
13945
13798
10500
8489
8506
8509
8511
19872
8513
8516
8519
8535
9373
15560
8590
8625
9222
9226
9904
24771
24772
8633
8647
8655
8680
8707
8724
21894
12268
8736
8739
8748
8763
8777
16167
16169
18333
19247
8796
8797
12536
8800
8824
8835
11128
11874
13741
14491
20279
10597
8846
8883
8885
8890
23854
2515
6096
21151
21152
8941
8953
8954
8974
8975
8977
8985
9773
9777
9009
17404
22825
9072
14539
9089
9094
23354
22808
4811
9146
9183
9184
15508
9206
9209
20482
9221
9227
9235
9264
9274
14391
15821
15822
15823
9304
9328
14184
9357
9359
9360
9381
9386
9387
9403
9419
9420
21046
13977
9422
6571
14289
18708
10269
9454
9455
9457
351
2063
9468
18701
9479
9484
9487
9509
9519
9526
9579
23295
9609
9623
23873
12537
9696
9697
9861
21773
9704
9734
13137
9752
9774
9776
9792
9812
12528
12529
9835
9888
9889
2599
9959
10003
15157
11399
10053
23092
19805
10073
10084
10086
10094
19121
10117
10124
10129
11747
19510
20003
10168
10202
6821
10214
20445
1463
20375
17935
10316
10331
10332
10333
6712
21821
13829
10378
10383
10418
10438
10439
10446
10474
10497
10507
10508
10532
18480
22417
24033
10559
14148
10592
14277
3587
10610
12884
10618
10623
10639
10642
10644
10646
10662
17795
10669
10706
8420
10709
502
9688
10872
10873
16911
10713
10753
10795
10812
10814
10829
10838
24770
10860
10870
10891
4255
20731
10919
24215
10922
10603
10938
10956
14877
21791
10988
10990
10991
11003
22912
17835
17837
2415
17833
17834
15836
22098
11379
19089
15444
15445
11071
11073
478
10724
15142
21098
21370
21644
21918
22059
16807
20566
11115
11122
11127
14334
14684
19500
11143
19317
11171
749
753
19259
12952
12655
11251
11254
11261
5737
12977
22775
11285
11286
2323
6573
6580
8779
9795
11921
11977
13176
15806
18034
18092
18734
20231
20618
20622
22310
23117
11288
18798
14808
18094
5473
14914
14917
20951
22702
20620
14477
14489
11321
11323
20261
21345
24807
12567
12863
15287
16885
22651
11352
17750
11373
11380
11381
11382
6615
11384
11389
24575
18883
11375
11460
23003
11485
18782
11487
11509
11510
3961
11539
11542
11556
17870
11569
4701
18065
17582
11615
2898
3544
4042
5701
10620
11150
12481
12913
13293
13618
14448
15275
16429
16908
17773
18262
20027
20092
20100
20862
22131
23456
23988
11639
11655
11658
11665
11666
11667
11680
12050
11721
7016
12714
11764
11770
10697
11779
21832
11820
11822
11824
11827
11839
5827
11842
16720
11879
11882
11883
19533
22356
11885
11887
11906
11911
11925
11928
11930
11933
7928
12000
12001
12002
12003
21578
12006
12008
3541
4482
12057
4676
1811
13809
465
12110
10978
12133
12148
12166
12172
12204
12211
12212
17472
12217
6419
12091
12220
12244
12265
5464
12280
12320
12321
12323
12326
1818
1819
6239
12375
16750
16753
3660
3659
12391
17215
18631
12442
12443
14308
12459
12460
3282
12471
12473
19477
19189
12502
12509
24927
12533
12543
12545
12547
12596
19168
20515
21678
10531
10862
12227
17662
20586
23910
12225
12613
12630
115
12729
12733
16249
21180
12742
12743
4909
11387
14532
20504
12815
12817
12836
12842
12843
12845
20637
12859
12862
17527
24810
24812
12878
12882
12886
12888
12895
12899
12906
12911
1500
14109
19777
12938
12949
12955
12956
12958
6739
6915
20499
13025
13072
13075
13083
13090
13104
13107
19228
13131
24661
7238
998
13768
999
6875
13187
21613
13305
13324
13326
7165
13340
5999
13377
13410
13411
13434
13436
13445
13451
13456
14703
3136
14706
14134
13492
19463
13509
13510
13511
13515
13520
13521
24073
24942
9971
17624
13596
13589
11097
13598
23112
16724
13671
13698
13704
13706
13728
13743
13749
13783
14606
13803
13813
21325
23140
13944
13955
13964
14027
14031
14389
13811
14096
14425
17042
14042
14044
14045
14054
14075
14086
14396
23202
23203
14087
14092
14094
14116
10734
16755
14159
14164
14641
5886
19507
14186
14188
14194
14202
14203
12380
13742
14236
20602
14241
14244
19153
21253
22528
22531
917
3897
6408
6561
7236
7298
14169
15829
15830
18087
18538
22191
23263
5358
12384
20154
20156
20158
20402
21846
24545
24548
24550
20153
21843
24549
20155
20157
24546
3500
14265
15301
15304
14279
14288
6705
8786
14705
19304
21823
23147
17783
4093
14318
14326
4715
11147
14349
14358
14365
14376
14377
14442
16620
16681
17716
17715
14427
14453
23707
9625
14511
14518
2463
13060
14520
19253
15716
19254
14542
14544
14547
14554
14563
15357
14576
14580
14600
14602
7125
16195
14614
14616
14651
14658
14660
14661
14662
338
8029
12458
15461
16636
24933
14688
14689
14690
14691
14632
14712
24321
14728
14737
14751
14750
16228
14783
14807
14809
14843
14876
9797
14927
14929
14952
14960
17118
19983
13420
18385
14982
11050
15014
5186
11566
20079
24026
15071
20968
20970
21064
15080
11139
15101
275
15116
15136
13568
21213
15150
15160
15162
15164
15178
17399
15243
20377
15256
12844
23303
15286
15289
15291
15292
15318
15323
15324
15325
18933
23250
15332
21195
15338
17357
7798
15356
15371
14280
23160
19226
15441
15442
15455
15459
15470
15472
15482
20873
8069
22670
15580
15600
22620
15650
15690
1085
2596
2601
6575
18192
21722
1286
16870
15747
15750
15759
15766
15784
15827
7686
11863
19407
21061
21076
15850
850
2099
9979
13800
18802
19863
20639
15860
15863
4113
8992
21501
18167
15896
20469
15968
15974
180
3015
16001
14782
16048
16110
7424
18223
16121
16127
756
9185
14985
16347
18144
20171
21675
16166
16225
16229
16268
16279
21476
16284
16296
22149
22146
22419
16321
16327
16373
3057
16416
16435
16449
16462
22771
16495
22216
16524
16546
16548
16554
17319
16564
16565
16566
16567
16568
16569
16572
16573
21080
23952
21646
16580
16581
16591
16594
5717
20568
16784
16624
16666
14758
20972
16725
16726
16727
16735
16749
16779
16782
16787
16794
16795
16798
16799
1794
16562
24382
16813
18300
16874
2691
21020
16913
16914
16941
16959
16961
16975
16986
12378
24377
17034
17038
17047
11172
17053
17074
17078
17079
17120
9762
17147
17148
17151
17152
17156
17162
17163
17168
17212
17222
17237
17254
17272
24580
17322
7004
17339
17362
17400
5399
17412
17432
17459
22241
17475
17482
17503
17526
17554
17556
10979
17584
11789
22203
7594
17642
17673
11862
2151
23504
17703
17719
17779
17780
17808
20379
13424
17822
20990
17844
17865
17869
17913
17915
17948
17960
17968
1274
3405
5575
23078
23100
24270
10061
17998
18031
18038
18051
1828
18119
18122
8189
18141
18161
18164
14078
24765
15450
18189
18193
18194
18195
18207
18208
24337
18251
18275
18282
18283
18289
18290
14937
18311
24906
18368
18397
18405
3803
18444
11253
12907
18470
8819
18517
18518
18520
18525
1115
5047
13221
18539
18547
18565
18568
18598
18599
3545
23234
18633
1989
18652
18664
21485
18712
18741
18753
18759
18763
18766
18813
11226
18819
18820
18822
22726
9162
12007
18857
18870
18881
18880
18911
11471
10146
11318
3129
5365
19146
18952
19014
19025
19028
19029
19043
663
19069
19138
19139
22437
21215
24633
18855
19216
18393
6868
19235
7419
19239
19263
13725
19268
1724
19293
19315
19318
19320
15865
18423
19341
19342
11393
24074
19372
19381
19386
7558
12005
12498
14748
14749
14752
14753
14754
24111
21306
14747
19424
19426
19466
19484
9622
23019
19489
1869
11276
14010
22016
1967
18417
23225
19528
19534
19554
19560
19561
19566
4485
19620
15400
759
19655
6390
19663
20462
19752
15870
19782
19793
19820
19824
19839
22940
9471
1273
1622
19878
19895
19918
20479
19922
19924
2773
21410
19955
19967
19970
19975
19991
19979
4735
21102
19985
19987
12674
20028
20030
20034
16837
18263
18264
19591
23097
20101
20109
13481
20140
20460
24825
20169
20174
22395
5254
20178
20797
20195
20211
20237
20244
20248
20257
20262
8091
8534
15021
23626
16971
24178
23519
20151
20300
20313
20315
22840
20335
20360
20363
20380
268
11217
13367
21976
16625
10376
19402
20432
20458
20464
8942
6045
6209
15414
18400
1597
15916
20511
4758
4367
20522
20525
24508
20571
10039
13934
17553
20591
20597
20607
20616
2526
20643
20645
7864
20701
9820
20719
20720
20722
20725
20733
20737
20740
24979
24990
20759
21707
9810
16535
19401
20800
20809
14546
20820
16172
1653
20840
20844
20845
20857
20858
20860
13404
20891
20892
20901
20903
20905
20924
8537
7676
10223
23410
20956
20957
20960
426
20984
16430
24302
1004
6305
21784
10307
1417
8626
13175
22247
6876
11777
21019
24415
986
987
990
2831
6212
988
21051
15555
21070
21100
21111
21125
21127
21140
21156
21157
11654
21153
21160
21161
21177
21184
21185
21187
21221
21229
19077
21254
23416
21260
21266
21267
21269
21279
24491
21295
21296
5210
9719
11810
14445
19163
24601
21317
21319
3959
21327
2310
19518
21368
23562
14718
21382
2167
10635
21427
21429
21434
2306
1937
21449
21450
21451
24530
21486
21488
3447
21493
21503
13001
1926
21528
21575
21577
21592
4814
21654
16522
21669
15825
21683
7231
21720
21769
24769
555
6577
7289
8774
14918
14919
21827
21837
5084
13452
13458
21847
21853
21864
21869
21870
21875
21881
21887
21890
21900
21940
21941
4969
21971
21974
21986
22018
22036
17057
22129
22133
22156
22157
22159
864
22183
23757
14296
17491
22213
22215
22132
22220
22222
22239
22244
22308
22316
4478
22338
22351
22354
22383
22427
22429
22435
22460
2694
8214
16616
22546
22556
22584
22599
22663
22664
22665
22666
22709
22703
22704
22710
22720
22735
22767
24673
22769
22779
22781
9060
18100
22835
6874
24900
22848
22891
22894
22895
22906
22922
22952
15447
24782
22961
22979
5211
23074
23075
14463
23081
23082
10682
23132
23186
23189
23222
2037
23227
23251
23256
23305
23337
23338
23343
13020
23402
23417
23432
23433
9951
23439
23451
23464
23474
23502
23503
23518
23561
8077
23570
23597
24317
23625
23632
23669
23671
23672
10315
13153
23716
23742
23748
23751
23782
23789
23790
23824
23825
23827
23828
23858
5680
23917
23927
23956
11788
20317
22245
24020
24045
24053
24087
24094
24099
24115
24117
24130
9811
10828
5327
24167
24179
24199
24200
24202
24239
24271
24322
24324
24326
24348
24350
9342
24352
24361
24376
24380
24391
6720
24406
24439
24445
24460
18619
24597
24598
18080
11886
24649
24664
24682
1123
24694
24720
24726
24731
24737
24760
24776
24798
8107
8814
24826
7012
16836
17625
17862
24862
20290
19144
10274
24901
24912
24919
24957
24968
24983
24984
1849
