195
46
112
15
84
4
178
34
99
223
122
156
204
62
131
238
142
165
214
24
72
33
236
57
5
182
75
100
14
155
89
109
213
144
43
227
194
132
167
121
245
85
55
73
191
133
177
110
146
23
44
203
98
224
166
2
35
74
176
88
64
193
241
45
157
225
119
145
205
25
215
13
0
58
108
130
143
120
86
239
180
97
154
168
226
192
47
36
26
63
179
3
235
202
76
87
216
134
111
16
237
96
189
61
1
169
206
123
158
12
48
228
240
147
135
59
181
37
212
107
27
71
190
217
22
164
60
249
124
101
77
49
11
201
153
170
113
229
136
32
90
159
148
188
125
218
78
50
38
21
95
242
207
10
141
114
102
171
69
183
83
200
230
248
67
211
51
39
20
129
118
9
152
243
196
70
173
162
184
92
232
137
29
53
103
81
221
219
116
106
233
80
42
186
151
160
209
56
19
140
6
244
198
68
30
127
94
172
7
246
17
28
40
52
65
79
91
104
115
126
138
149
161
174
185
197
208
220
231
8
247
18
31
41
54
66
82
93
105
117
128
139
150
163
175
187
199
210
222
234
