178
88
209
32
149
249
229
54
116
115
30
173
77
53
146
0
205
230
96
4
210
29
182
142
58
121
86
55
202
123
27
1
179
147
231
151
28
6
94
175
228
75
51
204
120
56
143
180
208
3
119
31
97
203
152
171
95
122
52
25
227
5
74
207
144
176
76
117
2
26
232
201
177
50
148
98
118
206
150
174
7
233
73
99
33
124
145
226
172
78
8
199
49
170
79
225
200
100
24
57
125
153
181
234
9
126
34
72
93
154
224
48
101
198
80
23
248
127
102
47
169
71
235
197
155
10
223
128
69
22
196
103
46
81
183
141
222
247
129
45
104
21
70
156
246
105
184
221
68
130
44
157
20
92
195
67
245
220
168
107
194
19
43
131
91
236
158
66
244
219
42
18
167
106
132
193
82
162
134
108
41
213
243
65
186
17
211
140
159
187
191
160
133
218
12
35
64
84
109
242
63
90
16
36
112
189
212
163
136
238
60
216
239
85
139
38
185
13
114
164
111
59
192
166
237
15
135
214
40
89
11
240
37
61
83
110
137
161
188
215
14
241
39
62
87
113
138
165
190
217
