173
67
5
174
223
109
71
107
228
198
234
151
3
119
62
102
118
212
205
143
51
152
75
17
24
115
53
29
219
22
90
166
211
50
43
170
33
163
209
106
25
239
30
142
120
147
114
70
42
210
208
139
2
52
13
238
28
16
7
77
89
157
87
233
97
86
57
55
243
9
95
204
232
235
218
36
236
27
38
58
177
237
4
11
19
104
206
246
225
224
167
80
229
176
6
49
161
222
65
83
138
230
196
201
241
0
91
32
61
112
180
35
39
132
45
48
64
110
124
162
46
195
100
123
213
240
134
154
190
200
245
113
133
168
172
216
1
203
40
72
81
108
99
144
160
130
131
184
149
141
199
98
181
34
47
136
150
175
242
194
84
140
153
165
96
207
44
116
193
221
197
82
8
60
128
148
214
227
247
26
10
88
23
111
135
74
103
121
18
76
92
20
68
189
79
31
37
54
41
66
56
69
192
231
249
122
59
78
179
127
226
156
105
244
182
169
117
137
171
183
220
202
248
