132
247
167
204
47
172
186
36
57
25
118
165
6
236
62
156
246
92
242
100
67
182
173
16
131
39
154
133
175
44
31
206
163
153
103
111
224
203
230
150
140
180
128
0
13
208
90
27
80
51
241
194
160
10
141
187
168
71
94
28
97
37
3
201
219
240
15
178
215
207
216
217
169
42
60
43
129
87
220
104
110
70
72
108
243
164
20
29
21
40
9
19
1
4
23
41
18
223
7
34
211
221
234
237
238
239
244
245
249
202
205
198
200
2
158
134
65
212
115
157
148
176
161
139
33
24
26
35
96
226
195
225
22
68
45
52
53
82
50
222
144
147
151
152
155
183
149
162
191
48
49
66
101
77
88
93
107
119
127
99
112
109
113
114
231
214
213
102
125
196
210
233
64
86
83
61
189
181
170
84
79
136
75
95
137
105
117
126
227
138
177
106
135
197
188
145
190
179
235
218
229
