234
93
185
146
6
50
222
33
235
127
77
197
139
96
194
186
181
32
122
143
23
137
244
214
35
79
125
85
27
240
3
171
147
120
97
131
69
153
134
28
13
113
167
212
223
175
44
105
179
11
14
201
40
183
220
211
45
100
117
124
228
215
242
248
67
87
81
178
187
162
141
166
54
151
0
24
19
17
30
10
36
60
18
8
1
70
145
177
78
148
199
203
217
218
26
102
132
130
128
121
99
94
114
25
106
157
198
208
210
221
232
205
195
239
43
63
65
47
62
95
104
150
173
142
169
138
135
149
38
144
165
182
191
216
57
51
61
196
209
72
46
76
75
163
66
82
238
83
91
136
103
236
200
247
98
119
109
230
129
158
161
164
156
241
193
213
233
245
170
189
224
206
246
227
