206
165
22
225
98
179
219
71
89
141
55
247
158
132
230
157
120
198
10
80
139
95
178
184
221
177
217
203
161
59
110
142
50
45
196
211
160
222
107
209
238
38
39
248
127
134
69
67
175
185
61
169
21
42
73
181
193
30
111
90
36
155
79
152
82
207
101
180
244
29
13
2
47
37
14
31
93
109
116
66
224
171
105
201
200
153
154
199
0
4
9
7
34
6
11
18
23
35
131
19
12
76
63
86
64
57
176
243
235
5
20
28
33
40
49
218
41
148
213
100
113
94
117
124
126
51
65
1
96
15
62
68
78
24
48
77
197
138
172
182
147
168
191
163
173
99
115
128
130
17
16
44
46
75
83
202
205
208
249
241
216
239
215
227
229
231
156
187
146
159
186
144
167
81
223
214
188
121
102
136
97
114
122
129
91
133
103
166
220
108
210
195
106
236
150
170
226
234
174
145
228
242
151
192
194
232
204
240
