219
108
168
217
180
57
91
190
205
38
79
230
44
183
35
69
231
113
223
22
195
199
96
50
193
214
2
202
186
225
130
192
224
42
105
125
83
106
16
221
179
141
99
218
120
85
133
60
154
242
207
220
248
121
6
7
32
48
58
31
164
146
156
27
209
201
139
211
206
178
14
80
71
244
76
163
188
212
229
235
249
102
134
132
74
53
237
165
169
175
25
9
92
20
24
4
13
30
29
41
26
55
47
61
78
3
59
62
81
18
15
196
152
184
148
5
21
10
243
40
8
100
142
145
177
159
170
191
160
174
189
17
208
200
203
222
247
210
216
227
234
23
135
131
101
115
116
117
128
93
104
118
68
236
233
73
70
33
63
86
66
46
51
64
72
67
56
84
89
90
123
124
122
137
239
127
136
215
153
119
138
162
176
143
166
111
95
112
129
114
126
97
245
228
140
171
226
144
167
172
158
157
194
173
151
240
213
204
197
198
246
238
