198
122
64
8
146
213
100
197
149
120
224
80
182
17
207
53
141
202
142
28
121
89
81
209
180
21
65
88
102
231
67
147
139
29
108
3
237
96
228
212
57
12
50
103
125
124
49
59
234
226
156
178
179
223
42
82
192
126
204
195
2
31
5
10
4
70
36
97
109
117
22
40
186
236
229
44
71
105
246
245
35
34
14
24
19
38
15
26
135
238
23
11
92
123
90
127
113
98
7
0
95
18
25
27
191
174
190
6
30
33
37
46
47
51
56
62
72
54
75
45
76
83
225
241
247
55
140
164
165
181
94
32
66
210
216
240
200
239
206
219
93
249
130
41
194
43
73
60
74
77
78
133
91
144
176
169
68
87
106
58
230
69
63
99
129
114
119
131
134
104
145
155
150
175
184
85
160
166
132
118
110
128
151
189
153
158
163
148
187
203
196
243
248
172
214
232
199
205
193
220
217
233
211
218
201
235
215
