1
77
209
165
296
173
32
24
258
246
264
37
60
101
47
217
277
283
95
222
71
120
292
194
0
67
124
14
88
145
159
53
251
179
149
12
272
18
198
61
135
187
153
81
113
41
237
5
72
129
169
216
189
226
288
241
268
278
203
106
28
140
161
96
19
48
282
221
211
141
33
66
181
76
87
254
133
125
157
242
116
92
230
43
193
273
262
56
83
13
23
6
111
100
44
152
210
52
245
204
148
256
176
238
107
231
297
197
171
287
65
250
215
166
266
82
291
185
29
22
144
38
8
134
91
117
180
279
130
208
55
271
105
136
225
191
39
259
122
293
163
172
270
154
98
51
26
200
274
234
16
74
126
285
2
9
59
70
78
232
184
227
255
298
260
17
27
31
35
46
118
158
240
175
62
112
84
151
89
167
99
103
108
247
137
146
162
236
286
177
188
192
196
207
213
219
223
267
281
4
252
42
10
132
128
20
49
249
73
115
93
121
139
147
290
201
263
275
294
299
3
243
212
183
7
11
15
21
253
25
205
54
30
34
199
36
40
68
45
50
57
58
63
168
64
69
174
75
79
80
85
86
90
94
182
97
102
104
109
110
114
119
123
127
131
138
142
143
150
155
156
160
164
239
170
178
186
190
195
202
206
214
218
228
220
224
233
229
235
244
248
257
261
265
269
276
280
284
289
295
