121
11
234
259
347
171
240
328
225
21
197
180
166
71
213
216
292
187
52
262
30
305
146
107
18
112
276
338
288
312
66
82
279
273
247
194
210
300
295
76
303
143
0
252
320
124
336
243
42
95
26
101
79
283
222
183
55
129
228
92
22
45
204
201
151
62
310
34
39
4
343
134
191
326
233
316
29
118
85
339
158
332
15
207
237
161
255
177
115
323
139
265
269
250
219
172
298
142
47
70
97
7
329
289
285
148
167
1
130
65
108
186
126
36
344
164
69
173
341
188
59
168
258
24
103
245
270
138
33
87
14
48
94
54
90
280
263
100
135
145
155
198
227
313
319
348
3
6
9
17
230
25
176
37
40
43
57
61
72
74
77
80
83
123
104
109
113
117
120
127
131
239
306
149
152
159
182
193
330
202
206
209
214
217
220
223
236
244
248
251
266
272
275
282
286
291
294
297
302
309
333
325
335
10
19
86
27
31
51
322
58
63
67
96
106
136
140
154
162
169
178
184
189
195
224
317
231
256
278
267
340
345
349
2
5
8
12
13
254
16
20
23
50
28
314
32
35
38
41
44
89
46
49
53
211
56
60
84
64
165
68
73
307
324
75
78
81
88
91
93
98
99
102
105
110
111
114
116
119
122
132
125
128
133
137
141
144
147
150
153
299
156
157
160
163
170
174
175
179
181
185
253
190
192
196
199
200
203
205
208
212
215
218
221
226
229
241
232
235
260
238
242
246
249
257
261
264
301
268
271
274
277
281
284
287
290
293
296
304
308
311
315
318
321
327
331
334
337
342
346
