82
26
100
113
35
141
4
85
126
120
188
158
174
74
197
14
21
90
214
97
123
227
52
200
146
57
48
79
18
233
207
7
69
53
105
178
205
31
246
235
110
116
221
182
136
192
239
153
167
41
170
45
249
218
59
224
62
15
164
131
161
230
211
119
38
33
76
101
64
187
24
87
94
137
196
154
0
173
243
139
180
134
237
203
92
189
3
150
42
9
29
66
70
107
127
143
6
212
37
12
17
20
23
49
151
199
43
46
51
54
58
63
114
73
77
80
102
83
208
88
91
99
247
242
111
117
122
130
140
155
159
165
168
171
215
176
185
194
219
202
222
225
228
231
234
238
1
11
133
25
30
34
147
39
149
68
96
181
162
124
190
209
216
244
2
248
5
8
10
13
84
16
19
22
27
28
204
32
36
108
93
40
44
106
47
103
50
72
55
144
56
60
61
65
186
67
71
183
75
78
81
86
142
89
95
98
128
104
109
112
115
118
121
125
175
129
152
132
135
138
145
148
184
156
157
160
240
163
166
169
172
177
179
191
193
195
198
201
206
210
213
217
220
223
226
229
241
232
236
245
