11
172
34
356
420
68
412
365
318
243
29
273
299
133
416
210
442
277
330
281
247
391
236
408
438
145
303
204
99
54
267
61
15
449
324
23
425
161
372
179
105
385
79
289
8
92
41
115
49
362
256
87
398
136
195
313
221
380
225
124
293
74
128
110
157
434
140
217
4
340
361
237
119
152
402
187
263
21
427
336
328
352
62
308
69
173
199
294
178
348
167
191
376
271
285
25
319
56
97
85
384
431
3
276
131
150
230
390
215
396
445
123
186
17
144
371
93
301
80
181
73
421
337
248
345
39
426
259
163
45
312
60
357
226
206
111
253
366
33
407
241
231
403
103
88
341
353
220
201
120
12
261
254
146
138
190
127
116
269
317
439
297
386
446
205
37
334
153
177
417
435
7
16
290
375
397
280
413
52
27
132
194
235
47
209
81
67
304
284
392
323
381
0
158
430
154
164
295
40
213
148
198
137
224
264
249
310
66
96
76
331
53
347
443
388
316
409
83
139
423
104
59
395
351
183
19
89
239
399
166
229
200
171
28
35
44
75
288
112
245
255
306
322
326
335
1
5
9
13
346
24
342
404
48
58
64
98
268
84
91
101
377
106
117
121
125
300
129
363
141
149
367
156
160
274
184
189
193
212
216
234
250
260
272
279
415
358
311
370
419
429
433
437
441
447
287
18
165
30
50
174
71
411
197
107
108
134
378
142
208
202
218
222
227
240
244
265
282
291
302
314
329
349
354
359
373
382
387
393
400
422
2
448
6
325
10
14
211
20
22
257
26
43
31
32
36
369
180
38
42
46
77
51
55
57
63
113
65
70
72
78
343
82
86
90
94
95
100
102
296
109
114
118
122
126
130
135
168
169
232
143
147
151
155
159
185
162
251
170
175
176
307
182
338
188
192
196
203
207
368
214
219
223
228
233
238
242
246
252
278
258
262
266
270
275
283
405
286
321
292
327
298
305
309
315
320
332
333
339
344
350
355
360
364
374
379
383
389
394
401
406
410
414
418
424
428
432
436
440
444
