142
70
204
233
184
20
246
7
165
174
250
42
53
226
120
155
26
92
150
239
33
100
86
12
78
113
72
27
217
60
179
199
77
65
172
133
245
39
125
192
44
5
114
138
210
160
228
221
145
167
130
88
49
234
186
198
98
119
19
173
55
107
216
205
0
13
62
223
193
83
136
182
14
211
101
143
35
22
149
162
244
156
106
54
128
90
28
168
67
191
95
180
57
121
157
238
229
84
151
75
40
109
115
47
21
144
218
34
197
1
76
59
139
66
134
103
188
96
212
124
41
222
177
10
8
241
166
108
203
80
91
161
194
50
17
25
64
231
104
37
71
127
46
148
30
131
215
79
187
247
97
118
154
202
181
2
6
15
237
176
52
58
73
230
240
170
224
85
207
102
110
137
132
213
196
248
126
48
16
23
31
36
235
43
159
61
81
175
116
122
146
163
208
185
219
225
249
3
4
11
9
29
18
24
242
87
32
38
45
111
51
56
135
63
183
153
82
89
68
69
74
232
105
93
94
99
112
117
140
123
129
169
141
152
147
158
164
171
200
178
206
189
190
195
236
201
209
214
220
227
243
