347
276
158
388
64
371
230
221
253
148
417
187
405
318
9
113
207
211
94
399
423
298
359
201
176
130
364
242
335
25
33
47
50
236
116
70
249
443
99
60
427
42
305
245
431
324
256
295
135
180
267
309
437
140
53
125
6
330
119
78
76
168
338
31
16
290
376
263
109
409
143
218
272
259
3
215
342
172
163
35
352
449
122
392
314
57
28
416
155
227
184
224
192
302
104
368
233
322
420
283
89
38
13
239
434
286
204
19
327
385
22
361
396
355
401
41
133
200
393
375
128
331
171
153
339
279
110
447
248
190
139
175
97
181
80
381
100
408
292
73
56
271
161
344
304
195
150
414
260
68
315
147
179
351
313
269
84
43
377
105
87
425
61
438
300
138
333
374
321
251
275
264
65
72
93
196
289
308
348
356
365
382
404
440
0
2
5
8
11
14
17
21
24
58
428
32
103
165
39
44
48
319
54
282
62
389
67
144
75
88
96
107
112
115
118
123
208
126
132
136
154
160
169
183
186
189
193
203
210
213
216
219
222
225
228
231
234
237
240
243
246
252
255
266
278
293
296
412
299
312
325
328
334
360
369
372
378
386
398
413
424
430
435
446
27
395
34
157
49
85
341
69
164
77
81
90
444
127
141
145
149
173
177
197
205
257
261
406
268
402
421
284
301
316
336
343
362
1
448
4
7
10
91
353
12
15
390
18
20
23
26
29
30
45
36
37
40
46
51
52
55
59
63
418
66
349
71
74
79
198
82
83
86
92
95
98
101
102
106
108
111
114
379
117
120
121
124
320
129
131
166
134
137
142
146
151
152
156
159
410
162
167
170
174
178
439
182
185
188
191
194
199
202
280
206
209
212
441
214
217
220
223
226
229
232
235
238
241
244
432
247
250
254
258
357
262
265
270
273
274
277
281
285
287
288
291
294
297
303
306
307
310
311
317
323
366
326
329
332
337
340
345
346
350
354
358
363
367
370
373
383
380
384
387
391
394
397
400
403
407
411
415
419
422
426
429
433
436
442
445
