149
223
208
28
117
160
113
204
38
180
188
7
135
218
101
59
214
124
199
43
91
77
32
176
153
236
3
229
72
95
16
87
165
120
141
64
244
195
23
246
83
50
169
44
191
108
224
130
146
12
240
82
156
98
213
21
107
175
8
190
76
209
29
37
52
125
182
134
48
68
33
112
140
58
162
203
235
4
228
17
219
41
145
62
13
247
63
0
196
183
115
25
111
171
166
96
242
129
80
154
90
232
104
173
86
73
150
24
200
20
217
222
184
205
47
97
67
177
56
144
187
11
119
181
192
157
230
36
136
53
78
105
123
161
210
239
250
2
6
167
100
18
27
31
39
45
57
70
74
131
114
84
89
94
109
127
227
221
148
170
186
194
198
215
237
249
9
19
143
137
34
155
46
60
65
103
85
159
116
233
245
172
206
178
201
248
1
5
10
14
15
22
26
163
30
35
40
54
42
49
51
139
55
61
226
66
69
71
75
79
81
88
92
93
99
126
102
106
164
238
110
151
118
121
122
128
132
133
138
142
147
241
152
158
231
168
174
179
185
189
193
197
202
207
211
212
216
220
225
234
243
