26
41
169
229
63
210
125
74
137
164
68
34
120
178
57
132
24
0
5
204
102
197
19
47
221
149
139
113
239
156
216
94
188
89
36
131
56
176
15
232
244
12
78
199
44
209
183
84
29
150
246
238
99
159
59
112
219
167
42
119
8
79
71
104
17
177
227
126
100
148
170
194
3
111
186
49
32
51
202
155
73
141
90
85
161
191
95
237
13
217
62
203
224
22
168
27
185
208
248
146
66
127
175
226
105
118
218
39
58
77
153
235
136
144
196
93
52
211
240
35
83
67
172
147
7
109
243
184
21
181
195
1
130
53
201
122
190
61
162
215
230
106
46
14
30
206
86
101
117
135
152
242
225
249
2
142
10
220
23
80
38
212
69
75
158
88
179
116
234
189
174
193
123
96
18
108
154
40
129
54
60
163
81
166
143
180
198
205
233
247
4
6
9
11
114
16
121
124
20
45
25
28
91
103
31
33
87
37
48
43
50
55
92
133
138
64
65
115
70
72
241
76
82
110
97
98
107
160
140
128
134
245
145
151
157
165
171
173
182
213
187
192
200
207
231
222
214
223
228
236
