79
407
63
257
385
86
38
325
412
203
189
117
492
32
268
426
358
482
363
20
225
155
12
56
23
284
311
196
235
320
209
429
104
120
185
139
245
46
420
452
475
253
380
333
250
6
433
297
446
496
456
93
488
292
373
128
217
152
397
41
355
90
199
174
171
300
437
341
82
370
376
228
272
2
393
443
125
66
182
499
469
390
280
96
112
275
324
212
264
158
239
164
26
168
459
177
224
145
72
401
75
132
16
350
478
416
193
346
99
463
336
53
29
314
261
62
256
242
423
449
303
466
366
306
491
9
59
107
232
485
35
123
149
402
352
219
460
345
410
472
186
289
163
281
215
138
321
3
436
329
398
76
45
295
286
17
453
85
115
48
204
379
248
388
277
481
103
236
161
260
190
200
141
340
179
223
382
495
68
44
405
265
137
15
395
89
315
51
71
131
100
134
146
175
444
229
309
413
337
349
369
430
0
5
359
11
22
30
25
33
111
36
39
42
54
60
65
220
80
474
83
94
97
471
110
114
118
129
126
424
142
150
153
157
160
166
169
172
178
181
206
192
195
417
210
439
387
267
233
238
241
246
249
252
317
270
273
276
283
290
293
296
299
302
319
312
497
327
330
332
344
440
353
361
364
372
375
383
394
406
419
447
450
455
465
468
484
487
7
144
13
18
27
305
47
198
55
213
106
67
73
77
87
207
386
121
221
183
187
409
201
216
226
477
462
254
427
258
278
285
322
334
356
377
389
399
414
421
431
434
457
479
489
493
1
498
4
8
10
269
308
14
19
21
403
24
28
31
34
37
40
43
49
50
52
57
58
61
64
69
70
74
78
81
84
354
88
91
92
95
98
101
102
105
108
316
109
113
116
119
122
124
127
130
234
133
135
136
140
347
143
365
147
148
151
154
156
159
162
165
381
167
170
173
230
176
348
441
180
184
188
191
194
197
342
202
205
208
211
214
218
222
227
231
237
240
243
244
247
251
255
259
262
263
266
288
271
274
279
282
339
287
291
294
298
301
304
307
310
313
318
323
326
328
331
335
338
343
351
357
360
362
367
368
371
374
378
384
391
392
396
400
404
408
411
415
418
422
425
428
432
435
438
442
445
448
451
454
458
461
464
467
470
473
476
480
483
486
490
494
