99
70
81
217
165
4
26
124
233
161
57
31
144
105
13
241
41
187
149
179
191
194
199
113
73
1
95
182
220
223
225
207
135
47
40
108
85
152
132
36
119
10
247
168
214
16
158
92
141
54
66
102
127
175
78
89
44
210
61
50
244
23
237
230
29
195
203
178
17
211
8
131
186
64
147
84
116
200
157
32
75
153
122
111
234
37
170
0
138
196
190
34
52
88
97
204
239
226
5
20
143
72
69
114
128
219
173
250
9
12
24
27
43
46
53
58
183
62
76
80
93
96
101
104
107
118
121
125
134
140
146
150
154
159
163
166
169
206
213
216
229
240
243
2
235
14
65
18
28
33
38
49
55
246
82
86
110
136
176
180
184
188
202
192
197
208
222
231
249
3
6
7
11
15
19
21
22
25
236
30
172
35
39
42
171
45
48
51
117
56
59
60
63
67
68
71
98
74
77
79
227
83
221
87
90
91
94
100
174
103
106
109
112
115
120
123
126
245
129
130
133
137
139
142
145
162
148
151
248
155
156
160
164
167
177
181
185
189
193
198
201
205
209
212
215
218
224
228
232
238
242
