156
230
41
253
339
285
23
183
306
199
65
60
29
260
217
320
16
121
221
281
147
45
235
300
109
205
214
140
246
188
271
124
266
33
44
168
132
346
291
193
319
256
226
310
55
294
163
333
202
95
144
138
325
80
128
115
277
99
118
179
171
107
297
303
349
282
25
242
17
3
75
342
330
314
238
89
176
338
20
12
51
232
92
86
250
209
48
83
8
196
36
70
112
159
59
56
223
9
167
149
272
329
77
102
287
345
190
323
4
129
308
262
106
335
213
136
257
143
1
218
97
63
150
166
28
241
207
244
15
313
268
32
38
254
66
154
119
122
133
172
180
187
229
290
316
0
6
11
278
19
160
101
22
26
35
42
47
53
93
67
71
74
78
81
85
90
96
274
105
110
113
116
126
139
185
146
153
157
164
175
191
198
201
204
210
265
220
224
233
236
248
251
259
326
269
293
298
301
304
307
311
322
332
336
341
348
13
208
49
57
61
98
245
263
284
130
276
141
169
177
182
195
215
225
239
279
286
327
343
2
5
7
10
14
186
18
21
24
52
27
247
30
31
34
37
39
40
43
135
158
46
237
50
54
58
62
317
64
68
69
72
73
76
79
82
84
87
88
91
94
173
273
100
103
104
108
111
114
162
117
120
161
123
125
127
131
134
137
142
145
148
295
151
152
155
165
170
174
178
181
184
321
189
315
192
194
197
200
203
206
211
212
216
219
222
227
228
231
234
240
243
249
252
255
258
261
264
267
270
275
280
283
288
289
292
296
299
302
305
309
312
318
324
328
331
334
337
340
344
347
