264
47
8
285
195
2
13
162
288
271
416
311
296
251
280
223
434
130
63
198
187
120
447
135
81
349
111
154
231
240
27
75
148
322
410
158
382
405
363
56
89
329
235
123
334
101
376
227
167
319
40
313
421
393
34
387
257
216
366
308
213
153
59
177
72
429
443
305
44
180
192
84
277
302
30
210
360
131
222
352
95
21
268
107
144
404
18
171
370
341
291
5
115
141
37
346
379
425
98
11
400
204
174
337
127
207
66
246
356
15
413
373
390
219
24
184
424
328
243
318
343
417
428
272
355
33
254
67
190
283
48
54
441
136
238
435
300
168
309
262
432
331
76
118
110
71
234
93
274
384
358
402
134
112
182
201
419
323
407
49
146
43
230
161
151
62
292
315
367
249
448
297
103
241
164
194
395
438
1
4
7
10
90
16
19
22
26
29
36
39
138
260
51
53
57
60
65
68
78
299
86
87
398
92
99
117
121
124
126
142
145
155
385
159
265
173
179
186
225
191
197
200
205
208
211
214
217
220
226
237
247
250
253
338
256
261
267
275
278
281
287
293
303
306
312
316
325
332
335
340
344
348
351
362
369
374
377
380
388
391
401
444
411
420
431
96
437
82
31
41
45
183
73
77
104
105
108
113
414
128
132
137
244
147
150
170
175
228
232
269
282
289
320
327
408
353
357
364
381
422
426
440
445
0
3
449
165
394
6
9
12
14
345
17
35
20
23
25
28
50
32
38
397
42
46
347
52
55
58
69
61
97
64
295
70
74
79
436
80
83
85
415
88
91
94
100
102
409
106
109
163
114
116
119
122
371
125
129
133
139
140
143
149
324
152
156
157
160
294
166
169
172
176
178
181
185
188
189
361
193
196
396
199
202
203
206
209
212
215
218
221
224
229
233
236
239
242
245
248
252
255
258
259
263
266
270
273
276
279
284
286
392
290
298
307
301
304
310
314
439
317
321
326
330
333
336
339
342
350
354
359
365
368
372
375
378
383
386
389
399
403
406
412
418
423
427
430
433
442
446
