128
101
150
62
106
123
17
170
187
177
193
85
80
74
159
31
93
110
40
139
71
119
36
115
198
94
13
45
67
7
23
164
56
28
2
143
135
169
192
51
155
79
151
124
86
27
9
18
114
22
181
108
163
59
99
197
32
133
47
3
185
66
176
147
100
78
52
116
61
129
11
91
72
55
160
120
186
146
42
171
140
104
35
89
188
50
65
182
12
196
38
44
168
83
111
156
175
144
137
24
127
88
58
69
179
4
19
73
95
154
0
6
14
30
34
43
48
54
60
184
81
90
121
102
109
173
189
125
132
141
148
161
165
194
8
96
39
25
68
76
152
112
117
180
134
166
1
199
5
190
10
15
16
20
21
26
29
130
33
131
153
37
145
41
46
157
49
53
57
63
64
70
82
75
77
105
84
87
92
97
98
103
107
113
118
122
126
136
138
142
149
172
158
162
167
174
178
183
191
195
