295
165
133
180
48
141
58
72
3
104
82
173
252
268
223
109
88
127
299
183
249
151
284
18
271
275
66
235
202
188
246
259
79
97
215
40
231
226
281
220
8
170
161
148
11
157
35
115
138
278
29
76
290
177
123
45
195
239
103
24
206
131
15
63
287
211
263
191
242
54
120
167
90
69
94
145
51
272
153
199
14
33
296
26
134
59
106
36
240
113
74
55
137
126
158
236
184
255
214
5
230
130
42
243
118
204
187
100
292
61
143
194
219
86
2
21
39
83
91
98
264
110
164
174
210
258
276
267
0
6
10
17
25
28
31
46
49
52
62
68
71
75
78
87
181
101
117
121
140
144
155
160
168
171
178
196
200
205
217
222
229
234
248
251
262
282
285
288
291
298
12
19
32
37
41
154
114
53
56
254
279
64
80
95
273
105
225
124
128
135
147
149
185
189
192
207
212
237
244
269
1
4
256
122
7
182
9
93
13
16
20
47
22
23
27
30
34
38
257
43
44
50
294
57
60
65
67
70
73
156
293
77
81
84
85
89
92
201
96
99
176
102
162
107
108
111
112
116
119
125
129
132
136
139
142
265
146
150
152
227
159
163
166
169
172
175
179
232
197
186
190
193
198
203
209
208
213
216
218
221
224
228
233
238
241
245
247
250
253
260
261
266
270
274
277
280
283
286
289
297
