410
221
178
449
306
268
6
22
26
44
3
470
479
132
243
497
234
299
107
12
164
199
256
435
364
248
360
454
211
277
399
321
74
58
55
186
383
159
149
340
273
265
81
394
137
351
153
224
372
37
15
473
493
95
286
482
283
303
77
169
405
68
87
215
196
428
461
114
290
9
357
391
128
205
238
252
255
316
437
332
31
123
182
295
261
378
52
375
345
202
323
467
413
84
143
19
327
444
337
313
402
348
41
190
119
146
228
447
457
110
92
173
269
47
424
486
71
416
220
354
99
432
388
64
369
464
245
138
384
191
34
212
436
160
166
293
320
334
80
2
172
129
208
475
380
366
233
453
310
23
101
59
398
298
157
442
241
279
90
134
499
51
258
104
29
187
407
194
185
141
344
125
272
219
438
490
328
301
65
231
225
175
151
38
54
249
419
118
163
216
264
282
341
289
418
352
361
395
427
433
460
476
494
5
276
8
111
11
14
17
20
25
28
33
40
83
45
48
60
70
76
86
89
93
96
206
98
105
108
122
126
131
135
324
144
150
154
167
170
176
450
181
193
197
201
209
240
230
236
308
244
251
254
260
488
292
296
302
305
311
314
317
329
333
338
483
347
355
358
367
370
374
379
389
392
401
404
408
411
414
422
429
439
445
456
463
466
469
472
480
0
285
147
35
56
62
66
72
78
112
115
139
156
161
177
183
188
203
213
222
498
226
425
237
246
266
280
270
325
335
386
342
381
417
446
451
491
1
4
426
7
10
13
430
16
120
18
21
24
287
27
30
32
36
39
371
42
43
46
262
49
50
53
421
57
487
363
61
63
67
69
73
75
376
79
82
100
85
88
91
94
396
97
103
102
106
109
113
116
117
121
124
127
130
133
136
140
142
145
148
152
155
158
162
165
484
168
171
174
179
180
184
189
192
195
198
200
204
207
210
214
217
218
223
227
229
232
235
239
242
247
250
274
253
489
257
349
259
263
267
477
271
275
278
420
281
284
288
291
294
297
300
304
307
318
330
309
312
315
319
322
495
326
331
336
339
343
346
350
353
441
356
359
362
365
368
373
377
382
385
387
390
393
397
400
403
406
409
412
415
423
431
434
485
440
443
448
458
452
455
459
462
465
468
471
474
478
481
492
496
