135
334
78
251
74
321
54
142
289
132
216
302
160
121
196
268
190
206
264
14
8
184
213
36
273
93
168
165
295
173
227
66
70
47
285
84
116
231
191
101
43
58
111
140
180
243
280
33
3
119
258
81
151
224
331
17
61
337
259
345
30
276
89
126
0
324
97
254
306
247
210
219
234
154
240
27
318
50
129
342
11
195
187
104
311
145
328
303
63
269
279
308
158
263
298
209
26
327
114
176
6
148
288
230
123
40
71
98
315
292
246
138
87
169
200
194
257
348
239
53
272
283
266
220
312
44
75
197
260
22
171
69
110
16
21
120
92
107
212
163
183
202
1
4
13
338
18
25
29
34
37
41
46
51
56
59
62
67
236
77
80
83
86
96
100
117
124
127
130
133
136
139
143
299
146
149
157
166
172
178
186
204
214
217
225
228
233
242
248
252
255
275
282
291
294
305
317
320
323
330
333
341
344
5
9
221
90
199
72
103
106
112
313
336
152
159
179
188
192
309
237
244
261
265
270
277
286
296
300
325
347
349
2
7
10
19
12
15
162
20
156
23
24
28
31
32
35
174
38
39
42
45
48
49
52
175
55
203
57
60
64
65
68
218
73
150
76
79
249
82
85
88
91
94
340
339
95
99
102
105
108
109
113
115
118
122
125
128
131
134
284
137
235
141
144
147
153
155
161
164
167
170
177
181
182
185
189
205
193
198
201
208
207
211
215
222
223
226
229
232
238
241
245
250
253
256
262
314
267
271
274
278
281
287
290
293
297
301
304
307
310
316
319
322
326
329
332
335
343
346
