259
94
414
237
196
192
366
324
449
427
349
241
302
112
381
328
229
32
29
131
399
219
244
313
316
141
459
167
201
209
50
87
452
340
441
77
206
291
38
424
404
363
499
492
153
3
150
224
343
276
127
83
6
74
121
421
265
95
249
175
353
333
385
124
172
286
145
46
464
298
67
472
134
372
294
91
376
215
41
394
320
186
19
359
180
103
225
254
306
410
35
60
486
156
483
160
389
356
468
232
23
325
475
337
432
437
70
183
163
56
130
279
310
64
369
262
98
228
137
444
189
115
495
273
15
168
346
489
418
118
403
480
148
222
455
285
380
43
210
299
84
164
250
26
257
247
218
460
107
268
52
351
238
59
177
362
395
2
408
80
281
11
288
90
236
374
465
143
101
157
14
319
71
214
202
396
170
413
330
110
251
388
8
47
430
458
22
25
382
334
264
305
400
447
469
479
0
4
7
16
18
28
31
34
37
40
44
49
270
53
57
62
65
68
73
329
78
253
86
97
100
104
113
377
119
122
191
126
133
140
147
151
154
159
165
174
178
184
187
193
282
199
204
207
211
365
216
221
231
234
243
246
428
256
260
267
272
277
289
292
297
301
308
314
438
317
323
453
391
336
342
345
348
352
355
358
370
373
384
406
417
423
433
450
476
456
461
473
482
490
493
498
12
240
181
339
69
79
88
92
108
114
128
144
197
135
138
161
169
188
445
487
226
420
442
278
283
293
431
311
326
331
360
378
386
392
397
407
412
425
435
466
1
5
415
439
434
9
10
13
17
20
21
24
27
223
30
33
36
39
54
42
45
470
48
51
76
55
58
61
63
66
446
72
75
81
82
85
494
89
93
96
212
99
102
105
106
109
111
401
116
117
120
123
125
129
132
136
139
142
496
146
149
152
462
155
158
162
166
271
261
171
173
176
179
182
185
194
190
195
198
477
200
203
205
208
269
484
213
217
220
227
307
230
463
233
235
239
242
383
245
248
252
255
258
263
266
405
274
275
478
280
284
287
290
295
296
300
303
304
309
312
315
318
321
322
327
367
332
335
338
341
344
347
350
481
354
357
361
364
368
371
375
379
416
387
390
393
398
402
409
411
419
422
426
429
436
440
443
448
451
454
457
467
471
474
485
488
491
497
