61
168
120
31
191
175
102
125
237
51
200
248
187
130
160
115
147
16
91
44
21
126
9
135
141
244
217
68
212
40
79
195
107
45
88
27
180
100
72
173
60
221
154
231
35
64
204
164
55
225
96
3
83
240
174
106
186
207
236
75
87
140
136
111
146
179
15
197
215
34
152
117
169
5
158
230
11
124
22
246
216
185
92
196
156
112
70
1
26
224
17
163
10
56
121
78
39
192
145
82
181
132
203
52
71
167
33
97
48
128
43
208
148
116
104
29
12
178
137
188
182
171
162
110
101
2
6
24
226
219
62
74
86
159
238
209
249
242
47
105
201
19
93
37
41
150
53
232
57
63
67
119
134
139
143
190
234
223
13
20
25
241
30
46
227
183
202
81
113
89
94
98
108
122
127
206
211
213
151
155
165
170
176
193
247
0
4
7
8
14
18
222
23
28
32
36
38
42
49
50
54
58
59
149
65
66
243
69
220
73
76
77
80
84
85
90
95
99
103
109
114
118
198
123
129
131
133
229
138
142
144
239
153
157
161
218
166
172
177
210
184
189
194
199
205
214
233
228
235
245
