239
187
4
11
58
180
62
128
153
207
49
249
170
236
34
149
145
242
69
95
131
159
86
213
141
23
73
100
196
136
220
113
55
44
227
163
20
110
26
190
210
204
107
122
175
183
66
76
30
245
16
166
116
216
125
199
8
119
38
103
156
223
41
232
91
81
52
193
231
137
14
70
144
162
92
178
84
63
173
3
106
89
46
148
246
133
98
138
217
152
168
60
19
230
2
233
29
35
79
205
186
0
6
9
12
202
15
22
25
32
40
43
47
50
56
59
65
72
75
80
238
87
94
97
101
109
115
118
121
126
129
132
140
155
158
165
169
172
176
179
182
192
195
198
208
211
214
219
222
226
235
241
248
53
17
36
189
67
82
88
104
134
142
146
150
160
201
228
243
1
5
7
10
13
18
21
24
27
28
31
33
200
37
112
39
42
45
48
51
54
57
61
64
123
68
71
74
77
78
83
85
90
93
96
99
102
105
108
111
114
117
120
124
127
130
135
139
143
147
151
224
154
157
161
164
167
171
174
177
181
184
185
188
191
194
197
203
206
209
212
215
218
221
225
229
234
237
240
244
247
