20
147
110
113
143
77
170
187
69
100
226
93
200
8
29
48
220
65
192
128
35
214
44
54
249
116
72
32
235
183
131
179
232
175
163
156
96
229
26
12
61
106
82
223
16
160
242
211
207
135
138
121
238
40
86
23
245
125
3
166
153
51
197
217
90
150
204
58
17
0
41
81
169
140
208
176
55
97
173
184
122
74
78
195
134
87
103
246
66
13
109
146
119
190
37
7
10
181
85
157
240
64
45
2
6
19
22
25
28
31
34
38
47
50
57
60
68
71
75
89
92
99
102
105
112
115
118
124
129
132
137
141
144
201
149
152
159
162
165
172
178
186
189
193
196
203
213
216
219
222
225
228
231
234
237
241
248
9
14
42
52
62
79
83
94
107
210
154
167
180
198
205
243
1
4
5
11
15
18
21
24
27
30
33
36
39
43
46
49
53
56
59
63
67
70
73
76
80
84
88
91
95
98
101
104
108
111
126
114
117
120
123
127
130
133
136
139
142
145
148
151
155
158
161
164
168
171
174
177
182
185
188
191
194
199
202
206
209
212
215
218
221
224
227
230
233
236
239
244
247
