159
77
190
28
40
145
163
22
128
56
9
111
63
124
179
170
132
101
117
18
198
23
72
137
106
14
36
97
85
90
122
79
185
146
5
48
141
174
67
61
154
194
32
27
189
184
94
57
86
45
51
118
164
75
3
105
199
153
158
41
113
175
149
180
71
13
171
37
81
136
55
129
110
165
17
123
68
33
95
100
62
195
116
135
131
66
91
144
139
53
12
183
157
160
96
125
20
168
119
1
150
44
11
26
82
191
104
176
0
4
16
21
140
42
34
38
47
52
59
70
127
74
78
89
107
112
193
133
148
152
172
186
197
6
8
29
99
43
181
50
64
114
167
120
162
155
2
7
143
10
92
15
19
24
25
30
31
35
39
80
46
49
83
54
58
60
177
65
69
73
76
142
84
178
93
87
88
98
102
103
108
109
115
121
126
130
134
138
147
187
151
156
161
166
169
173
182
188
192
196
