302
375
231
77
450
65
6
311
490
120
413
356
361
456
242
287
220
40
316
183
207
256
269
364
162
87
331
166
44
445
69
442
390
171
405
352
73
59
14
115
107
250
179
31
134
217
49
323
127
80
228
238
446
427
339
295
395
298
493
432
284
481
387
144
191
478
97
473
437
400
306
326
279
37
334
319
275
344
411
499
196
419
460
101
110
62
496
288
157
369
147
487
121
26
453
272
349
138
20
84
11
235
211
408
200
54
416
214
34
225
258
292
124
381
253
152
265
465
104
247
188
424
3
470
94
377
484
203
155
308
340
53
367
404
118
10
74
66
328
222
355
393
148
434
282
192
173
16
422
112
43
27
358
163
474
383
346
431
160
386
182
57
398
47
129
462
303
137
244
429
370
241
7
177
266
185
140
440
341
301
99
477
194
313
403
82
278
0
19
336
30
63
70
90
143
151
169
206
412
468
380
4
13
21
24
33
36
39
46
50
56
60
76
79
312
83
86
91
451
95
98
221
103
106
109
113
117
174
123
128
133
156
159
165
226
232
178
189
195
198
201
208
212
218
229
457
234
237
245
248
251
254
257
260
264
268
271
283
289
293
296
299
305
309
315
324
327
330
337
343
348
351
359
362
365
372
374
389
392
396
399
407
415
418
425
428
435
438
441
448
454
459
463
469
483
486
489
492
495
498
8
15
41
321
51
215
67
204
172
131
135
139
145
274
180
184
368
378
223
239
276
285
472
421
317
332
353
476
384
401
409
443
1
2
5
100
116
9
12
17
18
22
23
25
28
29
32
35
38
42
45
479
48
52
55
439
58
61
64
114
71
167
68
261
72
75
78
81
85
88
89
92
93
96
102
105
108
111
262
119
122
125
126
130
132
136
141
142
146
149
150
153
154
158
290
161
164
371
168
170
175
480
176
181
186
187
190
193
197
199
202
205
209
210
213
216
219
464
224
227
230
233
320
236
240
243
246
249
252
447
255
259
263
267
270
273
277
280
281
286
291
294
297
300
304
307
310
314
318
322
325
329
333
335
338
342
345
347
350
354
382
357
360
363
366
373
376
379
385
388
391
394
397
402
406
410
414
417
420
423
426
430
433
436
466
444
449
452
455
458
461
467
471
475
482
485
488
491
494
497
