24
6
187
77
243
122
152
171
226
64
209
107
144
80
115
188
47
135
56
5
242
38
124
169
97
223
134
198
33
25
4
179
208
233
161
88
106
79
13
63
212
41
170
181
50
98
87
232
125
197
146
247
109
16
224
117
76
136
65
55
126
42
96
222
235
202
19
191
183
26
75
86
211
245
157
67
199
114
174
51
221
138
166
99
210
148
32
147
234
40
8
52
248
85
123
160
201
21
66
189
137
100
34
190
113
180
163
74
200
178
244
230
53
213
246
7
168
29
128
94
154
18
105
61
84
37
236
116
219
17
145
131
95
192
69
49
177
156
28
108
3
220
207
143
15
172
62
159
118
78
132
229
45
155
30
89
60
176
241
215
184
249
196
104
133
151
14
167
203
57
110
43
68
239
120
216
194
139
129
103
228
73
92
22
250
10
39
31
54
44
162
141
240
72
81
205
90
186
175
231
1
11
153
127
149
46
119
58
195
217
101
164
111
225
185
0
2
9
12
20
23
150
27
140
238
35
70
36
48
158
59
71
206
82
83
91
93
214
102
173
204
112
121
130
142
165
182
193
237
218
227
