101
12
48
106
209
155
225
190
39
228
143
89
5
164
244
18
30
22
57
187
102
78
15
234
213
54
194
130
203
127
149
117
44
219
138
62
159
36
72
8
247
174
182
111
123
216
199
27
83
0
108
241
114
67
171
206
178
237
135
92
120
98
51
168
222
153
25
84
40
193
61
96
1
32
150
75
45
161
146
68
21
179
185
231
126
196
81
140
64
87
2
210
177
42
11
238
69
202
188
131
158
167
248
4
243
9
17
144
24
28
31
34
37
242
47
50
53
56
60
65
71
80
100
88
91
104
230
107
110
113
116
119
122
134
137
141
147
170
173
184
191
197
207
215
218
221
224
129
14
74
212
19
162
41
97
152
76
93
154
181
233
124
163
175
200
227
235
239
245
249
3
6
7
10
13
16
20
23
26
29
103
33
35
38
226
43
46
49
132
52
55
58
59
63
66
70
73
77
79
82
85
86
90
94
95
99
105
192
109
112
115
118
121
125
128
133
136
139
142
145
198
148
151
156
157
160
165
166
169
172
176
180
183
186
189
195
201
204
205
208
211
214
217
220
223
229
232
236
240
246
