140
29
189
68
148
115
34
71
128
0
110
216
21
82
232
161
95
210
175
4
125
225
98
205
198
15
242
228
164
178
245
92
220
153
132
186
54
12
214
236
64
41
107
8
195
118
121
201
89
44
61
24
135
85
239
79
182
192
217
144
74
104
157
50
38
58
248
170
18
103
166
224
138
151
233
114
100
208
7
86
124
33
130
203
185
32
180
230
9
77
46
211
1
53
94
111
145
167
174
42
11
14
19
23
187
27
30
35
141
39
45
48
56
62
65
67
70
73
78
81
158
88
91
221
97
106
117
120
127
131
136
149
152
160
246
190
193
199
202
206
213
227
235
238
241
249
5
177
196
231
57
171
83
101
108
122
137
142
163
155
179
183
218
222
243
2
3
6
51
10
13
16
17
146
20
22
25
26
28
31
75
36
37
40
43
47
49
52
55
59
60
63
66
69
72
112
76
80
84
154
87
90
93
96
99
102
105
109
113
116
119
123
126
169
129
133
134
139
143
147
150
156
159
162
165
168
197
172
173
176
181
184
188
191
194
200
204
207
209
212
215
219
223
226
229
234
237
240
244
247
