163
23
0
243
4
152
96
234
140
133
59
137
52
166
170
247
63
237
27
230
208
188
203
12
121
80
211
109
221
147
216
176
9
22
116
66
199
34
31
77
88
105
55
3
71
47
143
130
184
227
37
173
85
161
74
180
157
126
195
192
19
112
92
62
218
102
44
215
240
189
155
223
185
177
146
127
50
119
200
70
40
14
97
83
150
167
108
134
246
198
29
115
159
15
181
100
5
206
58
26
41
89
172
224
233
1
6
124
10
17
20
33
36
45
49
54
212
65
68
153
76
79
82
86
94
99
106
111
118
129
136
139
149
229
158
162
209
238
169
191
196
202
205
219
241
244
249
73
30
11
38
61
113
120
123
131
141
144
164
174
178
182
186
213
220
226
235
2
248
90
7
8
13
16
18
21
24
51
25
28
32
35
231
39
42
43
46
48
53
56
57
60
190
64
193
91
67
69
72
75
78
81
84
87
93
95
98
103
101
104
107
110
114
117
122
125
128
132
135
138
142
145
148
151
154
156
160
165
168
171
175
179
183
187
194
197
201
204
207
210
214
217
222
225
228
232
236
239
242
245
