188
196
3
139
167
134
223
106
175
24
227
214
200
15
182
56
127
12
170
34
18
42
7
148
47
62
191
243
206
102
89
93
249
67
73
97
235
238
110
83
152
119
178
122
29
163
142
76
187
231
211
70
37
116
216
50
146
59
21
203
113
194
39
86
246
125
171
199
185
151
137
33
131
210
228
46
222
30
79
109
241
53
130
99
160
207
143
232
26
174
94
11
65
103
165
220
225
2
8
158
179
217
248
45
14
19
22
36
40
49
52
57
60
63
66
71
74
77
80
82
85
88
92
96
100
105
112
115
118
121
126
133
136
140
145
168
149
154
162
183
190
193
197
202
213
234
239
242
245
5
186
23
27
31
41
219
107
153
128
164
172
176
204
208
224
229
0
1
4
6
9
10
13
16
17
157
20
25
28
32
35
38
43
44
48
51
54
55
58
236
61
64
68
69
72
75
78
81
84
87
90
91
95
98
101
120
104
108
111
114
117
123
124
129
132
135
138
141
180
144
147
150
155
156
159
161
166
169
173
177
181
184
189
192
195
198
201
205
209
212
215
218
221
226
230
233
237
240
244
247
