76
221
86
7
97
62
162
25
2
177
91
15
28
114
133
38
198
227
172
246
47
152
57
118
83
43
185
215
234
107
122
148
169
66
70
104
22
35
52
79
141
111
195
138
188
240
218
128
155
101
10
192
166
18
180
144
210
159
73
205
32
94
202
125
230
237
243
249
224
49
46
55
209
173
121
19
88
136
149
108
13
41
233
60
206
67
4
130
213
189
183
82
31
63
201
100
145
163
174
116
158
0
3
6
9
12
16
21
24
27
34
37
40
44
50
53
56
59
69
72
75
78
85
89
92
95
98
103
110
113
117
124
127
131
134
137
140
151
154
165
168
176
181
184
191
194
197
212
216
219
222
225
228
231
236
239
242
245
248
29
64
80
105
119
142
146
160
170
186
199
203
207
1
5
8
11
14
17
20
23
26
30
33
36
39
42
45
48
51
54
58
61
65
68
71
74
77
178
81
84
87
90
93
96
99
102
106
109
112
115
120
123
126
129
132
135
139
143
147
150
153
156
157
161
164
167
171
175
179
182
187
190
193
196
200
204
208
211
214
217
220
223
226
229
232
235
238
241
244
247
