68
81
141
168
51
47
12
116
248
25
158
178
105
31
175
154
16
108
35
73
220
216
28
58
98
113
22
133
232
188
8
196
127
83
120
239
63
159
191
211
4
242
87
55
163
208
147
102
95
76
223
183
150
144
41
172
199
123
130
0
19
91
5
134
233
219
155
32
205
14
245
101
230
151
110
60
36
192
46
179
78
214
236
70
195
181
164
118
202
3
85
50
88
187
64
140
126
228
250
7
10
13
17
137
20
23
26
29
37
40
42
53
59
67
224
71
74
77
80
136
84
169
93
96
104
107
111
114
117
121
129
143
146
161
165
215
171
174
177
184
207
210
237
243
246
1
249
198
231
90
33
124
226
44
48
201
54
153
61
240
156
99
131
148
213
180
189
193
217
221
2
6
9
11
15
18
21
24
27
65
30
34
38
52
39
43
45
142
138
49
56
57
62
66
69
203
72
75
79
82
86
89
92
94
97
100
204
103
106
234
109
112
115
119
122
125
128
132
135
139
166
145
162
149
152
157
160
185
167
227
170
173
176
182
186
190
194
197
200
206
209
212
218
225
222
229
235
238
241
244
247
