208
191
77
223
48
88
142
9
110
62
125
170
140
235
183
156
224
89
211
236
18
56
37
246
5
67
212
154
180
195
50
102
123
78
205
157
192
33
239
166
244
75
113
27
136
181
100
8
124
155
222
39
61
139
108
93
79
234
51
249
23
171
65
152
207
7
178
38
92
121
167
25
218
138
49
197
128
90
63
3
232
35
153
220
13
176
164
111
73
196
24
107
126
209
245
53
187
64
96
233
137
141
81
165
112
95
151
66
177
20
40
52
83
214
127
198
115
193
105
2
29
41
16
217
228
238
94
76
185
168
169
201
243
54
145
30
109
129
10
86
204
74
184
28
42
143
231
116
226
182
99
242
22
55
12
206
68
130
144
241
36
122
162
80
98
210
188
1
4
158
118
60
225
19
101
85
46
34
133
199
194
173
147
229
84
69
159
114
15
202
59
150
132
103
213
0
47
221
240
17
97
163
175
71
120
82
179
148
189
11
230
21
31
216
44
57
134
200
250
248
6
247
149
14
104
119
161
26
219
32
43
45
190
160
117
58
70
72
146
87
172
174
91
106
131
237
215
135
227
186
203
