53
87
184
238
174
79
166
147
198
213
66
109
33
229
19
209
38
9
94
156
59
192
124
2
25
128
29
202
165
188
206
43
99
219
179
230
16
70
244
135
170
239
85
48
225
234
143
74
160
117
7
122
15
64
23
118
133
105
183
92
217
148
141
101
226
80
247
49
113
164
193
55
210
0
39
154
221
199
178
137
194
235
112
73
61
97
13
123
93
1
129
240
150
182
78
21
177
214
8
27
107
189
83
172
134
222
51
20
88
71
98
45
208
243
201
161
37
106
3
169
63
142
187
231
125
57
91
32
216
111
11
44
31
68
152
173
246
250
5
130
203
12
24
103
34
47
52
138
72
77
81
114
119
139
144
159
242
195
207
212
223
227
233
100
17
86
26
40
218
65
58
149
157
89
95
153
108
171
127
120
131
162
180
185
190
197
236
249
248
4
30
6
10
14
18
22
28
35
36
41
42
46
50
56
54
175
60
62
67
69
204
75
76
82
84
140
90
96
102
104
110
115
116
121
245
126
136
132
145
146
151
155
158
163
167
168
176
205
181
196
186
191
200
211
215
220
224
228
232
237
241
