3
14
12
9
21
23
177
93
162
113
0
99
135
143
124
167
117
82
134
89
157
63
107
173
71
76
148
24
6
15
16
17
18
22
27
28
30
130
141
153
159
165
171
179
4
5
65
69
19
20
25
26
87
29
101
105
111
147
156
67
73
80
78
86
84
91
95
97
103
109
115
119
121
128
126
132
137
139
145
150
169
175
181
33
100
152
154
160
164
1
2
7
8
10
11
13
75
81
170
31
32
34
35
36
37
38
39
40
41
42
43
44
45
46
47
48
49
50
51
52
53
54
55
56
57
58
59
60
61
62
123
129
64
68
66
70
74
72
77
79
83
85
88
92
90
94
98
96
104
178
102
106
110
108
112
116
114
118
122
120
125
127
131
133
136
140
138
142
146
144
149
151
158
155
161
163
166
168
172
176
174
182
180
