12
9
98
88
93
0
11
68
108
73
138
159
118
123
129
113
79
154
148
84
103
145
63
133
144
13
8
10
7
27
14
57
128
143
99
153
69
75
94
1
2
15
16
17
18
19
20
78
21
22
23
24
29
25
26
83
30
158
64
70
115
89
135
104
109
119
124
139
149
74
106
137
28
81
66
130
86
91
96
156
101
111
114
121
126
141
151
161
3
4
5
6
147
59
31
32
33
34
35
36
37
38
39
40
41
42
43
44
45
46
47
48
49
50
51
52
53
54
55
56
58
60
61
62
67
65
71
72
107
76
77
82
80
87
85
92
90
97
95
127
102
100
105
112
110
116
117
122
120
125
131
132
134
136
142
140
146
152
150
157
155
162
160
