5
24
17
19
6
12
63
8
15
23
1
16
20
10
147
13
226
22
249
105
243
75
18
345
281
117
189
327
310
340
140
273
321
219
125
81
294
160
305
102
129
92
167
70
288
208
259
333
184
353
156
200
261
214
297
241
270
231
202
174
144
111
95
357
316
180
29
66
25
26
27
28
30
239
255
267
279
285
291
303
351
4
78
89
93
99
21
123
141
153
165
171
177
41
196
221
237
269
315
339
328
358
85
74
72
164
83
97
107
109
113
115
119
121
127
131
133
136
138
355
149
151
162
169
188
186
191
193
198
206
204
212
210
218
216
223
230
228
233
235
245
247
251
253
257
263
265
275
277
283
299
301
307
314
312
318
323
325
330
335
337
342
347
349
360
0
3
87
101
154
43
292
64
68
76
80
90
104
142
146
158
172
176
178
182
272
286
290
296
320
332
344
362
2
69
7
9
11
14
96
118
135
130
31
32
33
34
159
35
36
37
38
39
40
166
42
183
44
45
46
195
47
48
201
49
50
207
51
52
213
53
54
209
55
56
225
57
58
59
60
61
62
309
304
65
67
71
73
77
79
82
86
84
88
91
94
98
100
103
106
110
108
112
116
114
122
120
124
128
126
134
132
137
139
143
145
148
152
150
155
157
161
163
170
168
173
175
179
181
185
187
190
194
192
197
199
203
205
211
215
217
220
224
222
227
229
232
236
234
238
242
240
244
248
246
250
254
252
256
260
258
262
266
264
268
271
274
278
276
280
284
282
287
289
293
295
298
302
300
308
306
311
313
317
319
322
326
324
329
331
334
338
336
341
343
346
350
348
352
356
354
359
361
