185
415
197
225
268
163
76
325
142
217
341
404
376
413
301
396
253
258
246
91
373
343
180
114
256
222
125
270
199
235
89
400
215
154
366
208
109
238
358
371
30
304
288
227
286
144
71
187
322
102
178
9
293
121
306
151
84
156
389
265
11
329
73
336
168
361
190
118
408
354
106
309
297
166
324
3
130
42
267
283
418
2
8
313
79
128
69
202
340
240
99
327
363
82
139
182
378
149
263
393
397
406
250
94
220
290
70
386
127
332
224
277
200
15
12
111
161
213
192
10
13
16
18
24
29
136
279
236
351
153
66
116
86
87
96
101
113
123
132
146
158
173
177
175
195
204
210
229
232
251
260
272
275
281
295
299
308
311
317
334
348
359
368
383
401
411
420
0
17
422
19
54
21
22
23
25
27
28
243
315
64
68
77
98
104
120
141
137
159
194
170
183
356
212
292
233
248
255
319
331
338
339
346
350
364
369
379
381
388
391
403
410
1
6
20
26
171
39
72
74
75
107
326
237
133
147
302
205
228
241
244
261
273
285
294
352
374
384
394
392
399
63
4
5
7
14
59
135
31
32
33
34
35
36
37
38
40
41
43
44
45
46
47
48
49
50
207
51
52
53
55
56
57
58
60
61
62
219
387
65
67
402
78
80
81
83
85
88
90
92
93
95
97
105
100
110
108
103
112
115
117
119
122
124
126
129
131
134
143
138
145
140
148
150
152
155
157
160
162
164
165
167
169
172
179
174
181
176
303
184
186
188
189
191
193
196
198
201
203
206
214
209
382
216
211
218
221
223
226
230
231
234
239
318
242
249
245
252
247
254
257
259
262
264
266
269
271
274
276
278
280
287
282
289
284
291
296
298
300
305
307
310
312
314
321
316
323
320
328
330
333
335
337
342
344
345
347
349
357
353
360
355
414
362
365
367
370
372
375
377
380
385
395
390
398
405
407
409
412
416
417
419
421
