88
148
8
138
168
108
198
2
78
73
28
103
203
128
178
12
118
143
153
173
63
123
188
114
98
163
158
68
133
194
209
94
184
83
17
20
1
7
10
11
14
19
27
31
62
183
193
208
154
16
18
67
21
22
23
24
25
26
93
29
113
144
152
66
69
74
79
84
89
99
104
109
119
124
129
134
139
170
150
199
159
164
174
179
189
204
0
4
6
15
136
30
64
111
71
76
81
86
91
96
101
106
116
121
126
131
141
146
156
161
166
169
176
181
186
191
196
201
206
211
56
3
5
9
13
32
33
34
35
36
92
37
38
39
40
41
42
43
44
45
46
47
48
49
50
51
52
53
54
55
57
58
137
59
60
61
72
65
70
77
162
75
82
80
87
85
90
97
95
102
100
107
105
112
122
110
117
115
120
127
125
132
130
135
142
140
147
145
149
151
157
155
160
167
165
171
172
177
175
182
180
187
185
192
190
197
195
202
200
207
205
212
210
