1264
336
1060
1421
964
1404
306
166
114
1207
372
1559
197
1296
1081
1800
627
936
797
828
1596
1200
1343
468
215
1020
1856
1696
1310
1621
1624
433
328
863
1626
1439
1704
251
202
1243
421
1006
1849
1739
1261
1177
995
1047
516
898
1092
1049
906
163
360
881
677
682
1278
1805
1229
1836
1072
1594
694
1224
736
551
1387
199
594
1192
298
568
228
916
1294
377
1475
1691
1589
844
340
505
1126
472
7
1168
1457
596
911
325
1018
575
954
1770
684
976
1408
125
1129
667
1494
127
84
1367
775
143
1339
1847
151
865
1680
259
1375
358
1735
1319
184
805
385
1812
89
727
1423
1549
448
187
1567
558
161
1546
952
288
1133
701
1062
1036
1205
697
438
1115
1633
1195
6
270
792
1637
808
1777
622
1045
406
971
1
1512
1330
268
1301
660
1840
217
1746
1640
1120
755
1341
718
731
612
1709
1798
362
486
1554
475
409
1009
72
1406
181
293
745
1661
883
11
1765
738
291
586
599
1057
1164
1188
445
1582
1391
1159
110
1698
546
91
711
1303
1013
1528
1635
1240
868
395
664
655
1273
1447
424
941
533
833
629
1666
800
101
817
1519
1819
120
619
1668
1217
1169
1816
870
847
990
156
413
12
1099
770
1687
1516
281
1459
1332
973
1768
1654
234
1726
571
1033
1325
985
123
1859
835
76
1378
1565
154
1675
402
21
1781
17
1233
177
757
1231
1444
118
1380
1276
826
750
1531
624
1090
1157
1744
790
1579
364
535
1411
503
323
610
1591
232
301
831
943
1487
520
855
582
631
1179
1617
1523
810
1619
1728
9
720
766
1483
106
1656
652
1808
689
1097
1079
496
450
523
1351
824
983
1492
1271
934
367
1146
647
1416
872
544
508
1253
263
1122
1117
1314
773
1852
1095
341
404
179
28
318
1291
1763
220
913
256
192
1711
1348
436
801
79
768
1395
1651
1604
1312
431
482
479
1197
901
1150
556
252
343
484
1480
704
1452
1824
1607
1334
888
1061
662
1050
222
400
1306
1511
1137
644
563
441
1672
1773
1783
1701
1663
1413
1280
1748
904
1094
729
190
1835
382
702
239
1365
1792
71
249
665
333
920
946
136
1043
94
1507
466
271
1235
1761
1373
961
1603
1733
1084
1016
1558
493
1362
1238
1723
1257
1644
351
470
81
1135
725
230
27
648
144
747
1346
1796
332
852
1456
1166
208
393
1572
247
554
527
511
1530
1449
1551
308
1394
1737
1108
893
579
603
938
924
1473
498
722
1827
1470
1693
692
788
1490
1843
115
845
1575
67
1001
304
1259
547
1025
879
759
988
1183
1153
1541
1432
584
1556
63
1706
1222
1403
375
992
1477
289
1030
1155
1204
966
397
1810
1780
1435
1186
532
1683
1583
1510
102
1220
559
457
733
646
418
1390
799
148
1501
700
685
279
1266
1315
1242
778
146
1855
322
1708
1087
1028
1355
1363
379
613
598
1838
950
1069
1563
1419
242
1605
29
30
999
286
443
589
617
636
840
978
1612
2
10
16
18
20
23
24
25
1215
1287
1323
1503
1539
1647
1719
1249
878
707
74
83
86
1772
96
111
113
122
130
132
491
141
139
158
159
168
172
174
194
195
204
1353
330
213
210
225
227
235
244
254
261
1521
266
275
296
311
313
657
348
353
355
365
370
1171
374
388
390
411
542
414
416
515
429
426
1499
931
440
1173
1284
452
455
461
463
477
915
501
1839
513
518
529
537
539
1586
549
566
577
1140
587
591
601
605
615
626
634
672
687
709
713
715
723
740
743
754
761
763
771
780
785
803
1730
812
815
821
1426
838
842
858
874
876
886
1298
908
918
929
939
948
959
969
1112
980
981
997
1008
1011
1021
1023
1801
1038
1052
1054
1064
1077
1614
1074
1102
1104
1113
1110
1124
1785
1162
1181
1190
1193
1202
1740
1212
1247
1268
1269
1289
1299
1308
1327
1336
1344
1360
1370
1382
1383
1385
1399
1418
1428
1437
1440
1442
1454
1464
1468
1482
1485
1514
1526
1535
1561
1570
1649
1584
1587
1600
1628
1630
1642
1658
1659
1670
1673
1716
1721
1751
1753
1756
1758
1775
1788
1803
1817
1831
1854
3
99
338
15
315
19
22
459
26
567
639
675
783
819
891
927
1035
1143
1251
1791
884
69
64
87
98
108
103
1497
1244
134
149
500
170
829
176
185
1609
350
206
212
223
237
614
258
273
276
278
283
294
843
299
303
320
850
335
345
363
1602
378
1226
392
407
1690
428
453
1065
473
1799
480
487
489
510
522
525
1821
540
650
561
1718
574
1256
570
607
1598
638
641
643
653
669
674
705
679
690
856
1515
1544
741
752
1632
782
787
795
813
854
861
860
899
894
896
903
922
925
951
955
968
993
1003
1857
1026
1842
1042
1040
1131
1067
1076
1085
1106
1127
1136
1138
1145
1152
1148
1175
1409
1209
1214
1219
1227
1236
1245
1254
1281
1283
1285
1478
1311
1321
1337
1350
1357
1368
1371
1392
1401
1396
1414
1430
1445
1461
1466
1489
1496
1505
1518
1533
1537
1547
1542
1568
1577
1616
1639
1665
1677
1682
1685
1694
1699
1703
1713
1731
1741
1749
1760
1784
1794
1807
1814
1826
1828
1845
1861
4
1329
5
13
36
38
39
43
47
65
77
82
95
734
1715
724
137
147
1160
1252
180
182
183
321
218
240
245
264
284
309
316
331
1178
1161
346
380
383
399
419
465
488
506
524
552
564
572
580
592
645
658
661
670
680
693
695
712
726
748
756
758
793
796
798
822
830
867
869
871
889
909
917
947
956
957
1004
1014
1031
1055
1053
1593
1080
1082
1083
1119
1128
1141
1170
1185
1198
1210
1228
1307
1316
1317
1352
1366
1397
1433
1689
1450
1462
1471
1524
1532
1552
1560
1573
1595
1822
1623
1625
1645
1678
1686
1732
1736
1776
1786
1789
1809
1833
1829
1844
0
135
8
171
207
243
14
458
387
423
495
531
31
32
33
34
35
37
40
41
42
44
45
46
48
49
50
51
52
963
53
54
55
56
57
58
1071
59
60
1107
61
62
1359
1431
1467
1611
1755
70
66
73
68
75
78
80
85
88
1389
90
92
93
97
683
105
100
107
892
109
104
112
116
117
119
121
124
126
128
129
935
131
133
142
138
145
140
150
152
153
155
157
160
162
164
165
167
169
178
173
175
186
188
189
191
193
398
196
198
200
201
203
205
447
214
209
216
211
219
221
921
224
226
229
231
233
349
236
238
241
250
246
253
248
255
257
1267
260
262
265
267
269
272
274
277
818
285
280
287
282
290
292
295
297
1837
300
302
305
307
310
312
314
317
324
319
326
327
329
334
337
339
342
1846
344
608
347
357
352
359
354
361
356
366
368
369
371
373
376
381
1075
384
557
386
640
394
389
396
391
401
403
405
408
410
412
415
417
420
422
430
425
432
427
434
435
437
439
442
444
446
449
451
454
456
460
467
462
469
464
471
474
606
1484
476
478
481
483
485
905
490
492
494
502
497
504
499
507
509
974
512
514
517
519
521
526
528
530
538
534
541
536
543
545
548
550
553
555
560
562
565
1340
573
569
902
576
578
581
583
585
588
590
593
595
597
600
602
609
604
611
616
618
620
621
623
625
628
630
632
633
635
637
1767
642
649
651
654
656
659
663
666
827
668
671
673
1364
681
676
678
686
688
691
696
698
699
703
706
708
710
1500
717
1180
719
714
721
716
728
730
732
735
737
739
742
744
746
753
749
751
760
762
764
765
767
769
772
774
776
777
779
781
789
784
791
786
794
802
804
806
807
1328
809
811
814
816
825
820
823
975
832
834
949
836
837
839
841
846
848
849
851
853
887
862
857
864
859
866
873
875
877
965
880
882
885
890
897
900
895
907
910
912
1320
914
919
1221
923
926
933
928
930
937
932
940
942
1650
944
945
953
958
1720
960
1103
962
970
972
967
977
979
982
984
986
987
989
991
994
996
998
1005
1000
1007
1002
1010
1012
1676
1015
1017
1019
1022
1024
1027
1029
1032
1034
1041
1037
1044
1039
1046
1048
1051
1610
1056
1058
1059
1063
1066
1068
1422
1070
1078
1073
1086
1088
1089
1091
1093
1096
1098
1100
1101
1105
1114
1109
1116
1111
1118
1121
1123
1125
1130
1132
1134
1139
1142
1149
1144
1151
1147
1154
1156
1158
1163
1165
1167
1172
1174
1176
1187
1182
1189
1184
1191
1194
1196
1199
1201
1203
1710
1206
1275
1208
1211
1213
1216
1223
1218
1225
1230
1232
1234
1237
1239
1241
1246
1248
1250
1258
1361
1260
1255
1262
1263
1265
1270
1509
1272
1274
1277
1279
1282
1286
1293
1288
1295
1290
1297
1292
1300
1302
1304
1305
1309
1313
1662
1318
1322
1324
1331
1326
1333
1335
1338
1342
1345
1347
1349
1377
1354
1356
1358
1369
1372
1374
1376
1379
1381
1384
1386
1388
1393
1402
1398
1405
1400
1407
1410
1412
1806
1415
1417
1420
1424
1425
1427
1429
1438
1434
1441
1436
1443
1446
1448
1451
1453
1455
1458
1460
1463
1522
1465
1474
1469
1476
1472
1479
1481
1486
1488
1491
1493
1495
1498
1743
1502
1504
1506
1513
1508
1517
1520
1525
1527
1529
1534
1536
1538
1545
1540
1548
1543
1550
1553
1555
1557
1562
1564
1566
1569
1571
1574
1581
1576
1578
1585
1580
1588
1590
1592
1597
1599
1601
1606
1608
1618
1613
1620
1615
1622
1627
1629
1631
1634
1636
1638
1641
1643
1646
1653
1648
1655
1657
1652
1660
1664
1667
1669
1671
1764
1674
1679
1681
1684
1692
1688
1695
1697
1700
1702
1705
1707
1712
1714
1717
1725
1727
1722
1729
1724
1734
1738
1742
1745
1747
1750
1752
1754
1762
1757
1759
1766
1769
1771
1774
1778
1779
1782
1787
1790
1797
1793
1795
1802
1804
1811
1813
1815
1818
1820
1823
1825
1834
1830
1832
1841
1848
1850
1851
1853
1858
1860
1862
