147
123
117
189
268
125
225
261
188
249
297
280
141
69
93
205
240
195
75
296
89
100
182
161
211
184
115
129
159
63
149
217
137
105
153
135
87
171
295
165
257
3
231
222
285
243
273
255
107
238
218
131
71
6
67
78
245
155
83
181
119
212
111
270
102
279
173
227
201
265
251
81
275
95
197
143
220
287
194
299
167
233
91
203
68
207
183
267
263
116
229
213
5
139
281
191
76
235
253
178
150
122
109
293
99
239
286
126
144
260
158
168
298
172
82
274
186
248
164
221
199
72
134
96
19
26
29
4
28
15
16
17
18
20
21
22
23
24
25
27
30
291
0
124
219
237
132
226
283
65
70
77
266
84
92
94
101
110
113
121
148
140
142
157
163
166
174
180
193
200
206
209
215
236
247
254
259
269
276
288
300
33
187
130
284
228
1
2
7
8
9
10
11
12
13
14
31
32
34
35
36
37
38
39
40
177
41
42
43
44
45
46
47
48
49
50
51
52
53
54
55
56
57
58
59
60
61
62
64
66
73
74
79
80
196
85
86
88
90
198
97
98
242
103
104
106
108
112
114
146
118
120
127
128
133
136
138
145
151
152
223
154
156
160
162
169
170
175
176
179
185
190
192
271
202
204
208
210
214
216
224
230
232
234
241
244
246
250
252
256
258
262
264
272
277
278
282
289
290
292
294
301
302
