367
196
451
444
613
396
179
439
155
557
221
374
253
575
226
174
772
410
90
508
426
306
73
660
545
547
430
12
481
288
150
559
580
523
631
228
490
9
588
724
701
341
767
550
592
774
295
690
731
729
655
703
216
163
413
745
299
516
260
75
95
474
658
472
364
401
344
683
331
120
616
665
448
323
712
743
283
648
193
258
219
720
78
595
6
437
268
251
624
479
186
304
106
131
755
256
762
82
403
292
118
733
667
109
188
748
505
160
70
74
469
503
394
611
628
583
406
318
418
204
378
415
606
353
223
678
540
3
360
694
270
142
538
764
681
765
376
646
587
308
521
145
435
334
235
738
184
85
265
127
663
371
113
513
336
757
327
483
459
486
88
391
343
623
609
498
214
386
577
775
261
753
573
495
542
518
434
162
143
685
287
696
722
116
152
233
197
124
199
641
719
279
562
488
175
357
322
320
65
461
455
242
698
626
172
554
649
108
339
736
636
593
232
97
243
218
699
154
277
520
356
21
27
23
24
30
263
408
552
653
717
760
0
8
15
16
19
22
28
29
54
531
639
424
77
92
101
111
138
147
157
167
177
493
181
189
191
209
211
750
230
240
246
272
275
290
297
301
311
313
325
329
346
672
348
369
379
383
389
398
399
411
420
432
442
446
466
476
510
528
533
535
543
555
564
568
570
782
585
726
590
752
600
604
618
621
651
662
670
676
688
706
708
715
740
769
779
63
4
5
99
135
17
18
332
20
25
207
680
315
387
273
66
80
231
381
83
87
103
115
122
123
125
132
134
140
159
164
169
200
201
525
638
281
362
238
249
244
248
464
285
294
309
352
359
355
366
422
427
491
447
449
620
456
458
467
462
471
478
501
496
500
511
515
530
566
572
582
597
602
608
629
633
643
650
674
691
710
741
727
777
14
26
42
45
51
57
423
71
67
93
104
129
136
148
165
176
192
202
205
222
280
296
316
324
337
349
372
384
425
453
484
506
781
526
578
598
619
634
686
687
689
713
728
770
1
2
7
10
11
13
171
404
744
31
32
33
34
35
36
37
38
39
40
41
43
44
766
46
47
48
105
49
50
351
52
53
55
56
58
59
60
61
62
567
603
675
711
259
747
69
64
72
68
76
79
340
697
81
84
86
89
91
94
96
497
98
539
100
107
102
110
112
114
117
119
121
126
128
130
133
402
141
137
144
139
146
149
151
153
156
579
158
161
291
166
168
170
178
173
180
182
183
185
771
187
190
194
195
198
203
206
213
208
215
210
217
212
220
224
225
227
739
229
234
236
237
239
241
250
245
252
247
254
255
257
642
262
264
266
267
269
271
274
276
278
286
282
289
284
293
298
300
302
303
305
307
310
312
314
321
317
319
326
395
328
330
333
335
338
342
345
347
350
358
354
361
363
365
368
370
373
647
375
377
380
640
487
382
385
393
388
390
397
392
400
409
405
407
412
414
416
417
419
421
429
431
433
428
436
438
440
441
443
445
450
452
454
457
574
465
460
468
463
470
473
475
477
480
482
485
489
671
492
494
502
504
499
507
509
512
514
517
519
522
524
527
529
654
537
532
534
541
536
544
546
548
549
551
553
556
558
560
561
563
565
569
576
571
581
584
586
589
591
594
596
599
601
610
605
612
607
614
615
617
622
625
627
630
632
635
637
645
644
652
656
657
659
661
664
666
668
669
673
682
677
684
679
692
693
695
700
702
704
705
707
709
718
746
714
721
716
723
725
730
732
734
735
737
742
754
749
756
751
758
759
761
763
768
773
776
778
780
