259
239
112
199
250
299
271
12
289
287
149
307
82
91
399
397
192
304
365
107
152
415
329
144
163
342
319
269
220
291
406
340
296
358
71
372
83
413
6
180
196
130
69
294
337
187
154
322
217
121
370
324
173
395
109
161
79
418
235
142
308
101
227
119
367
232
379
189
184
222
408
257
264
88
97
126
354
139
321
210
219
286
117
128
403
64
382
362
171
394
252
230
332
333
261
204
377
214
78
151
168
344
268
67
182
351
114
254
99
306
166
89
17
22
24
30
156
0
3
4
15
16
18
19
20
21
23
27
28
29
353
279
387
146
74
76
86
116
124
133
137
237
147
159
178
175
185
194
197
215
234
245
247
266
276
282
301
311
317
335
347
349
360
363
374
375
384
390
401
410
411
420
5
25
26
135
131
207
243
315
66
81
84
93
95
105
102
104
309
158
170
278
201
206
212
223
225
241
255
262
273
284
292
297
313
325
328
330
345
355
386
392
422
60
72
404
90
92
280
100
123
177
190
202
208
218
228
236
318
274
285
320
388
396
1
2
63
7
8
9
10
11
13
14
31
32
33
34
35
36
56
37
38
39
40
41
42
43
44
45
46
188
47
48
49
50
51
52
53
54
55
57
58
59
61
62
150
70
65
73
68
75
77
80
85
87
94
96
98
339
106
381
165
108
103
110
111
113
341
115
118
145
120
122
125
127
129
132
134
141
136
143
138
140
148
153
155
157
364
160
162
164
167
169
405
172
179
174
181
176
183
186
191
193
195
198
200
203
205
213
209
216
211
221
224
352
226
233
229
231
238
240
242
249
244
251
246
253
248
256
258
260
263
265
293
267
270
272
275
277
281
288
283
290
357
295
298
300
302
303
305
310
312
314
316
323
338
326
327
331
334
336
343
346
348
350
359
361
356
366
368
369
371
373
376
378
380
383
385
393
389
391
398
400
402
407
409
412
414
416
417
419
421
