88
5
18
61
44
13
113
63
43
19
14
48
62
115
86
1
53
7
15
47
117
174
67
129
118
22
87
12
17
154
89
119
193
66
16
121
45
122
11
10
6
52
148
46
33
50
54
21
120
92
116
135
95
9
114
130
70
91
49
150
110
136
34
26
81
3
64
90
153
56
8
157
72
24
189
134
55
73
202
57
181
75
78
204
27
143
100
170
76
138
140
194
152
68
172
199
225
98
99
82
146
141
111
25
104
32
137
191
149
51
58
156
169
28
175
177
147
155
164
151
31
105
102
20
94
29
97
107
103
23
42
30
37
108
93
163
213
190
158
132
182
223
59
217
80
83
179
203
123
165
126
180
178
219
65
145
222
186
69
176
131
127
196
162
84
220
167
208
71
142
144
197
139
201
161
206
124
85
125
218
106
183
77
188
168
209
35
185
101
192
200
211
109
36
133
40
79
224
166
212
187
230
233
237
238
38
171
228
235
236
74
207
226
210
128
216
160
39
159
2
96
195
0
214
232
173
112
184
221
41
215
198
231
205
227
229
234
239
60
4
