13
82
101
71
150
51
15
18
160
22
110
157
59
154
76
11
111
5
14
60
75
54
68
12
1
34
72
168
17
137
136
183
69
193
36
21
100
25
96
205
4
66
52
28
146
139
61
142
53
64
132
223
56
20
192
8
58
65
188
138
39
94
38
135
24
33
9
115
90
107
180
77
73
97
78
185
93
74
225
27
181
163
91
40
155
79
124
149
57
158
170
85
105
3
108
195
166
10
179
196
169
197
46
159
153
48
143
84
130
109
112
16
213
161
102
190
245
50
43
113
217
165
118
55
152
106
41
70
201
178
89
129
122
37
204
133
140
32
121
80
128
2
144
30
184
131
174
95
114
26
87
86
126
92
116
164
123
117
49
120
148
127
35
119
23
42
45
147
125
81
141
29
83
104
63
145
19
98
162
47
31
187
285
203
182
252
267
271
293
186
62
171
222
177
236
240
244
277
233
241
215
206
88
210
273
211
221
297
99
189
227
238
251
253
260
264
275
199
175
191
255
262
288
216
202
299
212
172
209
198
218
263
242
256
268
280
294
246
270
296
208
103
220
259
219
234
286
290
232
284
243
283
295
298
214
194
248
226
156
173
200
224
258
282
176
266
292
207
230
249
278
7
44
151
289
134
167
229
237
228
250
279
231
276
281
239
269
287
274
257
272
0
6
67
235
247
254
261
265
291
