3
38
9
10
41
11
5
1
89
43
19
4
145
44
17
0
108
12
98
46
148
40
90
18
23
28
69
74
39
184
67
2
68
53
185
127
76
147
97
177
47
149
115
128
126
78
45
109
110
31
16
146
49
13
99
139
15
189
92
111
112
104
107
25
130
79
159
167
75
57
144
82
137
56
172
8
196
70
124
200
81
168
106
176
103
100
14
24
142
154
42
6
198
94
72
116
102
138
194
48
191
199
162
152
101
80
21
160
77
83
7
186
153
91
156
96
163
20
105
26
22
27
37
197
61
132
54
117
113
171
73
85
51
114
181
119
170
173
155
33
66
29
84
183
174
165
60
180
122
34
143
150
58
141
131
32
59
118
164
120
193
157
179
151
161
86
36
195
129
65
140
125
188
95
190
93
55
35
192
63
134
178
121
169
175
182
88
166
187
136
87
135
62
123
133
30
64
52
158
50
71
