6
5
10
122
4
37
38
43
44
15
40
12
7
66
11
0
68
108
65
71
13
3
36
124
136
48
163
14
8
115
86
179
117
35
46
85
25
133
2
76
87
127
126
99
69
27
22
73
49
202
67
90
41
88
50
24
100
72
45
186
169
139
74
21
147
109
134
16
160
154
196
170
75
26
58
42
193
194
101
111
63
17
198
167
112
81
113
158
19
189
103
116
119
130
18
51
140
52
172
187
148
204
107
77
190
62
138
142
151
141
128
191
56
200
84
125
145
97
93
144
192
1
181
146
89
150
157
143
79
149
176
102
91
195
137
121
34
152
64
197
131
135
92
47
114
70
178
159
61
165
132
82
171
174
188
23
54
20
123
60
177
118
175
201
208
206
59
183
129
162
106
156
29
80
161
173
30
55
57
39
83
120
31
155
164
105
95
168
94
199
184
180
98
182
104
209
53
166
32
28
110
153
185
96
207
205
78
203
33
9
