9
2
75
128
14
4
12
102
159
101
72
130
8
54
187
15
13
6
52
53
58
91
11
21
51
17
62
108
19
114
153
50
3
100
92
18
129
180
7
65
186
170
1
73
28
107
161
147
188
171
78
122
77
74
5
24
121
158
94
93
29
23
160
10
20
195
31
192
106
59
142
61
135
55
146
103
84
81
104
105
67
85
95
118
96
36
154
79
80
76
26
177
115
116
22
60
132
134
174
117
48
37
39
167
41
190
203
43
33
45
143
34
16
86
42
46
169
207
111
69
165
109
71
173
140
89
191
126
57
148
139
149
112
197
198
199
136
185
70
156
120
68
99
137
150
151
213
202
144
90
204
82
152
145
184
124
87
131
189
56
97
157
113
194
183
228
209
138
164
224
211
83
63
47
66
176
155
193
64
25
182
220
133
49
110
201
172
208
163
141
196
125
181
214
168
98
38
222
32
221
27
225
227
219
205
212
88
200
166
206
179
162
216
119
35
40
30
217
44
223
123
175
178
229
226
215
210
127
218
0
