60
5
61
9
112
2
33
63
64
85
42
0
83
113
82
40
62
8
68
140
15
102
70
47
101
41
12
43
4
11
35
6
67
199
91
44
179
125
88
172
48
184
46
50
95
13
65
10
66
124
90
141
38
14
89
167
126
3
117
37
34
144
45
51
1
52
69
122
119
32
53
127
176
27
87
169
103
121
99
161
164
25
157
128
94
29
92
175
21
120
19
131
185
26
202
168
75
74
163
118
186
181
105
130
133
73
162
151
111
107
135
138
170
108
93
204
20
152
142
149
104
158
153
195
78
115
114
106
18
49
54
171
72
23
56
24
98
174
109
180
80
123
28
201
100
22
192
196
182
166
173
177
165
139
187
145
159
39
212
216
188
86
154
116
137
97
58
134
76
194
59
147
143
30
191
129
55
150
207
156
146
31
17
210
209
155
148
203
71
189
213
200
218
84
110
57
215
193
132
198
190
36
183
96
7
77
79
16
211
136
81
178
206
205
219
160
197
208
214
217
