142
8
2
16
4
10
15
22
87
135
6
118
58
19
57
89
26
3
143
13
17
28
21
27
30
1
168
5
60
69
70
97
88
165
24
121
108
99
31
9
18
185
109
102
95
64
175
120
110
122
39
137
35
14
199
149
119
169
82
59
63
204
178
166
91
72
160
144
207
114
115
29
147
186
65
196
150
74
161
52
214
48
126
167
129
156
86
37
180
124
34
66
43
153
157
158
11
189
176
217
68
127
131
12
80
139
148
50
84
85
151
73
112
134
123
20
54
174
195
71
38
92
33
125
188
53
159
101
100
40
41
229
78
130
32
45
23
103
128
44
133
93
47
56
51
132
36
77
192
141
221
90
173
67
182
105
172
211
216
190
162
117
61
179
209
104
233
237
187
76
152
113
116
194
146
136
164
203
98
140
79
212
198
96
62
111
81
191
230
239
193
226
183
181
83
94
215
202
219
225
145
170
206
205
163
208
75
177
210
138
171
106
155
184
200
107
49
46
55
25
234
236
235
238
154
213
224
201
218
231
232
42
197
220
222
223
227
228
7
0
