64
19
97
84
143
67
27
68
14
24
49
52
50
25
10
46
96
147
114
13
181
48
109
85
78
131
107
173
20
18
54
86
95
139
16
136
69
177
34
100
130
163
79
29
26
110
21
165
53
187
30
120
32
132
137
22
76
166
116
108
149
99
176
51
159
65
88
1
104
31
94
172
192
126
152
162
106
141
195
5
174
185
105
170
142
35
33
71
39
169
161
146
73
129
122
36
37
112
11
119
80
167
28
148
77
200
134
196
82
56
66
111
144
40
115
81
229
223
175
151
128
154
208
123
133
135
140
184
70
145
90
58
98
74
101
212
197
183
164
62
61
87
91
43
92
102
168
153
155
180
124
42
63
23
75
38
15
55
150
118
41
17
178
243
117
125
59
72
89
127
57
158
12
160
221
204
207
189
198
203
201
239
205
211
242
188
199
193
217
194
186
219
210
191
215
209
214
216
224
202
222
156
228
296
227
138
231
234
284
240
190
179
246
262
319
327
416
432
471
495
241
311
382
391
399
444
339
254
287
344
487
517
525
539
237
374
479
282
294
157
390
531
236
270
408
448
503
554
303
366
463
278
335
256
258
274
323
337
368
376
384
395
404
410
426
436
499
506
519
533
556
558
546
272
315
346
354
378
489
297
299
511
513
103
220
206
440
352
424
455
233
400
252
261
268
269
286
333
364
365
372
447
451
477
485
493
494
515
361
321
434
481
313
428
528
285
301
326
342
343
351
439
486
501
93
398
502
293
362
388
453
248
250
264
305
307
356
393
442
450
465
473
535
543
289
459
497
521
260
276
277
309
334
373
380
381
406
407
414
415
438
462
530
537
244
245
302
325
422
461
523
317
318
389
545
44
358
238
232
350
423
431
469
478
516
553
121
401
402
331
386
412
483
491
541
550
341
524
446
310
430
509
171
249
257
263
267
271
288
292
308
314
316
320
324
349
375
379
383
387
394
405
419
421
464
472
476
492
496
514
527
532
557
218
225
235
213
359
266
280
291
370
420
467
329
548
397
526
552
253
470
504
113
230
182
226
251
273
275
290
300
306
322
328
332
336
353
355
357
363
369
377
385
396
413
425
429
435
452
456
466
468
474
480
488
490
498
500
505
520
536
547
555
281
340
457
45
508
348
418
454
475
538
247
255
279
312
330
360
367
409
417
433
522
529
542
298
304
345
411
484
510
544
443
445
259
265
347
371
392
437
441
449
458
460
482
512
518
540
551
559
338
534
549
295
403
427
507
283
9
60
8
3
83
0
2
4
6
7
47
