50
7
52
75
56
151
53
89
9
58
78
55
51
90
140
139
5
3
62
14
100
4
1
91
11
16
20
103
12
10
138
101
92
6
13
15
18
21
26
54
59
141
60
198
57
19
93
152
38
132
154
157
105
80
128
28
175
153
156
22
30
23
182
193
82
177
155
29
181
113
147
42
63
106
108
107
35
17
64
79
161
37
8
76
39
131
61
163
102
25
27
130
195
32
2
33
192
183
31
110
24
186
34
46
190
44
45
43
41
189
116
171
165
112
142
115
109
71
67
119
69
174
144
104
172
127
121
96
97
162
68
136
98
65
129
187
83
178
145
125
77
117
180
166
73
170
188
199
150
184
134
137
126
159
70
176
196
191
86
167
164
194
99
197
87
179
66
94
72
143
173
49
81
149
160
146
48
111
168
118
88
84
200
123
135
85
124
133
120
95
169
0
40
47
36
114
185
122
158
148
74
