12
14
134
42
82
18
68
83
45
17
103
140
41
86
84
21
15
10
2
51
114
155
8
158
99
58
94
104
102
142
19
46
131
69
159
43
145
148
52
105
121
55
80
23
117
90
143
85
116
56
92
175
110
146
13
61
176
144
129
5
106
50
197
181
133
73
172
128
44
70
186
98
71
174
91
182
72
59
122
101
109
64
115
95
130
100
183
120
141
165
190
180
66
127
202
194
39
177
35
7
187
75
124
81
26
54
29
31
74
192
22
200
166
28
20
113
53
89
151
156
126
173
149
167
34
123
152
88
168
37
108
188
112
163
49
57
25
125
87
118
135
65
4
153
27
62
77
204
193
164
147
161
30
67
97
157
24
47
32
111
119
93
3
60
160
96
78
170
107
79
198
171
184
179
185
76
209
217
196
191
169
207
189
201
137
132
208
214
138
222
136
211
33
63
203
213
359
206
241
289
16
225
249
266
367
210
216
257
304
312
319
327
235
293
306
308
323
337
353
355
212
218
343
154
237
369
233
281
335
351
247
248
256
261
287
288
317
334
48
150
220
341
273
283
231
232
311
318
375
267
285
295
38
229
243
245
253
314
339
345
363
371
378
263
224
259
272
279
365
374
227
251
275
277
300
264
302
303
349
376
234
250
252
260
278
286
292
307
320
324
328
330
332
338
370
372
377
223
239
240
255
195
310
215
298
296
205
280
342
262
270
271
36
291
321
331
347
199
326
357
358
221
219
329
315
333
162
265
226
230
238
242
254
276
284
294
297
299
305
322
336
344
348
352
368
269
350
373
361
366
258
313
316
356
362
178
325
236
282
301
354
364
379
139
274
346
228
244
246
268
360
290
309
340
11
0
1
6
9
40
