84
26
162
81
113
13
160
186
15
114
139
117
68
88
83
25
223
140
82
185
217
179
118
71
3
79
115
1
20
17
14
8
16
112
116
80
24
243
232
85
87
40
99
268
127
34
128
97
241
105
70
183
134
41
59
92
142
135
32
21
67
28
224
216
45
269
75
30
141
138
244
195
229
149
191
144
4
103
231
161
228
148
23
78
164
73
29
36
184
163
281
257
192
238
171
50
250
91
143
239
190
123
287
218
108
48
62
74
168
202
285
150
173
145
31
18
234
159
170
158
242
309
176
310
254
227
100
211
181
120
174
19
12
66
188
109
98
225
189
320
90
146
35
277
207
213
249
187
204
107
267
221
193
52
226
61
292
274
236
153
94
240
151
219
46
152
212
256
291
121
57
194
27
169
47
248
175
235
166
154
69
230
261
247
279
215
106
233
303
101
22
124
210
289
271
198
76
273
37
51
172
203
132
177
38
95
49
129
60
270
5
130
122
86
133
337
111
147
55
44
197
53
272
65
89
199
307
119
165
64
104
63
96
237
180
214
54
93
155
39
266
6
178
58
167
110
201
209
196
125
200
157
33
205
206
42
102
208
77
43
265
222
354
255
220
258
264
295
313
366
316
259
305
284
344
314
282
383
319
302
333
336
359
136
346
299
352
286
306
182
339
364
330
373
245
260
252
384
276
375
296
318
345
294
262
293
298
301
365
283
325
376
317
357
329
369
304
380
315
322
297
246
349
126
253
331
72
312
379
347
362
275
374
327
381
334
324
263
311
280
351
377
328
156
335
300
350
338
370
278
131
341
251
393
395
405
290
387
392
399
400
402
406
407
409
411
416
417
378
360
367
348
323
382
340
413
137
356
321
343
353
326
288
342
308
386
390
391
403
404
410
332
371
394
358
368
363
372
355
385
389
396
397
398
361
388
401
408
412
414
415
418
56
7
2
11
10
0
9
