20
104
122
3
77
12
58
14
62
13
4
8
23
64
212
196
140
56
57
65
141
11
1
106
19
9
17
21
198
63
83
10
283
5
26
59
103
211
109
61
126
255
78
221
55
258
125
110
282
105
22
128
38
231
270
213
281
177
30
185
238
15
27
134
197
288
31
37
18
294
179
203
268
2
113
146
275
300
67
33
48
44
130
47
149
182
132
155
24
286
285
269
151
131
229
189
168
249
25
107
115
139
254
180
295
7
60
159
99
210
93
121
202
68
152
87
273
296
188
263
88
184
271
214
232
248
222
244
218
191
124
309
153
150
75
276
261
117
34
193
297
175
299
200
195
186
162
278
90
266
154
32
46
284
36
253
250
156
241
306
43
143
267
51
92
164
133
148
42
66
95
173
50
260
123
313
293
112
111
183
69
194
142
53
230
217
39
163
0
16
160
147
6
119
176
239
76
303
108
94
247
302
97
311
79
127
85
290
279
118
135
223
243
80
178
301
307
240
262
272
91
257
86
259
308
265
199
289
165
181
100
287
235
81
137
169
236
316
228
252
280
226
225
256
208
216
291
227
209
82
220
73
167
138
192
74
319
96
158
277
245
215
264
129
166
101
45
114
102
49
144
206
71
312
116
207
52
98
190
251
224
242
145
157
234
298
204
205
201
89
187
120
310
246
274
233
161
292
304
314
317
70
305
315
318
35
28
72
29
40
171
54
84
172
219
136
174
170
41
237
