39
8
115
7
74
107
76
40
43
72
80
50
49
12
5
14
151
152
73
13
10
46
117
118
3
6
44
154
143
146
11
17
16
122
82
108
121
159
45
125
77
235
201
15
42
185
21
24
204
246
238
241
136
248
26
200
208
92
242
199
225
119
112
220
55
221
147
18
31
239
1
20
195
215
212
97
123
79
174
166
155
245
25
168
182
48
110
183
170
85
191
249
54
23
236
126
131
214
192
172
231
63
47
59
104
98
165
164
93
232
243
134
100
129
223
211
28
205
219
61
173
0
135
184
89
90
94
132
116
139
124
95
113
102
88
229
106
140
133
114
75
84
138
127
128
101
105
78
56
103
120
37
196
41
58
83
91
60
81
86
137
141
32
96
175
194
202
210
169
176
207
226
64
109
222
148
187
230
203
38
237
71
163
217
233
177
186
197
53
158
160
228
144
145
9
206
142
171
30
240
52
153
70
209
27
162
189
157
19
190
62
111
234
218
179
161
244
193
227
188
22
57
68
67
180
65
149
156
150
33
66
35
36
181
247
87
178
167
34
130
198
99
216
213
224
51
2
4
29
69
