48
33
143
6
10
66
75
100
50
115
44
3
4
38
122
46
47
93
78
92
118
65
21
177
120
119
175
25
11
34
132
123
23
79
133
30
195
159
160
101
32
31
148
76
19
102
69
137
140
141
24
169
18
126
206
82
88
103
49
41
176
114
72
105
80
109
127
40
85
70
59
77
2
52
29
27
189
243
166
125
5
12
84
167
57
90
7
207
183
163
124
14
13
20
172
39
45
146
0
9
83
245
26
145
135
74
204
55
107
35
142
121
37
244
138
43
36
130
86
67
129
131
28
248
22
232
168
58
179
53
191
213
54
192
178
64
158
62
238
68
56
171
240
188
97
223
217
184
222
182
211
108
155
8
174
63
194
236
112
170
210
218
147
219
202
61
51
149
235
71
224
110
17
190
98
99
201
144
139
128
199
154
198
185
233
241
134
214
180
209
215
181
106
246
216
186
157
208
226
229
231
249
116
205
117
104
239
94
161
152
156
81
15
89
91
225
87
95
151
16
193
237
212
150
234
228
162
113
164
230
96
247
200
220
197
187
221
173
111
165
153
196
203
242
42
1
60
73
136
227
