20
14
3
13
11
15
10
67
9
19
17
6
18
84
0
5
86
69
16
66
21
85
1
22
7
68
105
166
70
2
28
23
89
12
143
152
177
224
30
138
153
27
192
154
87
167
35
196
4
151
133
24
231
108
33
31
36
194
245
106
202
76
227
34
130
42
25
248
178
29
236
37
26
182
214
71
107
104
91
141
233
195
32
197
175
90
110
249
247
74
111
169
198
112
117
73
131
96
97
134
180
40
159
115
225
88
176
204
213
203
139
140
183
95
190
168
200
121
75
240
157
185
98
103
239
179
242
149
174
243
94
39
49
50
82
136
191
193
145
230
188
120
122
216
244
48
205
64
72
164
125
41
77
44
124
102
58
246
116
189
93
226
99
83
118
222
54
186
113
165
137
215
128
212
219
63
59
146
144
80
235
208
170
52
241
228
38
43
92
156
201
132
135
109
234
62
237
57
232
79
162
218
155
163
207
217
173
158
221
199
160
61
78
223
147
126
81
171
209
142
229
148
187
46
65
181
51
210
123
150
45
211
172
129
114
101
53
55
206
60
238
100
56
161
220
119
184
127
47
8
