3
16
104
20
15
18
2
83
49
25
17
7
132
28
86
52
127
30
69
0
103
196
22
21
4
14
126
75
106
50
51
91
164
8
84
139
141
180
61
9
157
119
6
27
19
143
107
29
176
133
134
147
131
47
108
195
160
89
54
154
87
183
170
1
118
124
73
189
105
163
140
112
71
109
80
46
76
5
12
110
56
113
34
62
161
121
44
111
115
125
123
43
77
117
122
53
79
114
194
72
155
144
57
78
186
156
60
165
45
99
190
181
198
33
171
93
138
66
98
151
65
97
149
36
199
38
81
187
179
82
177
26
174
68
153
11
70
42
63
184
96
37
159
35
145
136
192
94
182
167
162
100
128
41
152
55
178
137
74
101
58
150
193
191
90
85
197
102
32
172
129
188
92
175
148
64
116
24
168
95
166
173
169
59
120
10
23
67
48
31
39
142
158
185
40
135
88
13
130
146
