14
0
13
17
15
1
21
18
24
20
101
3
99
16
19
5
23
163
22
27
100
29
38
135
102
98
2
30
26
103
11
10
44
25
137
200
150
107
6
108
182
139
31
28
37
104
143
165
39
57
43
8
136
218
45
58
36
190
171
166
40
53
164
54
32
55
209
47
141
34
9
76
241
7
42
170
4
114
175
35
110
49
203
138
149
64
172
168
50
213
140
207
142
119
12
66
240
59
201
211
111
248
46
112
65
210
205
151
154
247
80
116
70
48
191
41
167
152
62
117
67
33
72
52
61
192
69
235
189
236
174
73
232
186
227
234
83
178
183
224
109
146
206
176
81
243
105
127
250
51
85
124
82
77
106
144
233
219
246
63
169
161
158
159
118
113
199
155
220
86
131
212
156
238
217
97
79
89
71
180
249
129
194
239
90
173
230
208
242
153
123
221
91
225
128
115
204
244
215
237
229
193
120
185
196
78
157
181
195
197
56
75
74
122
147
132
84
187
92
216
88
177
184
245
134
133
226
231
202
214
121
160
94
188
126
145
222
223
87
96
60
130
125
148
93
228
162
95
68
198
179
