13
21
58
193
3
11
1
7
55
76
107
12
4
72
10
75
74
109
8
14
47
154
105
170
44
60
108
77
59
2
43
223
110
90
157
5
73
114
111
20
156
42
45
17
89
146
18
159
41
26
151
135
34
243
95
186
178
241
190
210
238
22
61
81
63
115
35
177
28
16
168
32
19
57
113
195
136
163
150
97
30
48
23
56
225
24
64
197
38
160
189
215
118
117
245
161
9
131
206
166
145
149
176
182
121
33
25
129
132
128
217
130
31
127
27
140
179
80
139
216
86
37
29
15
171
138
40
0
143
142
134
116
6
65
226
106
100
85
247
49
199
221
67
155
96
198
122
91
53
212
93
211
83
173
222
191
244
183
219
248
153
46
213
71
125
69
82
126
102
162
185
165
88
181
147
62
188
164
66
123
237
184
124
94
79
207
70
233
101
227
167
240
172
200
201
187
203
235
239
236
148
175
249
36
174
242
214
104
54
84
78
103
99
39
87
209
220
50
232
152
133
194
192
229
246
234
158
231
137
180
92
218
205
52
119
98
51
112
208
202
228
144
141
204
230
68
196
224
120
169
