8
93
66
145
12
11
67
65
38
15
1
14
4
159
102
90
68
144
51
23
105
2
10
44
169
70
50
179
42
40
75
113
146
112
103
13
92
6
16
55
73
83
131
129
74
104
71
41
115
138
150
56
59
136
69
19
108
76
148
215
53
185
7
158
132
153
80
106
24
141
118
126
142
212
237
110
214
78
228
205
137
22
86
188
29
63
191
122
81
116
31
114
82
246
95
39
28
156
196
199
26
120
171
186
249
111
109
17
94
84
89
21
203
34
101
119
25
37
32
163
220
168
88
20
27
77
91
35
79
124
87
33
123
85
18
121
9
36
117
72
125
45
177
181
155
57
58
98
200
226
213
242
157
184
54
187
139
140
127
130
128
143
52
133
190
64
245
97
236
165
62
235
162
202
217
172
197
222
198
99
210
149
43
134
160
154
233
96
244
225
189
182
206
192
166
204
152
219
239
231
147
209
195
151
240
208
61
221
48
248
223
135
173
207
234
170
224
227
174
218
194
193
247
161
175
178
100
47
211
238
164
176
232
230
183
216
243
3
201
167
180
30
229
5
60
241
49
0
46
107
