42
81
2
9
3
67
154
130
40
85
33
80
38
62
12
82
39
10
11
73
151
13
43
79
83
7
0
176
41
65
145
212
19
111
108
133
153
165
4
18
64
105
225
44
17
146
222
226
163
156
66
171
206
23
192
45
114
249
32
59
16
34
46
14
102
137
48
47
27
152
21
245
28
170
112
86
24
84
132
69
117
147
8
1
185
22
144
190
247
236
209
20
141
208
49
109
63
26
118
233
234
121
119
99
50
134
56
248
162
93
116
186
115
157
87
89
229
197
96
211
68
53
125
149
124
78
97
128
224
126
193
103
246
113
91
101
127
129
95
120
104
107
94
98
51
88
25
90
92
122
106
123
169
191
239
194
199
75
142
242
181
237
150
15
195
240
205
155
228
77
167
158
30
139
31
188
184
203
58
29
189
143
71
232
221
235
138
37
140
204
231
177
36
166
161
207
244
215
214
72
210
213
35
178
201
220
182
74
227
241
200
174
175
159
179
223
136
76
172
164
196
55
180
216
131
218
52
230
57
61
187
238
168
202
148
160
173
135
198
6
243
70
110
100
54
219
60
183
217
5
