12
16
18
21
33
7
9
11
71
65
13
66
10
3
68
24
2
69
8
26
174
101
45
216
20
146
29
17
147
189
64
5
70
119
224
14
73
134
67
111
190
172
30
40
135
41
121
15
6
112
232
77
22
42
23
76
38
49
36
32
27
104
118
129
92
4
246
106
199
215
62
1
87
198
218
166
47
75
125
168
156
120
48
167
133
217
173
249
143
209
81
131
194
191
28
83
37
228
157
247
223
61
82
212
182
74
245
225
248
93
31
44
19
60
179
79
115
151
43
210
35
25
158
142
91
211
63
59
177
161
52
53
50
56
57
39
46
102
89
162
141
202
116
86
140
169
138
88
72
159
200
203
239
197
163
96
78
149
84
109
213
103
233
192
240
188
122
238
175
185
123
241
144
80
165
148
184
154
150
180
128
90
95
176
108
204
222
171
181
242
137
98
196
152
136
113
155
207
170
99
183
127
114
214
117
221
153
234
94
178
126
130
237
195
186
97
85
34
124
226
187
100
220
208
244
160
243
54
132
201
58
235
231
219
145
110
206
55
230
164
105
107
51
193
227
236
139
205
229
0
