193
104
181
12
2
194
134
71
196
8
163
63
80
7
4
87
5
25
27
61
142
20
141
62
23
126
122
88
138
18
35
81
111
14
105
293
19
28
259
123
271
10
91
145
136
120
278
135
185
217
144
106
276
183
267
40
291
182
48
83
39
16
1
201
42
117
245
211
286
49
146
334
103
22
238
168
65
41
140
109
314
266
342
92
155
240
121
151
343
15
241
9
59
34
265
337
114
29
345
232
179
58
212
89
279
85
292
348
206
347
11
332
312
346
52
174
86
333
99
66
44
284
167
307
197
214
180
153
72
275
147
82
159
320
242
316
310
3
349
154
30
317
50
200
139
202
225
148
338
56
57
171
165
189
210
298
21
33
344
137
207
110
17
26
113
326
258
205
161
160
273
323
128
43
156
321
158
199
37
36
75
47
79
176
73
130
237
208
216
341
68
32
84
162
152
143
38
150
24
45
54
157
227
60
0
329
256
253
255
289
222
297
243
268
125
229
112
96
77
108
173
282
302
263
107
93
191
327
305
239
213
94
270
330
336
304
133
224
226
254
262
308
251
218
335
166
339
257
288
324
340
90
192
318
119
313
283
116
272
274
67
78
74
311
325
228
170
244
129
277
215
295
322
186
101
169
187
233
264
285
248
219
223
64
118
236
250
260
178
294
301
300
70
231
309
319
331
76
172
175
269
303
328
102
235
220
246
115
198
249
252
280
97
98
100
127
188
247
287
296
306
190
204
221
6
13
31
46
51
53
55
69
95
124
131
132
149
164
177
184
195
203
209
230
234
261
281
290
299
315
