22
0
19
20
23
24
25
108
21
33
37
30
32
35
34
31
28
26
27
17
29
41
13
179
111
39
14
42
38
129
4
40
45
109
132
110
197
44
5
36
47
112
166
48
2
133
12
51
46
7
52
1
152
61
56
9
57
138
114
213
49
50
153
142
180
134
65
16
168
6
130
198
156
167
219
60
135
154
54
200
59
53
10
113
64
115
171
236
209
73
169
139
181
149
55
215
67
81
131
15
71
228
210
184
238
136
203
182
75
216
118
232
137
88
221
141
80
63
189
234
119
229
116
194
124
84
91
18
190
243
201
231
123
185
191
206
159
78
173
74
178
225
174
93
144
146
125
122
11
248
43
101
220
158
163
145
95
151
242
237
160
192
230
195
205
126
87
249
196
83
224
217
107
62
193
140
204
72
199
161
90
233
148
207
155
70
162
247
183
223
150
147
106
82
102
79
175
246
164
85
235
96
99
227
127
239
188
240
58
66
157
208
69
226
86
170
98
121
94
104
120
68
92
202
187
128
105
186
177
176
97
244
212
117
89
218
211
222
103
143
77
172
8
241
245
3
165
100
76
214
