324
290
10
370
280
442
294
180
116
261
30
83
29
38
191
162
314
154
217
77
222
54
378
89
298
367
48
172
219
201
9
344
321
431
70
53
262
131
91
148
72
429
146
178
424
49
173
337
441
398
127
186
243
45
61
295
65
159
74
297
244
69
235
152
263
32
84
341
134
189
7
3
373
51
102
133
39
20
218
93
95
111
161
139
163
19
269
312
394
202
12
1
387
204
145
279
438
309
206
60
247
213
427
265
356
184
372
13
388
256
292
78
223
194
310
76
347
296
252
391
88
401
193
246
31
403
137
326
42
97
26
125
86
234
238
135
275
406
142
239
240
288
392
439
352
8
304
68
6
182
114
228
101
85
196
436
315
396
428
187
40
417
35
185
190
215
272
360
149
385
374
260
416
253
211
169
264
165
17
322
408
400
14
415
156
112
0
92
293
355
402
330
143
62
79
87
128
305
245
158
259
336
160
183
320
257
28
377
107
177
318
166
410
52
23
317
267
300
329
289
99
449
447
425
340
446
75
371
434
73
119
100
226
44
94
205
46
132
41
90
230
338
232
67
350
413
231
130
176
108
104
283
274
353
323
105
357
250
376
308
227
82
200
299
440
126
212
117
364
214
144
432
151
307
255
18
334
157
343
220
168
71
393
412
113
155
358
50
362
55
379
242
303
33
25
138
422
207
16
435
420
153
110
284
433
167
276
444
345
291
285
15
195
2
120
63
332
381
248
229
389
404
129
437
419
325
24
81
96
175
423
335
236
4
366
399
365
282
395
43
27
198
147
36
181
254
233
411
359
390
208
11
258
287
115
21
333
241
361
331
197
221
106
445
414
192
273
170
397
271
34
188
121
164
302
348
225
224
140
237
56
383
375
266
270
22
328
386
313
98
363
380
430
421
368
369
66
109
286
203
171
57
342
141
443
80
174
249
349
306
136
123
339
407
382
5
216
327
277
210
124
426
405
122
268
448
346
150
37
351
118
409
418
354
179
319
64
316
301
251
209
384
311
103
199
47
58
278
59
281
