200
146
95
75
114
32
230
63
149
33
61
198
89
159
181
81
183
140
152
41
52
187
104
119
186
77
108
13
132
179
76
60
229
2
136
177
59
65
241
150
165
234
88
19
99
118
167
11
116
180
137
121
36
18
21
216
242
94
93
131
45
182
166
164
15
58
212
217
68
54
161
227
135
192
91
147
225
28
196
85
103
113
6
40
154
73
174
87
67
16
141
134
184
46
222
92
236
199
7
129
233
66
201
223
125
37
51
64
169
96
1
235
56
42
101
123
9
220
138
158
29
83
53
171
22
69
246
209
144
128
178
79
228
27
172
122
107
244
106
208
102
142
98
72
25
213
221
55
207
162
232
163
17
243
175
237
24
4
210
189
249
155
185
160
38
205
151
49
100
78
214
204
110
97
247
80
86
248
112
124
139
240
115
202
39
14
226
35
47
120
173
195
206
8
70
188
12
170
82
44
26
197
238
0
194
157
231
130
126
62
109
127
71
211
176
23
153
3
84
133
48
193
245
168
145
105
219
30
218
148
74
239
143
5
203
31
90
111
190
117
34
224
43
215
50
191
57
156
10
20
