118
55
100
8
150
200
189
147
38
128
45
132
67
210
27
78
109
172
33
51
144
123
61
88
53
166
229
46
85
94
114
14
165
70
162
220
188
39
226
249
12
20
58
43
60
90
110
224
223
134
130
28
95
213
236
117
41
96
81
179
148
230
44
34
63
170
215
48
152
193
64
195
137
69
160
198
49
75
62
80
122
93
196
201
178
74
91
57
103
237
124
107
79
211
221
65
26
242
36
68
22
87
146
218
66
232
190
10
25
59
113
4
21
176
154
54
233
158
72
145
7
168
106
71
239
240
32
56
161
40
139
6
5
126
131
111
173
129
135
141
149
1
102
214
13
47
24
163
98
142
151
29
207
104
101
183
120
209
171
159
2
202
99
42
157
15
203
244
164
235
52
186
119
243
143
231
89
37
204
115
105
23
0
234
77
140
125
156
182
208
73
83
17
35
138
199
184
169
177
155
92
9
192
181
50
180
246
3
127
97
108
18
205
19
191
216
212
86
185
175
241
82
197
16
228
217
116
227
247
136
222
11
167
112
238
31
153
30
84
194
206
245
121
219
248
225
174
187
76
133
