139
176
47
62
229
83
86
24
72
78
155
221
118
115
64
32
161
80
181
101
96
227
143
46
49
85
109
67
92
169
142
222
12
88
126
177
69
165
35
192
36
43
91
79
94
117
137
20
116
39
37
45
65
81
60
160
247
99
54
232
15
44
219
148
38
63
173
188
41
56
13
243
28
216
228
66
8
235
208
68
10
70
82
27
103
218
209
200
158
204
170
97
212
23
26
53
195
55
136
5
178
121
156
90
187
112
9
149
199
185
152
135
110
11
120
71
51
166
193
4
133
17
125
0
163
31
215
203
201
16
21
246
249
40
2
153
197
19
74
194
182
76
147
151
58
129
206
164
34
122
123
190
107
25
138
244
75
223
95
100
50
239
84
7
87
236
127
145
184
205
168
144
77
237
162
183
211
61
124
214
179
141
245
150
132
189
146
154
119
42
167
22
104
172
174
30
89
48
240
224
238
131
93
106
134
175
225
234
102
198
57
29
130
18
114
248
113
171
213
59
157
159
241
220
191
231
6
210
111
128
14
233
3
108
226
186
33
217
196
180
73
105
207
98
230
1
140
202
52
242
