70
104
120
41
86
5
198
131
191
190
106
170
16
153
12
79
52
180
2
115
60
227
236
57
56
59
192
123
185
126
69
11
210
44
171
74
196
220
160
8
213
13
85
100
40
75
182
217
24
73
136
39
203
138
50
117
231
200
226
55
156
97
45
113
157
76
91
37
18
119
9
19
172
205
112
28
127
188
154
63
96
105
177
46
65
22
80
139
202
48
110
161
186
62
23
93
140
42
6
114
53
36
32
142
150
197
3
1
206
107
216
229
30
118
225
130
78
230
122
168
167
173
14
92
124
51
34
103
43
87
21
26
159
102
199
17
155
135
29
35
241
242
7
116
158
89
181
20
66
111
81
90
25
133
187
221
38
174
152
169
98
88
193
128
175
99
31
64
27
162
68
95
58
178
212
146
141
184
183
189
238
129
195
228
143
215
223
109
218
149
194
33
71
163
77
144
4
61
84
82
54
83
137
233
248
72
179
132
10
148
108
234
165
164
94
67
0
209
214
232
219
237
204
224
244
247
121
145
211
240
134
166
49
47
249
15
239
147
243
151
222
101
207
208
235
176
125
201
245
246
