143
82
149
43
135
11
200
70
85
127
171
212
164
35
4
195
55
67
100
188
116
108
131
184
117
110
136
178
59
233
121
211
57
106
165
183
180
140
89
37
19
72
73
157
56
1
2
34
133
75
158
185
145
242
68
230
29
112
139
96
71
81
79
113
32
129
91
109
40
54
97
123
62
115
187
83
20
12
170
15
201
44
155
10
87
21
160
39
84
210
51
46
198
209
130
151
236
64
25
24
76
94
61
141
42
50
177
215
99
22
240
249
174
69
197
169
120
114
86
5
152
167
0
103
175
66
148
30
6
243
161
13
176
237
80
202
33
38
144
154
8
168
226
90
102
248
192
27
47
45
16
234
118
137
49
232
229
222
182
53
92
153
26
7
18
225
162
189
146
93
138
246
60
105
172
193
147
166
98
203
134
221
245
104
142
9
216
132
17
223
3
111
219
107
156
78
63
58
14
163
238
224
194
95
23
199
207
52
214
191
231
241
186
217
179
101
74
220
77
218
244
190
196
28
150
181
119
88
205
227
247
122
159
173
41
128
213
228
206
48
36
125
124
204
208
65
126
31
235
239
