34
77
99
7
2
234
219
85
342
262
173
94
208
131
328
60
417
113
240
5
72
39
180
337
112
23
205
179
110
26
167
206
253
193
322
256
22
104
4
44
231
90
243
273
109
97
282
63
119
350
247
12
305
82
53
164
166
69
302
130
311
214
75
204
140
376
80
242
210
361
200
172
222
244
41
19
366
246
181
100
267
159
365
373
332
59
194
295
105
35
212
141
236
139
195
293
158
111
11
232
303
84
290
51
31
25
18
92
142
382
388
132
107
364
13
228
225
216
6
160
392
134
124
410
401
436
233
251
24
153
356
263
73
121
396
211
278
287
147
306
307
185
374
220
333
209
163
187
252
309
150
294
358
291
188
120
56
285
397
129
334
261
64
347
346
138
16
189
280
38
217
274
74
9
66
284
336
357
439
65
165
95
320
275
171
238
317
156
43
277
340
3
241
286
367
15
352
196
157
178
154
319
381
197
393
288
313
326
406
32
345
123
423
91
30
218
258
148
37
351
268
314
390
270
360
202
404
276
177
14
79
151
419
55
375
372
52
344
162
354
183
122
292
422
338
89
184
383
223
67
115
143
101
49
355
146
176
175
254
264
405
394
279
87
98
116
387
88
145
412
213
207
42
318
71
152
442
126
215
81
221
57
445
434
10
191
329
0
198
182
54
149
400
161
403
28
127
271
237
402
380
429
78
379
416
114
343
335
239
415
86
325
259
250
199
93
257
316
40
133
96
384
155
389
315
407
249
272
125
427
301
260
45
409
299
443
235
203
413
108
348
269
362
170
432
377
106
168
248
8
226
20
363
70
321
353
36
46
327
371
102
224
21
431
300
50
201
331
420
117
137
192
1
62
435
369
135
266
378
296
395
136
281
83
229
433
186
33
297
421
298
174
446
128
68
448
312
324
27
58
428
386
330
414
411
283
391
227
48
230
430
425
426
118
440
265
29
289
398
441
349
103
341
418
61
144
169
359
47
255
76
424
370
447
399
437
17
310
323
190
438
245
408
304
308
339
368
385
444
