35
21
53
0
90
120
163
34
68
91
74
13
2
84
61
126
5
96
116
99
48
8
130
25
139
152
47
88
36
30
32
87
59
136
57
189
159
142
20
1
161
9
83
51
160
106
37
97
98
23
31
40
110
193
174
115
55
77
114
78
140
64
164
94
143
132
69
127
151
24
178
166
10
76
112
44
124
125
108
167
73
52
102
60
86
62
128
150
169
156
72
173
188
95
15
89
147
141
195
50
118
119
111
186
121
63
171
41
11
172
67
93
71
39
190
146
29
192
28
33
79
85
144
58
26
45
196
138
176
46
170
14
3
180
184
117
17
107
175
54
187
22
129
131
19
154
197
168
134
135
155
148
104
27
75
177
43
18
109
113
100
183
12
137
103
65
105
101
165
81
4
122
162
80
182
179
82
149
133
70
181
194
16
7
92
123
198
191
66
38
49
145
153
185
6
42
56
157
158
199
