58
21
73
105
231
143
110
330
351
94
90
78
46
235
4
11
5
348
266
52
7
304
40
171
261
242
196
35
180
43
211
71
79
154
1
128
248
34
150
87
267
337
118
59
125
64
165
353
193
44
377
197
81
238
8
69
172
314
28
91
332
113
16
39
249
0
311
75
364
120
184
323
259
218
328
173
98
303
176
292
25
67
70
161
139
258
97
257
224
3
116
355
212
126
109
80
155
214
33
6
195
312
346
339
96
187
282
37
250
131
123
156
114
279
20
124
168
222
137
317
13
216
227
57
389
122
2
307
48
376
115
142
179
370
55
77
270
221
375
335
191
101
344
63
174
106
23
147
309
201
254
50
74
178
121
386
149
182
340
200
296
164
158
209
357
146
175
170
27
286
188
305
299
229
61
163
228
160
341
381
102
56
17
32
215
273
140
263
334
65
280
9
134
272
326
336
186
308
260
253
233
320
194
138
76
22
129
208
220
362
255
241
189
373
26
183
338
169
111
297
93
236
100
398
83
264
327
281
265
54
162
245
29
192
31
301
269
322
374
60
89
347
240
289
153
284
384
223
234
42
213
92
204
243
144
133
10
342
136
210
244
352
293
99
207
219
15
391
237
24
361
232
51
368
295
354
18
12
159
132
345
181
85
252
367
262
390
152
206
36
95
225
45
185
145
247
107
392
130
141
343
256
135
217
393
49
396
82
30
302
226
365
288
385
148
271
285
108
68
62
274
19
119
395
300
277
287
198
387
84
349
104
383
239
331
199
371
358
378
382
350
319
372
291
203
380
369
41
88
329
359
325
306
324
294
283
38
205
157
202
251
230
316
366
276
278
86
290
318
72
112
333
66
394
315
177
246
275
363
310
117
151
190
127
14
53
321
47
399
360
388
103
166
167
268
298
313
356
379
397
