65
267
11
141
167
130
429
446
212
306
24
117
184
201
189
64
265
97
365
427
179
151
63
89
221
396
348
195
230
126
53
75
441
155
406
370
294
258
90
22
185
220
45
248
193
26
176
432
252
369
4
298
223
314
139
364
233
109
358
5
386
134
104
180
165
411
204
162
68
14
203
434
371
217
300
415
163
351
21
150
347
414
405
304
186
356
86
99
343
464
225
330
33
13
478
238
123
170
375
255
268
296
211
313
303
46
216
197
47
85
249
392
271
146
452
79
459
51
289
322
241
261
477
156
339
301
215
28
187
412
194
137
147
353
367
431
56
69
436
498
149
36
124
490
3
214
158
131
111
274
108
473
310
428
368
420
283
346
7
413
226
101
251
132
326
287
362
281
307
448
263
175
315
474
469
44
9
8
385
235
54
440
49
205
462
173
480
55
188
35
106
138
439
161
278
334
181
37
463
15
240
16
338
32
237
318
48
100
83
366
408
142
266
42
321
468
243
336
94
118
102
38
70
110
88
299
342
208
199
488
152
114
484
493
401
395
417
309
264
61
467
168
319
80
120
292
483
116
262
389
323
125
357
337
329
479
73
231
43
171
476
324
387
269
98
402
39
425
430
31
127
82
433
34
128
457
331
295
384
174
229
84
254
495
62
103
270
344
228
2
426
67
135
311
277
222
169
317
0
280
20
96
234
112
191
349
308
444
485
333
41
449
154
178
232
10
166
159
494
273
60
105
259
244
81
489
454
492
360
422
455
50
350
219
145
391
245
359
209
341
77
164
416
332
224
312
148
410
76
499
486
276
409
172
210
377
297
316
451
207
136
93
87
40
133
305
382
475
23
256
66
291
400
438
213
196
445
374
177
107
279
30
1
260
91
423
363
239
286
57
157
453
250
6
115
12
284
95
435
373
52
290
140
29
282
421
383
456
458
380
372
247
122
275
320
288
58
470
293
78
18
437
74
285
302
487
144
183
465
381
379
200
450
393
491
190
376
246
257
345
218
198
272
92
119
19
227
481
202
327
482
399
442
160
404
390
129
443
361
253
418
236
72
143
121
407
424
113
242
71
25
497
352
419
397
355
472
27
447
394
466
461
471
17
403
59
398
192
182
460
335
328
378
388
206
354
153
340
325
496
