157
230
167
222
89
64
7
16
11
139
53
85
14
9
131
81
33
32
190
44
240
59
37
177
41
112
133
176
24
0
13
67
43
158
156
76
1
145
129
78
191
231
152
31
62
234
205
193
66
86
150
96
226
36
40
206
124
92
114
54
210
125
28
17
198
163
39
143
144
57
185
207
70
60
148
122
45
162
30
74
71
188
164
113
180
201
100
10
174
132
135
84
219
195
217
75
213
8
34
4
136
38
79
239
228
80
73
82
97
208
194
107
170
237
168
154
216
204
15
94
142
169
120
106
224
93
116
215
26
130
155
87
153
233
137
248
77
243
56
172
196
91
63
235
104
212
27
119
175
146
241
20
19
221
126
69
192
115
99
211
83
6
3
187
105
134
140
138
98
47
151
88
165
22
218
118
25
110
49
65
46
42
149
161
51
202
147
109
2
189
160
101
103
141
35
128
23
225
55
238
242
108
227
209
203
68
102
182
159
200
21
48
232
29
181
61
121
111
5
72
249
52
117
245
50
186
173
247
244
214
178
171
12
58
197
90
199
229
184
223
166
220
18
179
183
95
127
123
236
246
