62
425
53
103
129
319
284
379
189
48
116
140
17
131
278
222
351
260
380
38
199
133
280
15
110
2
467
163
18
396
390
354
293
141
204
430
357
367
41
290
389
35
73
10
170
175
9
225
411
329
172
416
207
58
283
275
219
233
226
282
291
237
122
118
88
112
370
407
325
494
148
143
352
108
80
302
49
153
264
125
149
267
179
296
393
104
139
435
360
465
220
263
321
135
250
150
185
31
394
428
310
235
448
42
327
56
132
160
144
240
78
471
191
248
312
476
328
100
146
187
54
221
114
285
298
75
117
326
369
350
299
84
57
249
261
256
167
105
52
331
307
22
337
21
19
403
37
186
429
242
44
171
94
426
77
46
111
364
332
362
202
14
107
470
40
289
397
8
276
70
246
482
486
322
378
155
11
318
102
473
320
387
245
259
288
334
176
478
270
169
262
232
356
201
241
99
147
190
269
30
344
412
158
26
410
203
95
90
409
34
60
495
446
366
456
188
295
145
400
445
142
258
395
138
137
212
239
491
406
159
194
152
313
7
39
16
86
427
1
28
315
485
402
375
306
209
268
462
292
109
33
79
483
165
281
183
168
61
198
475
55
398
417
97
0
50
376
83
25
231
128
154
227
265
422
477
64
382
423
6
87
130
173
211
439
76
156
126
347
195
81
20
373
492
216
488
461
308
229
193
480
228
346
115
166
217
371
392
68
106
180
388
238
164
484
71
343
452
279
93
384
273
254
454
479
124
218
157
345
433
338
161
372
224
134
490
247
444
96
67
368
65
386
472
317
453
184
499
353
252
333
414
63
43
182
5
4
181
458
47
59
309
23
466
177
91
341
415
451
274
119
286
208
432
314
441
121
487
69
210
215
253
349
457
498
489
436
51
335
255
12
287
365
36
464
32
391
474
401
127
29
214
339
13
113
468
359
374
98
257
178
437
496
348
311
405
230
434
213
234
82
101
3
223
236
413
72
151
85
447
363
24
340
27
277
420
174
421
304
440
449
294
266
136
197
424
89
324
301
192
399
450
244
442
358
493
383
355
443
45
300
431
316
297
455
330
463
123
272
92
74
497
243
200
418
385
323
404
459
377
120
206
419
303
361
251
162
336
408
460
66
196
305
381
205
481
271
342
438
469
