0
352
578
233
227
486
126
309
5
384
236
193
110
55
217
490
461
148
33
459
67
273
267
606
618
585
285
365
118
405
569
146
503
274
338
17
535
57
99
321
508
324
635
149
8
153
572
34
250
532
401
471
190
444
129
181
123
90
171
351
125
135
229
529
259
622
102
218
51
426
40
20
237
290
517
266
161
104
586
518
299
286
460
156
421
468
230
96
411
98
78
216
325
270
288
712
143
442
386
50
82
611
455
201
677
631
434
168
507
349
185
70
355
52
145
204
132
647
18
239
140
477
357
404
38
530
241
244
173
196
164
246
423
323
197
116
80
612
427
601
356
469
46
538
28
350
545
373
223
412
297
272
383
536
296
177
294
36
163
454
268
178
652
26
139
138
540
306
308
318
602
32
72
437
319
388
195
95
43
573
228
628
73
209
59
120
14
291
693
141
466
69
678
81
513
152
552
134
340
136
542
479
397
85
347
255
16
142
571
390
409
194
224
167
724
258
293
638
608
482
398
548
106
176
1
566
731
174
500
29
568
505
303
661
94
446
220
686
625
449
496
251
489
640
172
202
413
160
539
15
158
476
391
521
698
114
458
188
254
478
523
187
473
247
56
583
577
445
157
281
650
462
546
648
363
88
4
45
205
238
112
416
406
219
501
71
595
407
657
105
550
282
63
565
576
316
12
47
27
370
287
198
53
581
345
79
48
429
743
279
420
467
58
119
402
621
369
25
537
87
354
330
331
378
249
44
681
367
475
39
147
21
170
626
276
464
111
527
453
636
424
419
207
263
619
361
623
332
684
703
2
632
570
494
77
544
592
362
483
430
660
208
212
679
179
551
531
480
432
428
433
528
9
574
84
439
376
131
130
708
234
101
305
379
387
414
526
688
137
481
484
555
723
92
260
653
457
594
317
165
463
342
60
65
307
339
699
122
359
127
200
155
451
683
206
117
504
213
261
400
257
587
183
443
615
629
89
133
598
674
533
280
74
676
637
691
700
278
403
603
166
667
37
35
415
107
600
534
745
371
399
549
584
225
6
115
524
256
315
488
271
666
663
13
253
697
493
687
335
662
645
491
499
614
348
382
103
93
199
604
252
651
75
154
519
360
336
717
649
275
24
302
221
189
506
597
62
264
381
639
422
344
605
591
11
226
76
450
701
372
522
646
556
292
588
150
514
410
327
191
10
211
375
393
31
575
333
728
23
144
42
66
543
108
3
240
696
380
627
295
718
465
516
418
719
283
19
7
214
41
97
498
162
358
232
512
182
22
310
695
735
709
726
509
180
643
746
438
298
169
670
610
554
86
474
710
425
311
396
520
487
159
502
49
184
641
599
510
245
739
408
313
452
269
364
515
374
346
109
64
128
658
620
210
192
262
277
729
284
203
235
121
440
655
394
692
541
613
702
558
265
642
671
215
175
511
124
607
353
668
495
669
716
579
243
435
242
654
334
580
395
61
730
54
447
472
707
741
673
740
377
675
747
417
634
329
100
431
91
590
186
737
337
736
289
456
616
231
567
448
582
744
704
547
720
343
705
706
685
314
593
312
624
328
392
690
83
633
680
682
525
497
714
656
304
711
113
609
300
222
732
30
694
560
749
689
441
366
326
470
562
722
664
725
322
727
659
734
733
748
665
721
563
151
644
368
742
715
68
301
248
672
389
341
589
596
564
436
492
557
559
485
617
738
385
561
553
713
320
630
