181
37
148
140
63
13
156
24
90
56
73
77
180
85
14
38
47
64
161
98
5
125
39
132
184
23
205
0
21
107
195
208
193
17
99
66
30
106
139
116
74
25
83
129
54
167
35
42
172
62
40
2
162
112
174
185
87
118
50
55
36
93
10
6
65
71
210
217
166
199
228
209
8
201
44
48
130
91
103
113
110
34
27
89
213
53
221
212
153
3
28
154
202
138
164
183
232
237
76
155
235
151
189
203
26
160
136
68
16
216
117
11
104
121
102
150
31
134
81
178
97
119
52
96
220
123
171
57
51
219
12
207
137
215
69
168
92
175
45
80
78
41
214
229
61
18
126
114
194
15
211
142
7
226
84
169
143
109
146
1
198
22
60
82
95
33
120
59
32
158
43
240
145
105
67
19
244
20
191
79
225
176
186
72
29
133
188
173
128
241
238
177
144
46
192
245
70
4
147
111
165
182
49
122
196
58
88
100
224
249
190
231
141
9
223
227
233
127
152
197
101
159
247
234
206
187
239
135
222
179
218
124
163
248
131
149
86
236
200
75
246
230
170
242
243
115
94
108
157
204
