51
100
91
35
164
97
77
12
161
171
5
102
73
71
169
80
72
1
56
87
39
174
101
148
11
67
49
47
7
84
40
36
192
129
63
70
109
26
42
135
126
25
16
20
64
0
57
78
81
92
120
18
38
166
157
68
17
21
45
141
60
152
66
75
175
147
105
23
189
168
2
113
112
85
46
82
107
132
184
131
138
13
54
159
37
30
9
79
143
59
130
32
140
165
52
183
93
15
179
34
122
41
121
119
33
145
65
55
114
124
22
88
116
182
190
177
146
160
144
156
69
90
19
103
163
118
10
94
106
136
142
83
108
155
167
28
43
95
128
4
110
137
44
162
191
117
185
151
50
3
6
8
96
176
173
74
154
48
62
86
125
133
158
193
14
61
89
98
115
123
127
134
139
149
178
180
187
24
27
29
31
53
58
76
99
104
111
150
153
170
172
181
186
188
194
