75
140
171
124
66
179
184
62
108
94
50
25
37
161
17
121
35
28
186
65
127
71
5
69
164
147
153
132
31
6
2
90
72
18
9
158
80
173
183
231
195
113
77
92
218
19
159
142
176
85
58
38
216
42
89
157
221
7
14
148
210
194
178
101
32
199
198
98
167
233
59
27
67
212
236
245
49
138
136
154
93
209
54
160
24
126
78
55
149
229
106
12
118
47
99
137
60
73
213
185
100
4
134
130
119
16
192
116
23
201
172
239
115
180
188
52
243
230
217
39
46
182
219
111
21
228
13
206
181
203
125
61
169
227
57
70
104
196
145
238
8
10
97
123
1
165
135
151
143
51
110
109
240
214
223
166
53
205
91
190
234
242
128
162
170
226
22
82
152
30
63
64
34
103
43
41
11
68
122
222
3
133
74
163
247
156
177
202
248
244
86
88
117
204
144
168
193
197
79
187
33
84
208
48
215
45
241
141
44
95
36
105
0
232
96
220
191
235
40
81
225
26
15
102
146
120
189
129
237
107
87
150
246
249
112
56
175
114
224
200
207
155
211
20
76
174
83
131
139
29
