410
165
261
97
116
134
74
352
17
203
242
274
127
257
249
114
388
390
11
59
20
128
12
76
49
406
385
234
297
444
336
269
195
48
35
288
190
117
91
137
317
483
350
329
355
453
254
96
402
122
451
289
441
256
135
104
232
345
377
400
46
328
158
70
144
409
253
40
393
21
126
374
226
8
108
326
142
216
315
241
186
14
265
168
50
266
323
187
280
110
72
229
79
496
398
474
310
246
68
44
209
307
464
343
161
84
61
432
364
202
356
258
47
164
486
159
341
28
378
330
157
189
436
448
324
344
412
222
353
181
88
53
466
373
57
267
354
446
24
175
64
381
471
392
318
369
293
479
71
380
404
465
85
55
477
487
219
43
81
372
437
133
396
319
327
375
321
248
138
107
0
423
2
371
143
462
403
262
26
172
285
271
210
495
316
239
494
325
233
51
130
384
141
351
455
433
223
450
169
183
153
481
119
476
56
148
459
475
3
211
9
408
192
206
4
270
303
228
276
146
197
340
101
19
333
296
7
200
440
417
497
238
166
83
176
102
286
411
194
361
149
447
182
425
472
224
92
36
198
366
461
23
22
489
445
99
346
490
386
264
215
27
379
60
300
18
299
313
491
6
80
295
214
39
227
435
67
304
150
331
118
154
162
236
306
15
123
63
314
407
389
170
31
250
383
357
365
213
58
272
431
470
290
419
478
160
225
439
413
291
231
308
152
75
480
394
332
268
245
30
100
452
428
260
185
449
473
488
111
484
362
177
454
277
115
78
421
208
278
193
151
463
275
65
415
376
252
38
69
368
420
201
399
34
131
155
457
171
87
312
292
335
311
103
136
32
132
212
125
217
10
284
468
196
94
305
235
105
427
237
62
349
188
405
244
1
82
41
140
179
129
98
77
259
370
424
230
5
430
89
52
391
112
302
283
42
205
337
334
120
220
395
467
184
73
347
86
322
106
438
218
204
147
434
173
93
273
320
387
180
358
113
139
382
243
121
416
240
301
207
174
422
156
178
482
458
397
443
90
145
109
29
338
414
191
37
66
298
456
442
263
360
25
342
95
363
401
33
54
367
45
498
247
199
429
339
255
282
469
13
359
426
492
221
287
124
418
251
493
485
163
167
309
460
279
16
499
281
348
294
