301
259
101
288
441
17
420
348
293
337
113
155
368
67
220
137
304
273
376
204
50
139
187
237
382
286
264
168
380
64
305
312
157
370
381
372
433
149
317
169
23
403
60
229
456
244
76
178
165
225
242
210
331
234
196
306
45
327
250
160
119
359
287
340
363
182
216
46
134
318
107
335
18
130
489
205
354
379
116
269
40
328
191
353
281
29
284
366
136
86
28
39
115
260
203
21
117
201
418
387
430
63
62
73
47
310
296
356
9
31
378
150
195
68
93
241
48
261
25
315
238
352
236
129
70
41
184
397
20
246
307
212
440
190
323
114
271
394
111
283
369
470
329
343
258
314
232
347
51
192
95
478
332
176
180
291
400
230
374
401
295
181
444
16
367
249
448
443
385
399
199
475
219
132
69
75
390
1
365
341
179
346
200
235
298
326
389
161
80
497
377
214
412
147
14
144
71
118
357
94
194
427
322
463
27
280
464
422
19
364
407
233
471
494
151
85
492
186
153
99
209
453
360
162
127
224
434
311
167
419
12
6
207
163
395
102
92
498
421
248
112
487
177
156
454
105
74
483
371
158
0
373
213
13
452
388
221
451
461
355
469
228
81
316
247
476
24
171
279
7
254
90
72
55
495
325
396
455
164
320
411
197
488
300
438
122
252
392
285
183
33
245
482
110
361
336
431
3
383
57
265
256
442
124
465
416
270
351
175
34
435
309
58
59
276
172
457
294
391
460
297
143
410
319
405
468
140
146
42
88
255
424
404
121
173
278
450
36
44
83
35
193
26
97
198
253
257
226
189
79
321
215
484
413
428
100
272
38
349
493
384
49
87
43
423
437
303
480
358
268
393
406
32
308
485
218
174
5
152
61
4
402
462
223
96
126
447
145
217
330
11
266
446
239
185
133
458
274
188
89
302
436
106
449
479
426
166
159
262
439
52
30
15
474
138
104
108
481
362
54
477
231
324
2
313
350
148
84
53
417
499
8
222
123
131
282
345
386
65
98
408
429
206
491
415
128
292
375
425
344
472
432
208
66
342
490
251
135
125
240
154
263
289
227
338
243
466
37
275
56
459
142
333
486
82
467
109
414
78
339
141
496
211
91
120
277
409
77
10
267
202
170
22
398
290
334
103
299
445
473
