70
78
181
25
42
241
9
103
71
81
18
154
220
108
134
101
93
87
91
201
24
109
46
153
114
147
59
27
191
43
2
4
172
79
199
228
72
238
173
55
76
131
20
157
122
95
52
237
69
213
155
152
121
92
124
230
54
115
130
137
194
186
223
193
214
89
169
30
86
73
35
21
23
151
211
206
233
12
83
44
15
22
226
165
106
179
0
48
138
105
243
242
177
60
143
80
31
26
126
68
215
162
90
94
96
97
171
1
159
67
142
232
51
110
99
144
195
118
38
58
135
145
11
65
6
104
150
123
107
112
36
37
113
146
53
133
185
66
84
128
216
149
85
57
217
163
14
74
246
158
204
192
16
120
203
98
63
202
116
7
49
10
221
33
209
148
100
166
13
168
45
119
141
212
47
207
198
231
50
41
234
28
182
40
62
188
178
176
196
160
187
249
164
117
139
219
240
56
3
218
61
64
82
227
136
205
180
244
184
208
190
17
236
189
225
175
75
39
156
222
245
132
235
19
129
34
210
29
77
127
248
32
102
197
239
125
170
174
183
229
247
140
200
88
224
111
167
5
8
161
