12
193
7
189
70
140
163
132
145
77
144
129
64
83
137
85
91
234
42
151
138
186
168
23
162
149
223
98
30
121
167
71
152
106
32
200
117
166
209
66
207
58
18
0
143
95
238
20
171
3
93
16
10
190
123
184
55
127
235
6
61
156
4
169
203
222
188
14
52
22
174
206
179
21
2
72
136
217
31
220
110
11
9
205
194
155
177
27
76
199
80
104
150
216
158
228
214
36
201
112
54
212
108
24
44
172
116
88
59
45
241
89
141
75
29
41
53
164
63
111
51
15
67
239
78
134
43
87
38
192
13
50
25
56
187
180
90
147
204
92
5
68
231
215
96
34
225
79
183
113
148
142
176
1
69
247
237
244
245
224
128
60
49
185
125
94
242
219
197
236
8
57
170
210
74
124
40
165
195
139
82
119
191
160
86
154
100
46
97
103
39
118
101
202
146
226
84
62
230
65
109
227
47
173
115
198
120
232
114
48
221
133
26
161
211
181
105
135
246
19
17
218
229
81
196
122
153
33
35
130
73
157
28
159
248
131
208
99
243
233
37
178
182
213
175
102
240
126
107
249
