131
53
39
151
113
179
124
209
13
60
97
32
21
188
92
1
87
72
116
177
70
119
14
102
117
3
203
86
28
30
147
120
186
129
144
169
79
99
48
47
148
200
45
9
29
127
184
122
208
59
162
133
77
132
5
55
220
228
213
112
93
8
26
41
244
205
198
168
130
7
82
139
20
233
173
170
105
238
38
196
73
226
111
40
218
201
31
158
135
185
106
219
235
134
125
163
74
33
80
241
52
211
121
85
95
76
101
15
149
64
56
245
183
123
156
71
11
202
46
171
160
42
234
214
83
240
197
63
194
222
84
18
242
91
180
114
104
223
89
27
141
189
88
65
207
75
81
138
12
58
192
155
17
161
136
110
37
182
221
68
187
140
206
190
229
239
98
118
142
69
152
172
108
67
165
57
167
157
107
4
2
174
54
50
66
19
0
22
16
181
62
51
193
191
6
248
249
164
232
78
231
25
103
34
10
128
146
90
23
166
199
61
44
178
43
210
137
204
236
243
94
175
176
227
96
215
154
216
24
153
195
109
225
224
145
143
150
212
115
126
217
246
49
247
36
237
230
100
35
159
