26
160
28
170
15
91
41
206
199
220
80
3
187
232
153
182
128
12
281
267
236
237
140
145
154
16
31
78
207
101
282
149
105
238
115
43
233
144
185
183
284
129
275
261
324
326
165
258
59
48
272
276
62
310
266
297
73
32
52
125
235
53
116
44
245
168
123
274
66
21
203
56
138
231
316
295
94
211
74
72
212
181
4
106
109
330
347
188
299
159
197
137
68
49
196
135
141
189
339
18
151
264
139
36
92
71
333
33
11
13
157
96
75
10
280
45
307
64
134
19
213
257
293
176
131
162
55
117
2
1
58
288
86
230
249
6
221
132
247
111
60
155
100
260
104
194
179
93
180
289
85
130
303
306
30
210
223
334
127
89
17
184
113
148
122
83
99
112
65
336
209
158
27
173
175
343
178
328
256
191
177
320
143
250
95
205
239
252
313
61
34
82
103
166
341
8
309
114
167
290
344
229
152
195
278
215
69
319
255
25
120
292
296
241
279
76
133
118
174
108
79
262
335
90
248
308
243
107
38
50
219
22
268
312
285
70
163
63
198
150
317
332
315
273
84
24
190
216
121
253
42
227
287
39
77
228
9
29
200
46
81
126
193
23
340
222
146
217
119
225
192
329
51
172
300
246
20
254
269
218
314
124
102
263
270
251
97
201
5
318
346
161
327
169
0
298
186
147
208
136
242
322
283
226
234
142
214
54
202
286
224
164
291
171
311
294
331
14
7
304
57
277
204
37
325
302
321
301
305
240
259
35
323
342
67
110
98
345
349
265
40
244
348
337
88
271
47
156
338
87
