221
239
35
62
65
77
103
135
165
186
188
226
242
245
1
4
49
50
107
147
180
225
233
236
7
32
87
94
95
98
117
121
164
173
247
2
21
22
26
28
38
71
91
104
111
151
158
159
161
168
178
182
183
193
200
210
8
15
25
43
45
51
60
61
74
78
92
100
101
124
130
136
139
143
155
181
185
191
196
199
220
223
240
17
20
31
40
41
44
47
48
64
66
70
75
76
81
82
84
86
89
90
109
112
114
119
126
127
137
146
148
153
160
162
172
198
202
203
204
207
212
214
217
219
234
237
243
248
0
3
5
10
11
13
14
29
30
34
37
55
58
67
73
88
102
105
113
116
123
133
140
150
167
176
177
190
192
194
197
208
215
232
235
241
9
18
19
23
53
59
63
68
72
85
99
106
108
110
118
122
125
128
132
142
144
154
156
171
184
187
189
206
209
213
218
224
227
16
24
27
33
52
54
69
80
93
97
120
134
138
141
157
170
205
229
244
6
42
131
145
149
152
163
166
175
195
201
211
216
222
230
231
249
39
46
56
57
115
169
228
246
79
129
238
36
96
179
174
12
83
