27
68
7
33
98
49
81
129
3
94
5
87
14
18
50
2
25
31
100
43
28
118
123
156
110
36
170
103
112
57
26
113
32
54
154
83
0
20
117
122
45
34
126
203
166
15
104
21
53
16
29
40
79
153
167
35
58
128
24
162
61
114
80
38
119
180
108
11
134
151
70
141
165
82
9
145
168
1
143
44
120
22
164
102
101
106
77
65
146
37
147
189
23
124
111
10
173
149
107
4
69
155
6
197
90
160
52
158
95
97
99
62
64
88
71
59
60
63
157
41
148
8
12
13
86
174
39
190
78
187
186
195
30
121
133
84
161
48
198
74
139
191
116
137
46
51
127
185
193
131
85
17
171
47
188
132
183
184
169
19
201
204
73
75
76
130
181
179
178
109
200
182
202
196
177
176
192
163
205
135
89
194
199
206
115
125
172
72
175
136
140
42
55
56
66
67
91
92
93
96
105
138
142
144
150
152
159
