38
51
42
44
106
85
49
60
70
31
50
62
36
27
89
12
30
39
29
20
109
59
57
97
115
3
76
110
35
78
24
139
81
116
41
66
153
104
75
180
17
63
55
166
163
48
118
175
113
122
74
56
77
127
8
107
105
124
64
101
112
4
98
148
137
135
94
128
100
47
96
37
21
172
203
45
52
202
95
7
86
212
167
158
108
218
121
160
171
54
65
165
184
176
72
213
169
189
174
32
23
120
183
217
28
67
146
159
193
186
46
111
138
26
83
162
173
144
215
216
1
10
201
168
197
182
99
87
84
151
147
92
200
0
206
205
152
125
129
9
11
90
71
43
2
188
117
156
68
69
15
123
134
5
179
192
103
178
131
61
53
102
154
161
58
142
194
157
13
136
6
191
170
208
93
19
22
145
190
141
198
199
177
34
164
132
18
79
82
150
196
80
210
149
187
119
143
181
204
126
88
155
185
214
195
73
25
140
91
114
209
133
33
207
211
130
14
16
40
