124
40
10
127
36
113
98
151
47
49
73
83
107
196
97
105
123
43
18
86
44
210
42
135
69
108
167
115
63
70
71
37
85
92
203
25
4
146
78
155
193
8
75
199
211
19
76
175
67
55
173
15
119
111
16
128
58
84
29
162
120
240
60
150
23
158
102
81
3
52
64
35
41
13
182
27
216
7
26
208
28
51
118
164
95
12
54
133
62
194
171
232
206
121
68
110
38
126
104
245
197
149
217
148
154
122
140
90
136
5
0
186
244
180
220
230
134
2
22
94
59
77
172
125
114
79
65
72
144
21
132
141
165
50
96
233
243
201
248
100
156
223
87
106
82
242
229
213
159
130
137
9
24
142
80
32
183
88
161
116
53
143
14
218
20
226
225
152
30
1
131
187
112
198
168
179
6
215
17
214
241
39
195
176
99
188
239
138
189
163
56
190
66
89
202
181
237
228
207
174
219
166
48
212
11
117
178
221
222
238
246
145
57
234
93
250
231
157
191
192
160
31
153
61
184
45
205
91
109
46
227
209
204
224
139
185
249
200
235
34
170
103
236
177
147
33
74
247
101
129
169
