303
16
198
152
190
17
231
342
207
52
25
296
99
268
222
279
140
81
184
35
7
400
311
24
20
83
71
204
299
45
404
171
95
135
112
254
217
317
333
70
223
74
218
263
351
38
397
65
88
49
329
34
55
30
274
44
77
93
154
109
116
243
247
355
56
125
356
271
98
62
141
335
2
305
46
176
330
63
346
101
54
269
73
281
167
185
139
148
114
377
340
272
230
320
258
385
253
127
22
104
373
178
51
32
60
236
442
42
266
295
349
251
192
67
28
416
92
156
291
360
102
280
58
191
129
255
53
278
37
286
6
194
189
157
382
414
166
362
208
212
221
57
225
163
220
8
246
146
238
284
388
211
261
285
195
371
183
120
186
196
91
372
374
214
133
78
124
423
113
282
417
419
123
337
145
276
275
445
415
418
153
90
160
205
159
162
249
168
150
13
260
440
103
68
443
401
5
128
245
36
366
173
165
265
348
237
180
119
202
206
213
319
425
314
85
203
170
87
264
15
126
134
250
302
301
338
441
384
322
174
131
297
86
172
12
267
328
117
0
361
409
304
164
31
10
420
439
75
350
107
136
143
244
365
149
188
399
108
118
408
332
199
181
177
421
121
287
331
413
410
364
369
137
1
3
325
257
179
138
240
40
344
290
235
308
358
132
242
379
424
390
9
412
367
197
187
11
289
307
216
97
69
161
226
80
392
252
298
359
259
66
309
239
210
428
324
368
89
293
310
27
433
449
158
29
84
422
26
353
437
50
200
341
215
256
391
64
396
144
339
402
61
232
438
169
436
380
111
446
403
47
43
313
294
389
316
393
175
33
312
277
376
82
288
315
79
151
115
100
219
326
363
142
94
448
122
201
434
306
105
229
407
273
96
386
357
447
430
378
248
228
435
444
345
39
262
352
321
41
18
336
23
427
387
234
59
48
370
72
432
182
21
4
283
394
381
300
14
130
334
106
347
431
323
147
411
19
241
224
270
318
395
110
209
292
375
233
193
354
76
426
398
343
327
227
405
406
155
383
429
