42
285
39
152
134
135
270
196
95
234
163
413
56
21
57
101
344
423
108
227
46
351
4
238
17
71
109
240
177
295
245
315
406
141
216
409
36
204
148
67
74
338
107
370
127
72
212
189
425
151
51
6
197
78
121
273
0
122
25
275
185
304
201
460
478
343
80
457
154
76
257
160
334
100
276
282
429
8
350
69
326
230
5
171
296
341
379
142
226
166
165
16
248
10
263
265
311
373
11
147
424
155
459
362
150
215
168
183
384
29
219
220
249
264
397
487
495
188
485
289
223
173
52
28
117
130
331
337
437
279
7
91
290
347
128
149
124
339
120
385
301
84
85
125
145
162
87
416
256
465
323
206
77
372
27
446
482
191
210
308
453
92
115
116
250
312
395
402
461
492
493
237
471
156
225
33
283
89
451
38
102
445
79
86
299
131
186
18
143
64
24
477
365
169
335
309
345
231
443
22
182
313
314
61
179
246
316
464
192
376
382
475
213
174
332
435
30
90
129
218
346
380
486
428
144
359
47
63
242
498
40
252
396
494
41
9
361
60
354
261
239
232
448
244
329
318
430
236
181
462
466
496
442
439
170
325
2
286
34
298
93
322
400
58
175
176
253
348
356
374
392
98
202
330
118
403
32
48
217
452
31
369
119
203
436
456
187
305
193
70
450
278
255
388
241
75
49
360
99
306
106
161
353
340
280
23
422
73
328
251
262
394
327
65
19
14
293
310
180
412
103
221
247
260
321
377
378
463
488
94
375
342
195
12
474
383
454
137
381
45
59
243
254
139
489
469
274
126
37
83
105
159
211
208
497
96
222
302
355
444
207
391
317
320
401
178
62
473
364
408
258
357
300
172
333
404
449
138
440
281
303
167
15
324
224
158
367
97
368
113
266
288
291
434
287
44
292
229
194
277
319
398
399
307
484
110
68
55
358
336
499
390
114
35
53
411
472
3
415
184
259
272
479
271
214
433
233
393
407
104
455
136
112
209
405
483
427
389
480
164
146
421
431
387
417
81
50
491
352
199
190
153
467
490
133
267
297
349
441
371
476
20
447
66
284
26
205
426
420
438
410
470
200
157
363
432
132
140
366
1
418
458
82
123
235
43
481
54
269
268
414
198
386
468
13
88
111
228
294
419
