111
29
66
31
200
35
156
51
94
113
49
108
138
45
132
27
185
36
124
119
80
55
152
154
136
20
70
8
133
107
1
175
139
155
182
95
34
117
211
130
3
81
123
100
11
199
99
76
60
147
58
90
92
91
53
69
238
68
97
13
192
64
89
83
73
153
19
26
82
78
67
42
193
131
191
30
39
50
65
146
161
41
17
233
189
187
235
179
137
87
148
62
98
23
12
212
231
21
56
85
145
143
204
7
217
174
207
9
171
208
165
16
183
37
169
149
230
172
157
197
43
184
229
177
214
2
178
216
25
63
18
126
57
10
118
142
114
181
71
84
122
5
222
232
24
202
215
15
59
140
125
109
160
106
249
14
112
224
164
0
6
96
33
242
166
186
190
77
103
61
116
219
180
44
158
120
101
86
4
201
162
194
248
134
46
121
141
79
102
168
240
205
198
75
32
28
151
206
244
220
163
129
196
40
188
234
176
47
115
225
213
150
72
52
159
128
236
93
226
173
223
135
247
104
127
22
237
209
210
241
74
105
228
221
245
170
195
243
167
227
48
54
38
218
144
88
203
239
246
110
