132
13
17
211
16
156
72
43
114
58
133
35
148
184
109
227
8
185
25
54
176
138
174
83
158
81
11
113
238
209
53
23
36
97
74
154
118
68
22
151
134
67
108
64
86
120
89
150
140
102
26
41
44
101
55
223
93
75
123
60
164
162
122
112
155
180
84
9
79
186
12
65
195
143
98
57
70
204
191
130
179
95
173
171
10
21
47
30
124
145
80
52
2
116
193
115
142
61
15
18
152
46
157
187
48
105
181
82
50
4
192
37
91
33
139
244
144
170
163
172
62
45
0
210
153
169
69
71
20
207
76
107
94
110
239
32
194
206
146
197
202
126
190
121
78
177
49
87
226
38
117
125
90
147
106
182
219
28
99
31
131
129
141
234
232
161
100
119
166
66
40
1
196
198
103
42
39
56
137
222
51
235
149
159
3
205
201
136
104
92
225
111
212
96
63
167
24
183
233
34
77
241
229
203
128
231
230
216
188
237
73
208
59
175
242
5
221
85
236
246
200
199
178
250
243
29
135
160
249
247
27
218
168
240
217
224
165
214
228
88
19
127
213
14
220
245
6
215
248
7
189
