116
25
39
124
184
29
19
53
102
66
93
57
195
9
60
135
31
182
44
23
73
236
206
2
47
156
189
130
169
94
168
165
159
171
101
96
163
84
81
161
90
28
109
43
64
229
208
136
7
166
70
129
80
16
104
123
83
27
4
50
185
38
61
85
21
89
175
52
15
105
193
35
69
235
198
45
106
141
174
139
54
191
188
72
221
119
233
11
167
225
240
78
46
108
128
0
172
207
34
144
148
200
203
186
219
232
18
237
114
63
164
145
146
147
151
152
216
173
110
75
177
248
56
242
132
199
126
127
40
194
149
150
178
202
243
13
76
154
244
88
153
179
201
162
222
5
71
87
55
249
12
187
92
247
74
241
142
36
121
68
3
204
103
98
113
112
176
122
20
143
245
227
1
77
111
218
17
220
24
214
224
223
190
234
138
239
6
155
212
133
158
118
213
205
58
180
30
160
157
41
192
117
95
91
67
197
49
231
210
137
100
170
59
181
211
86
246
238
82
42
134
22
217
99
8
10
120
62
79
196
115
65
125
230
33
26
131
183
48
140
51
226
107
37
14
215
32
97
209
228
