79
47
72
14
136
59
121
122
123
125
126
37
117
124
118
5
12
164
172
180
227
60
66
91
116
115
88
106
176
187
247
2
3
10
30
33
41
42
44
70
75
83
99
107
133
155
165
177
185
194
197
211
221
222
223
230
234
239
250
21
35
130
114
154
190
215
38
53
78
26
149
68
61
86
16
65
93
58
46
1
7
17
19
29
56
57
69
84
95
96
98
100
102
103
108
110
127
139
140
141
144
161
162
167
168
171
173
182
183
188
191
195
200
201
203
207
210
213
218
220
228
229
231
233
235
238
241
242
49
63
81
132
226
135
23
67
74
85
92
119
157
159
89
113
158
246
186
214
244
120
0
4
6
8
9
11
18
24
31
32
43
45
50
51
64
76
77
82
94
97
101
104
109
111
128
142
143
145
146
147
152
160
163
166
169
170
174
178
179
181
184
192
193
196
198
199
202
204
205
206
208
209
212
216
217
219
224
232
240
243
248
249
13
15
25
27
28
34
73
129
137
148
150
237
151
90
112
20
22
39
52
54
71
87
138
236
36
40
48
55
62
80
105
131
134
153
156
175
189
225
245
