149
119
69
62
74
39
57
210
214
54
20
97
84
85
96
121
175
37
171
125
158
21
10
43
104
40
144
143
100
77
157
73
168
231
81
23
16
51
156
93
219
41
145
235
72
185
225
83
159
36
201
87
202
82
27
230
195
0
138
107
152
163
90
137
150
89
190
140
7
2
189
209
71
1
136
24
47
14
146
33
110
31
243
170
135
129
228
11
132
229
169
179
101
45
34
92
29
133
105
114
222
122
13
59
180
88
3
246
112
126
194
164
49
151
50
241
182
95
148
9
111
99
198
127
67
8
28
44
19
162
223
160
244
80
78
4
248
211
65
183
79
56
233
196
188
227
120
247
25
75
52
86
17
131
166
238
42
130
177
48
116
18
239
64
200
32
98
153
102
172
218
134
12
203
184
124
139
15
199
204
117
181
70
191
118
213
237
38
220
217
68
161
141
165
242
208
215
216
63
240
35
108
76
109
46
212
192
106
232
5
178
155
206
123
55
236
221
115
26
154
187
94
193
6
174
205
22
249
66
128
142
113
61
226
176
245
207
224
186
58
30
91
53
173
234
60
147
167
103
197
