146
131
89
157
69
47
29
102
36
81
41
27
183
72
160
111
130
142
106
39
119
170
52
28
62
98
66
218
109
53
139
104
155
223
113
6
43
122
158
77
1
54
20
49
86
126
100
166
169
134
13
17
211
214
153
19
175
149
92
213
24
101
186
193
181
2
71
95
46
68
217
9
124
32
3
80
88
125
189
65
219
152
121
164
123
38
154
120
82
78
57
144
224
143
50
172
91
60
184
73
240
235
192
51
156
42
79
117
198
40
148
209
35
137
56
87
116
63
96
138
176
112
194
114
173
197
226
8
177
165
84
26
145
22
97
76
163
128
230
45
179
129
191
206
5
135
227
174
4
30
188
23
150
10
132
107
15
136
115
202
48
61
93
110
34
162
236
44
190
151
133
215
237
118
11
33
242
161
37
210
208
21
14
245
0
238
171
12
7
220
244
141
204
195
178
99
203
212
167
31
207
216
64
127
159
247
140
246
185
180
70
85
182
222
75
248
249
187
243
55
232
199
83
229
196
205
94
200
105
168
147
16
59
228
18
90
103
234
221
231
241
58
74
201
239
67
225
108
233
25
