157
144
175
88
113
122
48
177
38
16
69
160
178
132
192
117
146
184
30
71
156
64
28
242
231
167
15
61
37
108
27
164
170
246
129
25
60
133
58
124
149
73
33
34
228
91
32
79
78
232
179
18
173
176
17
52
36
51
199
67
128
72
41
112
2
153
190
119
237
131
65
201
141
24
3
77
136
142
183
239
161
134
9
10
85
209
219
225
198
152
110
115
99
135
213
116
97
100
171
6
7
8
11
53
54
55
103
208
216
217
221
223
150
23
29
81
139
39
127
82
202
214
111
106
31
181
4
5
83
84
102
207
220
222
224
66
14
204
206
101
210
45
104
20
162
1
12
138
49
105
215
218
169
56
22
13
43
244
42
44
140
234
233
197
145
143
40
193
211
235
98
248
21
125
186
75
57
93
95
107
120
163
166
62
94
121
195
174
118
185
196
123
165
168
187
240
249
180
92
148
126
238
76
68
59
194
159
96
47
50
205
89
63
226
46
86
87
109
74
154
200
130
203
188
230
147
151
227
26
212
172
90
189
0
137
191
245
70
114
182
80
35
155
241
158
236
247
229
19
243
