81
33
5
70
74
52
162
53
69
14
15
45
34
139
38
32
110
183
55
24
142
36
140
63
41
130
82
51
43
97
174
234
60
191
164
72
80
105
190
30
137
132
10
25
6
124
150
144
89
104
200
146
71
98
117
65
93
123
64
136
222
114
62
56
229
135
61
154
31
86
217
149
87
84
177
78
115
29
85
176
199
233
102
94
17
189
73
147
128
181
0
138
103
171
205
185
40
9
22
195
13
214
163
166
113
157
26
134
210
155
95
50
239
207
66
151
141
57
1
168
88
206
225
47
16
107
2
125
167
173
126
235
202
244
188
221
109
91
247
230
159
83
116
90
122
12
8
178
27
161
23
219
240
58
92
108
186
49
106
215
198
175
99
158
238
131
28
100
228
249
11
35
67
120
246
182
250
172
223
179
165
75
248
231
46
170
156
148
153
224
7
145
96
77
129
212
196
79
4
48
121
111
19
160
152
245
20
236
213
133
101
237
169
220
118
119
193
216
243
203
232
208
211
21
44
68
127
226
143
187
218
42
59
112
241
3
180
39
201
76
204
194
18
242
227
197
209
37
184
192
54
