97
108
18
180
45
1
46
34
21
163
42
84
14
33
137
102
167
95
52
62
166
64
83
121
54
20
71
90
63
183
119
161
66
127
35
132
135
19
78
138
30
24
69
60
144
141
28
40
171
38
37
72
79
68
93
178
85
117
99
91
120
89
96
128
74
139
27
48
142
159
152
169
149
146
190
151
57
153
10
61
110
36
12
170
32
26
88
41
56
131
145
8
25
58
86
198
160
147
157
148
156
73
106
125
172
134
199
81
191
80
150
140
158
59
76
51
9
175
101
123
103
11
6
15
109
105
104
13
188
3
55
189
186
113
129
92
50
177
193
187
164
17
87
2
7
23
126
29
94
116
53
111
16
155
184
165
5
196
173
77
195
4
143
115
194
182
107
118
154
75
122
0
44
31
114
130
185
179
22
162
192
43
112
39
124
197
70
168
49
133
181
47
65
67
100
82
136
98
176
174
