116
89
75
317
214
139
18
44
21
381
98
296
170
104
120
121
350
347
48
34
64
4
189
291
235
177
36
113
382
239
13
54
100
281
160
60
192
195
325
389
31
311
415
397
144
29
118
285
314
248
228
163
143
376
219
352
432
47
50
306
41
255
338
445
171
252
1
7
202
194
20
129
83
308
351
128
134
329
263
12
150
209
211
223
147
40
284
222
165
360
80
84
92
229
304
341
379
328
440
22
186
166
173
6
180
265
273
278
363
365
366
373
403
404
55
358
260
15
79
322
250
52
294
348
61
0
42
126
184
449
221
86
344
231
443
140
402
37
210
243
256
257
264
300
332
367
51
142
10
3
58
81
117
109
108
272
111
115
326
27
441
112
164
384
149
182
258
280
333
179
275
298
17
72
268
427
249
135
416
8
224
203
208
230
301
312
331
101
303
207
93
201
153
359
156
407
26
375
23
368
423
2
408
159
87
405
67
233
418
196
240
62
295
38
97
28
387
346
90
137
237
378
244
32
59
386
11
335
63
176
178
220
266
277
339
215
369
74
406
374
217
330
305
429
9
24
66
154
245
193
396
197
110
43
130
225
188
46
426
251
175
309
181
364
242
254
436
16
421
146
238
442
205
56
241
276
340
267
361
183
218
279
393
102
73
395
274
342
313
302
94
157
320
282
337
39
417
106
191
200
227
136
411
226
437
96
299
169
78
45
444
422
14
133
354
297
353
174
125
99
162
262
310
131
148
212
213
259
261
362
370
371
372
355
288
385
289
91
383
85
216
287
336
123
204
232
234
246
319
290
391
434
283
158
392
394
398
132
334
124
65
425
152
315
107
293
399
286
33
428
327
414
53
324
185
271
77
430
70
420
105
71
357
25
35
103
409
151
269
155
49
138
321
168
343
435
114
424
127
410
270
400
401
390
236
5
253
439
68
292
161
82
356
412
199
413
88
30
57
145
345
19
433
448
167
388
316
198
190
69
95
380
447
307
431
349
446
141
247
323
377
172
122
187
318
438
76
119
206
419
