68
88
141
158
92
96
41
69
129
152
1
48
120
180
127
43
223
23
36
98
183
116
185
230
164
168
35
124
128
78
9
66
60
80
18
30
218
97
143
192
40
102
211
50
3
75
130
107
208
24
105
175
100
10
42
161
49
65
79
81
136
151
108
154
110
90
85
184
131
61
132
179
214
117
189
84
229
181
15
46
71
149
203
172
103
171
169
31
86
74
64
227
137
123
170
89
144
5
13
243
153
232
38
27
134
112
47
201
51
190
99
202
198
7
199
111
58
160
140
26
11
63
25
241
101
45
37
221
34
236
146
194
12
32
52
216
56
77
14
195
113
166
150
155
55
33
104
147
145
239
53
182
139
148
234
22
174
44
215
157
95
231
133
70
196
209
238
173
165
76
91
188
210
122
54
159
206
163
67
73
226
21
186
212
8
156
2
72
219
57
193
87
167
187
240
115
126
200
228
119
106
0
29
93
191
222
135
28
225
39
220
19
138
177
121
207
224
178
109
16
142
94
17
118
162
205
237
4
197
83
217
246
62
235
204
244
82
242
247
20
233
245
176
114
125
59
249
213
6
248
