17
33
455
102
375
254
53
126
228
268
148
294
242
347
147
322
87
144
436
69
479
210
320
97
276
234
427
9
206
42
45
338
18
68
241
274
301
103
140
359
171
175
354
10
437
478
64
59
439
113
77
21
298
112
250
295
417
271
345
123
181
133
39
377
83
170
448
8
442
75
108
464
82
312
202
58
224
371
222
32
246
265
35
401
262
388
63
20
128
178
462
258
351
174
177
421
487
482
433
308
116
115
429
415
212
137
163
165
214
215
216
281
282
363
483
488
489
490
80
136
316
344
161
122
71
189
372
413
67
22
400
380
349
286
418
38
385
105
192
50
117
225
325
389
193
74
135
285
456
110
423
66
360
0
408
313
43
425
55
119
164
280
283
326
443
444
486
398
209
125
243
237
403
26
99
466
118
329
304
152
318
3
233
72
130
481
143
290
107
430
272
51
185
52
184
217
219
468
376
319
127
16
232
321
213
23
24
452
34
275
151
111
245
30
61
261
27
384
392
432
54
162
166
279
368
422
484
485
236
495
79
307
337
183
94
167
420
446
29
300
226
287
251
187
391
467
56
471
450
357
104
341
93
41
305
458
154
435
96
238
227
367
457
491
160
231
90
109
362
472
120
369
179
205
81
11
494
361
201
153
168
431
447
1
406
342
244
176
223
7
474
317
145
460
13
149
270
98
91
374
204
257
470
358
306
190
445
100
383
101
414
70
419
78
393
218
132
278
365
346
95
114
150
266
203
314
259
364
293
252
324
28
182
381
230
463
88
373
412
334
331
208
302
169
477
263
5
353
343
14
131
92
370
195
141
15
142
89
260
106
188
350
335
48
49
134
284
366
155
409
196
220
186
207
277
387
86
394
221
424
473
310
395
240
292
356
411
264
297
121
441
173
451
239
57
229
336
47
138
256
37
438
158
31
382
191
249
405
476
199
247
156
378
379
492
269
340
19
454
339
46
6
180
159
348
399
2
499
60
291
255
139
327
309
493
267
404
397
426
396
288
461
496
40
76
157
289
211
328
498
198
200
85
332
410
386
44
333
497
73
273
4
330
253
407
124
449
465
428
248
65
146
296
480
62
299
434
475
459
129
172
197
84
235
416
311
303
323
453
315
469
12
36
194
440
352
402
25
355
390
