34
150
20
77
4
93
85
73
126
27
75
169
130
177
13
113
110
133
127
195
2
193
194
76
89
207
48
136
97
8
5
138
105
99
185
143
62
79
109
144
16
28
90
69
158
14
111
37
92
135
197
94
154
171
175
167
58
1
59
118
166
124
243
49
95
201
174
114
200
33
53
78
60
29
210
123
74
21
46
98
145
52
240
42
182
19
24
43
219
122
68
91
51
106
223
23
229
57
159
61
216
50
160
226
80
199
224
56
103
134
149
18
213
112
39
71
45
173
83
148
214
215
212
225
22
228
189
88
128
151
237
147
65
12
11
208
35
146
36
96
152
67
196
232
164
25
162
204
220
172
38
202
161
81
211
101
168
129
153
184
241
231
206
246
238
187
233
163
115
10
9
132
84
3
47
198
32
183
31
63
176
188
41
64
66
100
44
191
104
165
227
142
181
186
205
30
108
235
209
234
248
6
250
125
239
179
230
245
17
217
203
120
72
221
117
54
102
121
157
15
70
40
119
222
107
247
7
242
55
156
236
170
140
192
244
178
249
218
86
0
131
190
137
82
87
180
155
26
116
141
139
