117
147
8
208
107
104
130
113
108
9
205
216
42
241
11
19
20
140
164
187
110
109
118
152
128
27
28
47
51
58
65
66
69
80
87
136
138
144
158
177
188
193
228
231
233
245
230
22
102
105
213
207
4
12
14
16
25
26
30
33
34
36
38
41
45
46
48
49
55
56
68
71
73
76
77
79
88
89
90
93
94
96
98
121
122
123
127
141
155
156
161
165
166
168
173
175
176
184
186
189
190
191
192
194
196
197
199
209
219
220
227
232
234
235
236
237
243
246
248
215
145
6
1
0
2
13
15
18
31
35
37
39
43
44
50
52
53
57
61
64
72
74
75
81
83
84
85
92
95
99
100
101
124
125
126
137
139
142
143
154
157
159
160
162
163
171
172
178
179
180
181
182
183
185
198
200
201
202
210
217
222
223
224
225
226
229
239
240
242
244
247
10
116
132
5
134
17
29
32
40
54
59
60
62
63
67
70
78
82
86
91
97
135
167
169
170
174
195
218
221
238
249
129
133
211
203
150
120
131
204
212
23
149
24
146
148
151
153
21
111
112
119
7
106
3
103
214
115
114
206
