59
7
68
62
63
64
65
66
181
183
185
188
189
190
192
195
242
124
182
186
191
180
123
150
168
197
187
193
194
1
143
47
217
184
155
118
158
200
222
11
24
29
41
71
89
103
114
119
120
121
151
171
203
205
206
224
225
228
241
249
45
9
116
126
58
13
213
60
61
154
140
153
212
218
67
21
22
5
16
17
18
25
26
30
32
33
34
35
36
38
42
43
48
49
50
51
53
54
73
74
75
76
79
80
85
88
90
92
94
96
97
98
99
102
105
106
110
112
113
122
133
134
137
146
159
161
165
166
167
170
172
173
174
175
176
204
208
210
211
223
229
233
236
240
248
214
3
70
247
215
198
216
15
244
179
157
145
2
245
4
10
19
20
27
28
31
37
39
40
52
55
72
77
78
81
82
83
84
86
87
91
93
95
100
101
104
107
108
109
111
129
130
131
132
135
136
138
139
149
152
160
164
169
177
178
201
202
207
209
219
220
226
227
230
231
232
234
235
239
250
44
57
141
142
6
23
12
46
56
127
128
144
147
148
156
162
163
237
238
0
8
14
69
115
117
125
196
199
221
243
246
