68
119
124
113
44
146
204
27
199
20
135
123
86
62
128
107
97
35
118
30
140
63
157
56
104
187
186
53
3
134
4
102
28
145
192
18
31
14
76
29
126
59
176
185
43
173
240
39
114
45
51
164
57
100
169
163
96
80
165
115
72
233
5
93
36
42
112
49
46
154
216
32
75
155
224
24
41
78
250
95
170
120
111
108
23
33
99
130
178
61
144
200
175
205
69
193
182
131
208
11
226
38
9
10
116
98
122
153
147
105
125
58
17
77
231
150
174
151
74
159
7
8
117
52
87
161
171
0
207
152
89
198
225
6
194
162
202
40
60
129
221
73
243
101
149
15
172
235
88
158
26
160
184
103
227
196
54
139
92
83
214
217
203
70
34
67
66
132
245
177
142
2
239
238
141
25
85
47
37
90
189
168
201
167
133
110
94
180
181
183
81
191
166
212
188
213
190
179
48
241
121
50
215
236
148
12
22
244
143
137
249
136
79
211
64
209
234
82
156
21
230
197
71
13
242
206
138
16
246
106
237
84
248
232
218
220
91
127
1
55
229
195
65
109
247
228
19
210
222
223
219
