18
138
49
67
33
130
1
55
117
96
157
36
71
101
2
104
91
107
187
79
64
77
90
78
121
75
30
63
28
225
31
162
143
40
21
86
132
23
136
50
69
46
54
195
160
17
206
88
147
58
57
53
179
95
126
237
153
76
154
51
73
192
22
148
119
141
93
191
39
146
219
150
115
215
171
246
16
32
234
0
139
189
113
198
224
15
137
158
20
42
174
134
173
59
180
202
56
44
19
66
169
205
178
29
193
105
94
232
175
110
211
203
204
81
97
168
242
41
149
133
233
127
25
8
83
190
74
65
80
156
218
131
230
24
43
38
161
129
183
142
172
99
68
124
61
181
87
14
52
6
116
223
72
249
163
177
222
102
145
70
11
165
100
159
229
7
109
241
213
164
120
37
128
84
9
106
152
13
82
167
196
200
197
182
85
48
238
144
217
220
231
221
226
235
212
140
151
210
176
12
194
166
243
240
10
4
122
184
209
26
98
34
112
214
228
201
62
111
135
247
250
227
92
103
60
47
3
123
125
207
45
89
35
216
155
208
248
170
245
185
5
27
239
199
114
186
108
236
118
244
188
