7
158
188
192
41
236
100
93
25
33
57
65
95
110
36
38
85
111
59
27
118
84
208
226
211
212
213
221
222
223
224
229
209
217
230
214
69
235
31
82
114
30
29
87
120
244
71
68
81
234
58
177
155
2
23
47
51
63
66
78
79
97
98
106
124
126
131
147
148
162
176
180
204
15
35
170
112
9
73
173
190
43
113
210
215
216
218
225
228
83
248
153
206
227
151
115
140
219
60
242
247
117
154
164
3
4
10
13
20
22
24
34
48
50
52
54
56
64
75
76
77
91
96
103
107
109
121
123
127
128
129
130
132
133
135
137
145
149
156
168
174
178
195
196
197
198
201
241
245
246
99
142
185
157
191
102
232
1
161
194
200
203
239
187
159
207
220
70
202
249
0
86
160
171
199
231
46
92
94
150
163
175
166
5
11
12
17
18
19
21
49
53
55
62
67
74
80
88
89
90
104
105
108
122
125
134
136
138
144
146
179
181
182
233
240
139
205
14
26
143
167
169
184
6
16
45
119
165
243
8
28
32
72
101
116
172
186
189
193
237
238
37
40
61
42
183
44
152
39
141
