16
108
45
197
177
64
72
69
31
29
25
141
160
226
80
18
125
77
191
76
155
150
35
37
113
206
142
21
47
7
190
56
115
60
62
112
128
116
204
38
39
40
50
51
53
57
61
67
194
235
236
123
24
87
92
93
103
120
138
180
185
188
217
231
240
4
11
91
130
144
157
179
41
42
43
49
52
54
58
59
75
195
139
198
233
2
97
82
79
110
99
55
65
73
193
36
199
234
15
28
30
8
5
12
13
14
19
26
27
32
83
85
86
88
94
95
102
106
118
126
131
132
134
135
158
159
163
165
171
172
174
175
181
183
184
186
203
209
210
211
212
213
214
215
216
221
222
223
224
225
227
232
239
244
245
249
44
109
151
63
68
192
196
107
147
167
169
229
248
34
162
201
219
238
46
71
127
176
84
89
100
101
104
105
119
121
133
136
137
145
148
153
164
170
173
182
187
189
202
220
230
241
246
9
20
22
23
98
208
243
70
78
129
143
124
166
200
218
1
6
96
122
149
152
154
207
205
0
3
10
17
90
146
156
161
168
228
237
247
33
81
140
178
66
74
48
111
114
117
242
