41
36
65
27
90
44
15
39
68
109
9
26
19
25
37
6
47
21
173
33
51
17
107
0
28
14
81
162
50
16
96
78
3
40
48
12
18
101
62
2
43
100
31
30
34
102
103
99
194
46
11
13
1
8
164
110
104
87
105
108
29
73
151
5
174
150
196
98
148
106
38
84
170
203
155
54
58
32
178
20
45
123
195
70
76
22
129
23
113
120
7
10
93
199
35
192
77
42
138
182
221
232
239
143
119
183
208
146
190
262
53
140
124
163
211
235
247
256
179
225
147
135
156
229
154
234
57
240
244
52
118
127
186
207
228
243
200
144
188
209
168
115
236
111
175
187
204
233
55
191
114
254
222
248
59
257
169
218
159
131
142
149
214
250
259
139
197
116
125
132
134
136
167
177
180
205
230
237
251
49
60
158
223
216
122
172
152
165
184
241
245
253
255
212
128
226
217
24
66
201
215
61
219
260
160
85
95
80
94
63
198
4
56
92
74
137
145
185
238
258
213
181
249
141
117
166
220
64
67
69
71
72
75
79
82
83
86
88
89
91
97
112
121
126
130
133
153
157
161
171
176
189
193
202
206
210
224
227
231
242
246
252
261
