581
87
416
162
234
318
227
255
525
235
689
843
933
975
27
170
405
93
583
684
319
443
351
537
696
101
292
380
385
95
181
328
267
32
688
666
392
460
575
505
865
185
15
109
430
260
308
1044
555
670
908
801
213
242
35
553
800
258
365
329
241
494
653
452
111
168
33
808
153
413
344
103
632
759
930
516
502
362
22
132
336
650
402
151
592
105
107
472
643
372
142
91
710
407
124
223
352
536
757
207
639
541
116
134
155
316
665
614
279
779
830
341
265
745
878
254
317
273
850
214
561
360
523
158
282
354
29
622
377
907
1026
139
90
1027
38
5
838
88
350
300
829
969
305
320
1020
272
557
922
120
835
752
465
434
1102
128
440
432
462
913
951
720
857
956
143
442
376
616
836
982
988
222
4
49
249
1062
337
931
655
861
178
406
451
480
617
268
238
510
193
492
24
608
654
40
603
424
897
6
558
347
31
389
628
950
126
615
786
104
246
814
967
552
276
14
256
422
519
562
702
716
818
899
1086
69
250
428
2
8
94
746
1035
667
483
847
448
749
219
678
342
685
828
812
739
513
641
728
777
1123
1133
751
198
348
733
212
221
706
817
895
1132
1135
252
535
876
1038
269
750
813
962
990
1018
195
417
697
963
75
311
415
479
724
26
220
288
469
626
730
971
1054
110
669
0
369
396
554
636
787
942
564
1117
965
48
133
629
676
826
980
1065
1066
398
231
657
880
11
182
263
371
447
470
645
737
765
848
893
1016
1023
1072
1129
677
648
19
870
806
811
943
163
304
323
763
889
1077
17
100
916
244
459
529
582
642
721
957
530
869
589
532
309
911
1031
936
251
298
458
559
570
743
871
1024
1063
184
978
419
798
844
1094
540
183
306
324
382
445
457
468
528
891
1090
831
23
159
177
285
634
1021
487
584
719
395
514
387
726
215
340
998
106
161
203
453
580
98
108
928
1073
498
774
901
1015
1069
391
404
474
660
927
199
201
841
877
924
1103
1126
420
708
788
1105
96
218
531
585
792
1141
174
175
293
500
506
507
571
604
673
784
842
1050
1068
1128
596
827
569
819
955
1007
114
600
590
881
127
135
429
613
915
598
1048
375
171
672
497
810
926
1009
1134
700
148
624
138
188
248
167
196
211
216
291
315
410
491
588
605
611
711
772
775
905
910
920
938
994
1013
1078
577
609
960
286
297
299
388
644
1087
1088
1127
1019
131
1043
85
99
186
224
303
408
499
783
1104
117
1113
433
521
543
785
849
1121
770
294
463
508
773
900
1008
1014
714
778
837
353
149
173
534
125
209
262
338
383
449
464
610
731
807
906
989
1098
325
412
738
1115
805
984
1064
157
503
631
872
30
261
307
471
572
651
656
704
742
902
1025
1045
1093
1097
60
180
717
815
425
692
868
345
229
796
140
620
444
606
646
703
755
761
781
937
945
948
983
1022
496
854
892
1120
21
154
97
43
37
137
566
568
970
1028
266
52
190
200
296
368
520
686
718
764
795
822
918
981
1092
427
767
780
909
1053
1079
123
343
361
522
747
756
693
156
239
374
545
679
208
709
862
544
12
864
661
1052
597
997
89
275
16
860
874
1074
339
995
364
253
683
546
283
373
501
542
576
682
690
1049
1122
384
435
335
322
411
414
649
715
1099
1041
954
240
295
999
744
119
832
595
944
330
694
875
228
333
1030
782
803
509
202
437
467
504
735
853
1011
1138
1040
512
587
1089
277
939
169
346
176
390
934
165
205
489
579
846
1119
1131
477
486
563
1109
493
991
993
58
147
495
771
851
973
987
1037
355
284
197
381
439
533
560
647
680
834
896
912
921
953
979
992
1060
664
839
932
1107
952
977
10
45
80
247
456
675
791
1057
1061
1082
1085
20
77
102
112
130
136
172
217
264
313
321
327
438
517
573
612
633
635
701
727
766
794
804
809
816
840
845
873
898
919
923
941
1067
1108
1124
1125
1130
1140
400
394
1056
257
946
1012
602
961
86
113
225
232
237
357
476
481
482
518
593
640
712
736
821
888
890
949
964
1017
1096
28
118
141
423
270
363
966
972
3
25
36
332
379
548
638
762
823
855
917
1139
367
409
461
490
627
637
741
858
887
959
92
129
421
594
663
705
1051
1081
146
1002
1033
1058
1076
1116
1136
401
34
397
527
39
403
732
790
885
1083
7
671
1112
1047
144
122
758
824
879
189
475
668
723
894
9
41
236
274
312
426
431
551
625
652
699
776
859
925
968
1006
1075
1095
74
567
713
1039
63
206
935
18
44
46
547
550
556
903
904
1032
1071
1111
1114
187
289
349
359
524
691
1101
630
455
867
618
740
748
754
940
1004
378
210
386
484
574
578
601
607
681
1070
1100
485
68
179
233
245
280
621
687
1005
768
1036
191
753
820
883
259
326
1
278
947
166
310
698
729
150
54
152
13
115
243
271
290
370
393
662
976
974
985
722
79
356
57
62
194
230
281
301
446
549
623
856
996
1001
863
160
450
659
515
538
302
799
466
1137
358
760
789
852
886
1034
1080
884
65
436
526
833
1029
1091
56
334
314
145
164
192
204
399
511
586
599
619
707
793
802
825
866
1118
1142
695
1046
1084
797
121
565
734
882
1055
1110
539
366
454
488
591
50
441
674
929
958
226
473
478
331
418
658
914
986
725
1059
71
287
769
1003
1010
42
59
84
66
51
73
1106
67
47
61
1042
53
64
76
70
1000
55
72
78
81
82
83
