41
197
102
21
42
32
111
129
95
117
27
142
114
78
107
35
39
199
33
159
122
54
5
136
23
98
181
128
81
123
112
99
68
231
119
22
17
61
20
24
1
278
237
272
45
130
174
286
242
2
108
113
70
103
40
140
116
10
46
146
67
88
307
230
268
73
50
124
251
115
38
74
215
26
219
29
110
34
158
127
64
125
306
311
16
126
43
157
270
273
162
301
324
192
220
226
131
319
329
12
170
211
256
266
217
203
3
315
238
198
148
182
208
260
342
85
14
19
30
265
121
4
6
105
190
305
227
7
236
235
147
224
118
156
280
51
36
11
153
166
263
277
44
205
25
135
139
151
173
175
282
283
285
344
354
250
160
302
323
340
351
355
225
15
91
28
37
169
77
120
104
106
152
164
109
180
204
57
133
137
241
269
296
333
353
358
201
171
271
310
330
267
31
144
290
9
167
264
294
186
8
48
84
47
191
60
13
245
149
150
161
176
209
259
341
141
244
207
210
295
339
138
172
247
257
335
232
308
322
332
334
352
216
228
357
338
347
261
0
229
356
189
221
276
348
248
343
92
132
200
212
361
134
177
222
293
326
360
163
284
298
206
258
299
309
321
331
168
223
253
254
255
316
350
155
239
49
18
154
325
359
300
185
262
281
233
183
145
336
240
362
188
178
184
328
346
349
82
72
66
53
297
337
218
165
252
274
292
289
243
62
288
275
303
193
196
345
234
249
317
195
312
304
279
194
314
187
202
246
327
213
318
143
320
313
179
287
214
58
291
69
52
55
63
65
87
93
100
79
80
96
97
71
76
59
75
83
56
90
86
89
94
101
