45
48
30
2
29
26
241
17
40
5
176
39
74
105
217
8
89
43
42
46
27
59
55
146
47
183
103
24
112
111
107
117
193
211
1
85
181
12
35
97
108
7
22
110
271
6
4
106
25
167
174
175
232
14
86
3
154
33
9
78
21
104
114
182
144
23
206
49
34
36
20
169
201
0
82
71
160
190
157
153
13
109
38
216
18
127
123
273
145
131
136
152
200
54
130
149
283
148
28
62
100
68
172
158
209
11
125
275
116
120
226
139
188
239
44
163
166
254
282
295
251
270
115
151
187
10
250
299
245
133
150
37
142
178
134
269
77
113
284
214
252
253
15
41
122
57
233
65
50
255
215
222
229
231
246
248
260
279
287
288
291
298
31
93
196
285
236
90
51
81
202
230
280
281
296
32
16
137
263
264
278
128
138
94
118
124
210
277
240
194
258
259
129
197
198
168
220
221
228
243
286
289
293
302
203
205
235
247
249
297
143
218
234
261
262
290
292
238
135
177
227
19
204
208
199
294
256
140
180
272
72
300
162
165
192
132
161
159
189
219
147
141
164
179
191
274
237
242
225
267
121
212
213
184
195
257
268
276
170
56
126
244
155
265
301
156
207
60
63
173
185
223
224
171
266
119
186
64
70
53
61
52
69
76
80
58
92
66
91
67
73
75
79
83
84
87
88
95
96
98
99
101
102
