87
110
84
2
141
24
93
7
17
224
194
69
36
38
34
109
104
114
48
117
14
31
165
108
15
222
123
28
63
106
25
142
4
27
41
152
21
35
90
113
50
101
40
37
103
116
100
119
128
20
107
159
138
9
1
11
30
118
18
120
49
72
96
29
177
105
149
296
112
122
46
147
115
126
22
144
47
39
60
213
42
12
102
111
56
23
57
202
5
44
45
8
66
81
184
10
206
277
169
16
75
6
32
19
99
3
127
53
26
276
54
78
227
43
219
239
13
176
281
157
235
62
302
156
132
175
183
217
231
247
254
284
262
223
148
154
244
212
179
137
288
297
143
164
228
185
187
191
195
209
266
269
282
309
136
201
243
299
133
265
0
226
214
268
287
158
167
215
270
295
180
198
218
251
258
61
261
264
293
121
172
248
271
129
240
168
153
151
190
290
285
150
305
210
130
134
155
160
170
173
181
205
255
307
312
124
52
188
272
292
232
304
162
171
197
199
229
252
257
259
263
298
310
236
196
33
163
278
146
221
207
186
294
249
192
203
211
245
286
68
80
306
274
275
94
140
280
65
193
241
67
233
55
58
59
64
70
73
76
77
125
88
89
97
237
71
74
79
51
300
131
145
225
230
273
242
216
303
238
139
260
82
83
85
86
91
92
95
98
135
161
166
174
178
182
189
200
204
208
220
234
246
250
253
256
267
279
283
289
291
301
308
311
