564
5
463
1134
131
330
212
358
165
353
68
1329
813
475
193
1092
127
159
1057
763
1064
580
880
1306
417
136
223
909
125
499
1476
982
143
686
41
1081
43
306
1006
933
31
46
378
855
392
570
1098
1056
342
873
285
369
1075
128
386
634
890
486
27
272
1420
155
381
836
1390
906
453
724
1013
25
191
489
723
1451
215
1594
34
247
530
1237
1038
1276
1627
163
1669
1686
1012
287
1375
831
141
586
1510
1467
301
382
931
607
666
751
858
1529
1101
606
792
1130
30
23
605
222
252
903
1138
1614
292
635
183
1225
533
189
826
548
404
359
593
38
28
158
1538
713
849
884
830
476
345
865
77
1387
695
1072
1044
337
845
577
237
374
838
642
677
966
1073
1718
595
870
540
974
1109
264
1854
627
230
620
808
1070
14
161
265
917
451
1413
1611
503
1605
1656
203
343
1120
992
431
1717
449
477
590
1163
19
1654
1364
1217
1726
294
623
701
928
1615
914
45
179
851
1285
714
927
458
1484
377
1688
506
968
1629
176
578
47
16
450
738
1397
460
484
654
839
877
522
494
1473
1188
614
1031
40
937
1051
1381
492
1119
560
8
338
106
709
24
334
433
761
920
180
512
519
1352
1555
544
303
393
1316
987
1061
120
309
312
574
650
950
735
154
164
1724
344
1445
42
133
396
737
555
821
708
166
1399
888
249
581
747
205
1345
822
1043
350
363
646
1024
1185
1523
1762
1293
1300
439
87
232
274
899
936
984
1410
307
856
618
290
130
259
413
977
32
185
1216
1648
140
689
17
115
1827
1710
305
401
507
571
749
1249
1667
1825
545
558
467
829
37
1430
239
998
108
44
896
152
372
1200
991
213
787
156
149
197
465
509
1414
437
103
1256
469
511
598
1562
1857
868
1639
126
1574
129
1359
1840
711
1838
659
692
1154
1581
1065
335
715
717
867
1035
1819
1383
281
824
551
825
1552
1670
1828
362
298
1725
399
1566
160
331
333
346
542
616
818
892
1169
1443
1502
1520
1589
1751
1786
411
360
525
674
739
918
960
993
1028
1198
1258
1262
1303
1367
1474
1547
1618
1662
1743
1764
1844
1491
119
471
732
833
956
997
1215
1309
1366
1753
795
1386
98
390
33
1095
1161
407
351
420
91
376
1692
1187
4
282
419
508
523
742
756
777
789
895
985
988
1026
1033
1085
1112
1124
1142
1167
1186
1209
1212
1246
1248
1265
1401
1426
1557
1568
1571
1584
1599
1650
1706
1748
1769
26
1014
1117
1432
1498
1504
1776
493
912
148
1573
1011
204
206
245
630
1113
1348
1683
424
863
1096
812
1230
1851
10
238
656
784
828
999
1148
1168
1210
1241
1421
1560
1660
1714
1747
1806
1823
379
459
480
843
1298
167
227
497
608
744
876
1133
137
244
478
673
790
1001
1457
940
1391
268
432
953
1319
107
1010
1004
864
561
599
603
1518
1396
207
240
817
1228
1616
355
196
320
325
457
672
778
889
1080
1150
1170
1174
1272
1350
1400
1596
1745
1752
1800
447
134
209
319
367
556
638
730
782
827
879
954
1155
1196
1349
1388
1535
1624
1798
1804
1805
1807
7
210
279
383
500
699
740
783
852
1079
1107
1149
1181
1267
1268
1302
1356
1360
1380
1422
1481
1490
1658
1659
1665
1713
1720
1855
1047
146
295
310
371
466
534
624
637
697
703
803
901
1105
1115
1260
1296
1377
1500
1587
1695
1708
1721
1773
1801
1849
1062
969
949
58
291
785
882
1275
1289
669
1777
485
1126
1084
139
187
251
1253
1291
1449
1727
1826
1527
198
366
597
897
1270
1450
1546
1765
546
752
911
1166
1307
1335
2
255
671
767
772
1146
1281
1286
1548
1739
1779
1417
352
410
456
536
568
587
661
704
745
819
898
925
938
951
962
1175
1180
1231
1247
1269
1395
1459
1480
1489
1542
1663
1664
1799
712
924
116
122
764
848
1424
579
728
1273
1411
1416
1652
1668
1715
1793
1
626
354
553
815
66
253
313
327
482
487
520
527
585
841
866
1151
1179
1182
1203
1233
1394
1470
1488
1537
1541
1604
1630
1815
820
1728
332
547
1519
1719
1822
1515
495
242
653
780
801
973
995
1218
1243
1402
1733
195
1211
1239
1295
1389
1427
1433
1841
194
293
1099
978
1756
629
217
847
109
121
939
1036
1118
1327
1602
1636
1532
445
566
1143
365
631
632
800
853
891
990
1082
1086
1204
1266
1361
1452
1471
1595
775
1048
1144
375
746
850
1436
1509
1704
426
594
102
18
498
537
541
589
660
667
902
972
1114
1205
1206
1299
1301
1308
1330
1485
1600
21
441
1813
113
276
1461
1472
408
567
1323
528
1789
1742
36
202
278
414
583
636
652
706
915
1108
1288
1458
1469
1511
1577
1622
1657
173
174
175
406
510
575
596
612
690
770
887
989
1441
1633
1679
1693
1836
11
288
754
963
1121
1176
1242
1337
1362
1516
1846
1634
496
448
859
932
1357
1368
1543
1794
380
904
721
844
1137
1193
1369
1642
1697
225
421
538
816
254
687
1746
423
246
700
1687
241
326
535
582
621
622
705
748
779
961
965
970
1046
1106
1156
1271
1333
1453
1601
1774
1775
415
236
1559
1628
1076
1336
1856
170
105
111
231
296
679
941
1365
1431
1477
1506
357
315
1305
57
971
211
270
322
443
610
1456
1482
1508
1585
162
1007
502
753
798
1606
1689
1712
483
1053
324
1691
1000
1240
1376
1418
1850
258
655
1681
1087
20
1063
97
1344
1635
464
1479
1045
218
726
1620
1236
1567
1378
147
364
741
321
662
698
1294
1486
1770
1845
628
791
1029
1197
1058
1005
1572
1455
434
675
1597
860
1355
1684
554
1613
157
186
349
405
644
681
731
765
769
871
1002
1019
1110
1408
1499
1507
1761
1768
373
501
926
967
1074
1454
1514
1536
1034
300
663
389
693
934
1702
455
470
1321
1145
1795
422
1040
539
1089
1332
118
647
955
1334
1623
1778
3
94
243
400
402
418
524
572
680
702
802
840
1257
1317
1341
1497
1501
1517
1556
1586
1640
1674
1676
1816
317
668
1736
228
935
952
1077
613
1398
1403
1811
1111
1412
1448
1671
563
806
13
280
588
919
1530
114
694
1372
1677
1705
1428
435
1131
1423
1821
861
1780
117
945
1771
986
297
1655
12
51
80
267
428
900
1152
1192
1250
1342
1462
1588
1698
1834
1189
1791
219
430
601
948
1409
314
719
1644
286
329
676
975
1290
1447
1561
1750
1824
123
220
273
473
788
1017
1261
1312
1371
1564
1831
250
262
1136
208
517
615
682
710
758
996
1009
1020
1159
1214
1219
1503
1609
1673
1738
1853
1078
1279
1766
1578
854
1328
1680
576
514
1221
1444
1707
1858
1322
1325
153
1071
805
409
1041
1392
837
1222
1238
1284
1379
29
39
54
70
71
226
472
526
964
1097
1165
1415
1463
1468
1558
1626
1631
1711
1763
1829
6
132
277
388
394
412
454
609
691
727
729
733
734
771
842
913
1023
1093
1104
1226
1227
1304
1326
1440
1512
1621
1632
1645
1649
1651
1699
1744
1760
1835
1852
201
446
923
1178
1184
1404
1570
1797
74
184
235
266
269
308
323
387
440
515
573
584
611
643
725
766
773
776
862
881
947
1008
1022
1032
1135
1191
1208
1244
1252
1310
1315
1318
1496
1554
1569
1619
1637
1647
1675
1772
1796
1803
1832
1833
1837
1848
112
256
670
1122
1340
1576
1666
1818
83
707
1735
48
416
1123
1195
1439
1730
1737
1406
1551
61
135
261
318
569
651
774
811
1039
1125
1160
1177
1314
1685
1812
1054
1492
151
283
395
398
516
645
696
781
886
894
1025
1116
1147
1183
1190
1442
1540
1549
1575
1617
1749
1767
168
442
1015
1700
1741
1754
1861
368
1784
1313
531
893
177
214
234
505
1274
1494
1531
1758
1783
943
1153
1232
755
905
289
479
1164
1259
1661
1354
958
1757
385
1100
1157
1545
124
144
549
640
793
1050
1103
1521
625
1141
462
0
543
649
804
944
1251
1255
1524
1553
1716
138
328
403
565
592
664
743
959
1094
1254
1425
1612
1653
1792
1802
633
311
425
427
461
718
786
874
1213
1264
1534
1847
9
299
481
983
1202
1483
1565
1788
1820
1860
1528
814
302
348
532
1429
1598
64
339
688
1042
907
110
750
834
1435
1723
1690
521
869
1229
1297
1320
1407
1785
1703
171
182
271
429
438
875
883
929
1172
1544
1590
1643
22
86
150
181
229
600
759
768
908
930
1128
1207
1331
1646
1787
878
1343
1393
1465
490
980
1809
188
340
807
1140
1591
35
67
192
641
872
885
1018
1173
1610
1694
658
1282
1382
1525
1638
104
356
1539
557
810
1199
1277
1351
1487
1582
172
1223
101
347
602
648
1090
1287
1678
1808
199
1245
1579
1083
491
619
823
1347
1734
922
1731
248
391
591
665
684
720
857
1027
1235
1358
1363
1438
1466
1603
1814
1839
1843
796
15
145
452
760
1003
1052
1069
1280
1478
1513
1607
1722
397
224
90
260
1037
1060
1068
552
56
370
979
1127
1338
685
1346
504
797
1373
639
1526
200
436
1067
1385
1817
53
562
72
75
284
1059
1781
1842
1732
263
683
799
946
1016
1021
1194
1283
1374
1446
1563
1641
1672
1696
1593
233
275
678
757
942
1102
1139
1158
1220
1224
1324
1339
1353
1505
1592
1740
1782
1862
76
142
341
529
1384
736
916
994
1729
468
1132
60
1580
221
559
657
809
1311
1370
1495
1550
1830
178
316
513
957
981
1434
1759
85
835
1419
1522
62
63
73
78
216
304
488
518
550
722
1129
1162
1234
1475
1493
1608
1625
1859
49
59
384
444
474
617
716
832
921
1583
1701
1709
1790
1810
50
976
52
69
190
257
794
846
1049
1055
1263
1292
361
1755
604
1091
1437
1464
55
95
1171
65
336
762
910
1088
1201
1405
1460
92
1278
1682
93
169
84
88
1066
1533
81
1030
96
79
82
89
99
100
