33
30
23
22
86
83
10
84
79
18
11
82
3
57
25
7
80
54
37
28
31
19
4
32
12
72
112
15
65
102
35
21
17
78
81
29
85
14
110
9
145
40
26
8
159
50
20
6
101
100
147
47
51
64
27
135
36
2
160
0
107
16
108
124
143
153
116
24
156
90
97
106
128
121
136
13
161
53
120
139
157
126
5
1
34
113
125
140
103
111
148
150
94
144
117
41
58
87
154
61
59
141
151
91
95
104
122
137
162
114
132
129
60
44
98
93
118
88
76
43
67
39
45
68
70
46
56
77
133
66
130
48
69
52
105
127
123
138
96
109
115
142
146
149
134
42
73
92
38
49
55
62
63
71
74
75
89
99
119
131
152
155
158
