163
169
7
120
21
110
28
122
54
37
134
58
88
305
214
202
261
142
180
164
192
200
10
17
19
68
98
94
321
329
399
504
93
109
282
429
451
462
205
258
263
33
79
91
224
354
307
148
189
49
57
171
166
143
326
215
272
395
5
209
78
121
77
119
51
227
243
135
81
274
228
265
331
136
123
133
47
193
231
159
222
14
130
252
156
308
62
105
86
198
174
207
48
53
383
8
44
64
126
203
100
1
22
30
60
82
226
6
249
2
104
182
233
0
124
405
186
234
255
107
131
117
92
66
146
456
113
244
18
239
355
317
96
12
25
34
38
76
154
221
251
103
212
266
11
29
31
61
35
165
155
237
238
223
152
177
241
67
114
115
273
289
320
340
347
356
371
398
401
461
473
475
481
488
489
499
511
87
99
108
112
176
253
185
167
187
199
225
246
387
9
242
271
141
196
36
45
50
102
128
138
220
235
324
496
158
264
183
257
181
111
75
297
400
444
290
56
70
129
254
84
89
95
127
157
206
213
319
279
280
284
303
312
322
350
366
384
389
390
391
396
404
408
413
414
416
432
434
463
466
486
494
502
503
178
15
101
480
42
476
97
267
132
74
55
256
184
197
296
445
450
505
71
20
26
230
170
4
23
32
46
195
210
216
218
248
259
43
116
85
16
27
72
204
382
406
418
439
201
240
13
245
311
349
365
374
392
394
397
403
415
433
441
458
465
479
172
173
194
211
217
219
40
330
360
474
175
229
65
144
260
80
270
150
118
161
188
190
41
63
90
250
137
208
145
247
162
69
232
435
508
59
168
332
191
106
285
291
298
299
300
309
310
313
314
315
328
334
335
336
337
346
357
358
362
363
364
367
368
369
377
378
380
381
385
386
409
421
425
427
446
447
449
452
459
467
469
472
483
484
485
491
492
500
501
506
160
139
140
153
236
262
24
83
179
52
268
393
73
125
318
147
269
302
306
342
149
277
288
294
301
333
352
361
412
420
423
424
426
430
443
453
460
470
471
482
507
39
275
276
278
286
287
292
327
338
343
345
351
370
376
410
411
422
431
436
437
468
477
490
497
498
353
373
402
407
419
440
487
495
293
379
388
417
428
438
454
455
510
339
348
372
281
283
295
304
316
323
325
341
344
359
375
442
448
457
464
478
493
509
151
3
