227
198
122
457
256
58
253
276
280
100
249
125
152
175
244
168
177
187
279
223
90
270
15
105
209
236
53
96
150
182
30
67
71
243
169
196
73
153
221
260
220
268
159
266
259
20
36
83
160
180
68
190
171
228
239
200
162
44
128
14
16
214
6
39
93
34
7
234
4
32
185
193
277
11
1
64
49
25
48
97
264
218
80
40
92
60
242
154
232
237
282
172
126
28
254
181
70
31
110
161
233
164
26
116
179
251
222
82
130
231
281
157
178
224
252
267
35
229
258
8
42
59
133
19
149
119
184
186
273
248
102
194
210
207
155
213
163
137
24
9
46
151
183
292
108
117
216
131
38
247
274
0
241
215
388
174
199
269
99
265
120
2
12
13
18
23
45
156
208
263
278
173
246
51
50
124
353
37
146
191
197
272
352
129
5
17
33
76
123
103
52
61
219
275
88
94
127
63
66
79
89
143
203
204
170
195
238
192
87
188
211
141
21
47
72
81
75
189
135
77
22
106
27
226
65
255
477
499
516
43
142
55
414
467
327
148
158
167
201
202
262
225
303
363
10
132
74
101
134
147
176
138
114
115
261
118
95
41
85
328
78
98
107
111
112
139
144
109
205
206
166
296
322
69
212
371
56
398
295
310
413
452
84
91
335
354
443
136
502
104
409
299
62
240
318
365
315
480
375
311
417
476
121
145
230
235
250
257
447
531
386
433
446
340
493
54
285
535
540
543
549
550
29
293
330
404
449
450
489
501
3
321
418
451
532
548
483
505
288
308
323
337
346
357
361
366
379
382
397
426
427
438
440
453
455
462
471
487
497
503
509
523
289
290
300
305
348
356
369
390
401
406
410
420
436
441
445
466
468
495
498
525
536
546
351
291
302
355
359
376
421
444
461
478
517
522
538
544
165
474
475
534
537
539
541
542
545
336
448
500
533
57
86
140
286
294
297
298
316
317
329
341
342
362
370
383
384
387
389
399
400
403
485
488
510
511
520
527
528
547
113
217
245
271
364
469
484
521
301
304
306
307
309
312
313
319
320
324
326
331
332
333
334
338
349
358
360
368
373
377
378
385
391
393
394
396
402
407
408
415
416
419
423
428
431
432
439
456
463
464
465
470
473
479
492
494
508
513
514
515
518
519
524
526
529
530
283
284
287
314
325
339
343
344
345
347
350
367
372
374
380
381
392
395
405
422
424
425
429
430
437
442
454
472
486
490
491
496
504
512
411
435
458
481
482
507
412
434
459
460
506
