131
344
16
129
230
52
70
112
559
94
95
396
116
110
318
162
156
329
91
286
243
305
8
701
503
665
186
461
6
348
225
96
228
553
331
259
678
488
207
522
602
368
375
126
210
248
352
425
416
199
479
183
445
7
531
636
29
420
204
540
345
58
370
545
511
17
127
172
405
467
417
139
157
134
223
618
408
304
392
254
241
21
39
32
149
555
36
438
421
333
601
12
238
281
434
412
119
279
590
595
25
148
109
435
179
83
141
22
397
224
584
280
546
316
389
679
718
450
82
630
607
294
722
242
253
245
717
775
456
491
258
122
34
519
4
159
237
124
610
649
579
415
232
145
170
266
278
634
182
97
192
297
301
275
609
513
364
267
442
577
663
675
707
353
381
525
568
571
575
576
685
738
768
188
211
398
538
770
320
354
385
394
402
465
481
574
605
623
647
177
734
404
478
379
470
485
100
313
514
517
644
730
544
711
570
257
295
361
472
495
501
508
705
772
527
15
151
284
349
480
529
158
171
620
638
118
244
212
509
773
1
324
453
334
563
322
327
401
498
507
676
166
314
741
758
250
285
328
366
689
635
249
287
645
683
120
163
296
399
436
443
500
619
660
93
423
291
632
756
42
173
312
358
391
475
484
206
510
547
588
196
271
282
288
371
383
474
486
558
622
693
221
614
214
236
263
290
308
720
469
180
497
505
31
457
569
604
684
26
326
387
674
682
703
744
774
213
627
690
765
105
165
27
428
557
411
659
400
444
468
198
769
534
38
136
289
321
350
393
597
608
712
740
200
365
407
431
596
629
732
433
539
631
760
430
565
655
190
406
661
323
359
466
603
716
739
23
85
87
30
309
697
658
123
161
197
269
273
335
562
626
88
203
459
688
746
144
336
111
104
706
726
146
437
246
360
493
164
155
377
654
102
117
564
598
541
694
748
763
311
637
719
499
205
662
128
256
369
653
692
745
506
432
439
115
492
533
449
174
274
526
473
715
133
332
699
3
81
749
140
215
464
566
567
691
747
780
651
342
184
185
208
227
337
346
240
121
194
356
778
231
386
520
578
611
616
24
255
764
535
37
90
582
33
477
107
191
261
709
247
441
664
733
49
73
92
137
319
482
599
742
13
103
672
143
755
643
11
168
195
201
268
270
272
292
298
299
325
380
382
384
471
572
681
736
84
80
142
189
426
454
532
639
686
779
86
176
721
543
589
757
229
542
43
98
202
728
0
65
99
114
160
363
573
581
606
628
642
680
704
729
737
743
766
771
220
306
317
458
489
528
656
657
687
761
169
669
776
781
28
69
646
234
448
551
217
367
89
410
150
74
101
187
340
560
587
624
668
759
494
516
222
293
429
476
487
677
18
315
731
113
550
339
460
125
252
341
343
5
167
283
372
615
376
390
502
621
135
226
239
303
357
523
586
594
671
750
753
277
556
307
9
10
300
302
422
440
455
490
580
633
667
698
702
754
35
362
153
251
264
537
512
57
419
696
648
20
108
418
424
585
725
209
752
451
613
593
504
767
378
673
536
710
713
310
351
625
374
463
218
652
446
147
330
219
548
413
518
138
14
19
347
395
403
427
524
724
262
554
154
640
762
561
178
591
2
600
130
549
235
75
54
62
66
152
175
216
260
452
462
670
708
751
714
46
106
193
617
700
782
388
612
50
276
132
338
583
650
44
77
181
496
515
59
233
373
447
592
727
735
355
521
409
695
777
666
265
483
45
67
76
414
530
552
63
68
71
78
641
53
60
61
723
72
41
48
64
79
40
47
51
55
56
