11
10
43
59
110
483
193
224
122
96
38
120
131
65
136
18
53
174
230
141
22
44
75
85
129
329
13
45
56
73
119
139
488
130
281
287
425
463
219
52
276
360
364
375
390
395
416
421
434
439
453
470
489
208
321
334
441
105
175
170
5
117
79
20
57
215
465
491
280
333
340
498
154
163
167
196
209
256
77
300
376
306
392
104
226
246
162
191
222
243
411
172
95
118
134
202
207
121
210
94
168
169
217
159
245
255
158
6
89
92
138
106
35
36
124
8
403
63
257
99
288
294
344
374
399
205
229
234
195
160
146
72
282
283
341
347
354
357
377
388
413
452
457
468
469
494
495
237
109
126
81
7
9
135
114
261
111
40
31
269
19
41
42
80
34
55
148
137
309
310
338
383
393
179
27
221
274
108
216
250
153
299
188
97
0
166
164
178
228
249
82
311
369
408
447
98
142
198
29
200
387
449
12
61
76
157
185
84
181
260
171
201
220
24
241
270
247
91
64
58
113
23
324
355
458
264
430
448
293
303
308
319
370
407
443
493
32
265
102
15
147
165
199
103
275
389
93
115
345
48
194
183
87
314
337
25
144
225
211
235
88
116
151
286
298
304
305
316
318
335
361
394
398
406
417
426
438
454
471
279
295
296
325
368
385
386
431
432
459
460
499
505
506
267
66
133
26
262
16
68
176
232
253
266
21
37
69
90
128
410
203
238
214
184
177
248
263
356
28
197
258
336
371
380
391
402
424
461
466
474
259
479
233
189
339
420
231
252
190
213
155
273
101
440
405
51
204
320
367
409
451
475
70
156
239
127
289
317
74
268
145
149
271
212
186
227
123
152
251
17
1
78
54
107
33
4
86
112
423
39
285
292
302
313
322
323
331
342
348
349
353
359
362
373
378
379
381
382
400
414
427
436
437
446
455
456
480
481
501
502
509
511
143
62
242
240
218
140
244
272
206
187
397
433
326
297
67
182
100
173
192
60
50
71
46
291
301
328
343
352
372
428
472
510
30
49
83
125
284
312
327
358
363
401
418
473
496
497
508
180
47
2
150
485
223
422
290
330
346
365
366
412
450
476
487
492
504
277
278
307
315
351
429
435
442
464
477
482
490
500
161
132
332
396
404
415
419
444
445
484
503
507
254
236
350
384
462
467
486
478
14
3
