6
1
9
7
10
0
13
3
25
48
124
60
44
169
56
28
46
67
79
136
18
15
14
72
112
20
22
171
12
33
55
43
8
57
476
61
141
52
143
27
183
4
164
93
29
139
380
416
113
49
2
70
63
188
26
157
147
16
126
98
142
80
84
24
77
36
161
69
82
117
110
95
494
37
132
87
23
86
108
488
35
19
11
94
127
30
71
45
17
65
21
104
152
34
109
168
68
138
76
54
392
47
180
463
374
133
434
64
422
51
102
122
88
162
106
344
32
350
410
260
440
338
177
458
151
464
242
460
462
424
466
244
418
340
382
346
412
394
478
436
376
490
262
442
496
499
385
393
395
396
417
414
415
342
419
246
427
379
435
347
493
444
479
480
481
465
467
468
469
265
352
353
354
355
212
324
214
217
216
215
325
323
322
321
320
228
201
293
358
231
203
229
233
356
291
357
235
360
359
234
224
225
226
227
202
290
292
294
295
249
251
250
252
253
248
303
399
398
257
256
255
400
401
254
305
304
307
302
306
408
409
407
406
405
404
297
331
330
329
328
299
296
300
301
298
313
391
236
237
238
312
390
310
387
388
447
362
219
218
266
221
220
449
364
268
269
365
363
446
271
289
337
336
335
334
288
284
287
286
285
456
432
433
206
207
208
209
457
428
431
452
453
454
455
283
282
281
280
279
278
317
373
371
368
316
315
314
372
370
369
484
483
470
485
486
472
473
471
474
475
274
277
276
275
272
426
200
448
437
308
91
445
384
247
264
135
239
378
498
114
492
83
345
343
41
327
163
165
429
39
389
121
119
99
59
179
96
42
160
170
97
270
130
62
38
333
332
487
