7
10
0
4
9
447
372
384
249
483
479
380
248
246
245
443
449
181
444
285
281
282
284
510
366
506
362
555
258
204
551
200
254
257
255
23
348
240
492
465
344
461
236
488
91
98
303
294
438
357
299
353
434
290
302
222
411
546
393
213
407
542
209
389
210
218
330
537
474
315
533
470
326
321
453
317
140
320
318
311
456
375
60
402
267
398
263
95
266
500
165
276
501
528
429
272
273
275
425
524
342
522
234
423
137
230
419
338
518
339
75
175
120
310
312
420
519
517
418
71
169
13
231
229
119
22
39
3
15
36
147
26
111
73
28
67
50
33
96
54
14
19
48
18
89
6
52
68
162
81
32
47
58
30
42
17
16
192
156
144
8
125
182
83
21
55
141
88
41
11
5
92
45
25
102
40
93
138
72
166
27
79
77
157
117
101
31
56
34
143
24
1
29
121
12
63
139
115
190
80
107
177
103
37
64
51
178
44
149
82
388
487
478
469
459
559
298
244
433
406
550
442
378
514
532
496
415
370
361
352
397
502
208
541
334
226
268
271
225
304
217
216
253
337
325
262
280
289
279
286
448
173
451
180
145
508
526
364
206
368
427
359
481
374
376
457
202
404
409
413
431
350
395
535
463
490
242
504
467
238
296
306
485
346
220
66
382
355
498
494
158
332
328
539
512
553
292
122
544
472
436
530
476
440
400
455
557
386
548
391
520
523
174
252
256
308
221
224
97
94
212
340
53
211
90
300
199
227
76
232
313
270
269
316
135
43
265
264
416
62
515
516
250
335
168
287
191
260
261
195
319
167
324
170
131
421
179
133
274
