0
8
5
160
199
150
130
145
180
3
25
10
110
190
115
58
100
35
65
80
198
59
165
20
55
40
120
53
60
41
50
125
116
73
75
30
105
38
103
45
15
70
6
175
22
109
2
137
182
79
28
37
104
47
96
9
23
13
26
162
21
57
77
113
185
171
187
188
11
63
14
119
83
1
17
33
93
71
64
42
86
154
143
95
85
32
34
44
12
94
48
87
18
183
19
152
112
254
7
149
74
49
184
54
88
66
31
132
92
268
195
161
82
155
144
52
196
72
16
56
36
236
131
97
256
261
269
273
138
121
210
206
148
213
228
215
277
278
276
275
211
127
51
128
232
222
234
220
247
248
126
201
249
203
237
251
194
208
239
224
225
181
84
108
272
271
241
257
169
68
218
217
243
29
229
263
173
102
260
265
245
246
101
