6
0
2
9
4
204
216
240
236
249
245
212
267
231
227
263
20
285
281
180
261
287
22
257
114
120
32
162
10
38
47
222
218
221
13
95
69
126
21
97
23
103
17
42
124
139
44
77
61
78
3
28
8
41
75
83
46
34
24
39
55
5
31
86
53
48
119
68
12
84
79
33
56
81
19
158
57
113
14
45
1
117
73
148
37
25
140
67
7
170
30
107
49
63
16
166
144
136
27
35
51
99
62
155
110
82
50
29
149
276
272
199
258
213
85
60
208
253
235
244
271
280
106
200
226
223
286
90
211
111
256
259
251
105
175
229
191
202
238
269
247
265
74
233
194
206
278
274
242
127
289
192
220
100
118
255
224
76
93
94
154
129
283
282
65
98
151
168
217
165
182
123
96
15
145
54
185
210
159
