0
6
8
172
128
112
186
7
136
124
188
141
92
28
220
164
248
104
100
176
16
106
108
20
48
144
60
298
148
80
41
87
64
44
52
88
38
179
184
168
24
68
63
156
199
162
62
66
192
35
116
132
260
49
76
290
73
152
79
50
236
275
228
242
32
155
140
17
21
161
51
42
40
14
143
11
18
101
9
31
4
65
3
19
22
2
25
166
187
27
13
53
37
10
39
23
67
45
93
75
15
121
5
91
182
97
94
30
34
217
96
113
98
90
151
69
47
154
126
57
280
167
145
86
46
130
36
70
133
43
174
195
206
205
160
226
159
222
61
77
78
82
224
138
58
229
244
238
296
295
55
177
54
56
245
207
105
111
103
261
134
263
209
265
212
267
250
258
251
272
239
274
254
169
294
293
255
118
213
214
202
233
215
216
203
269
283
282
285
277
287
292
231
