6
0
170
110
100
150
30
180
113
130
140
60
123
80
63
225
70
206
211
229
233
236
213
214
215
216
219
220
228
227
221
222
199
11
10
17
57
12
120
56
28
38
31
224
54
201
50
238
43
3
141
20
7
15
133
35
8
90
86
49
99
72
179
4
73
9
153
160
34
23
21
177
5
58
14
25
92
18
39
47
76
171
27
33
102
155
62
24
114
16
19
41
67
82
66
192
55
85
93
96
74
142
46
83
2
13
166
48
88
65
144
189
78
188
37
173
94
1
185
79
42
135
109
44
84
162
127
195
208
159
218
81
119
163
71
146
204
29
126
52
122
172
175
148
137
154
91
95
134
151
209
210
182
232
