8
0
2
9
220
225
250
240
265
210
275
270
315
325
285
305
335
280
235
230
330
295
290
245
246
345
340
215
260
300
200
320
310
255
205
10
257
56
166
6
156
27
11
31
37
12
83
35
19
57
63
24
77
95
173
7
102
14
50
113
127
76
34
89
3
165
138
1
91
17
81
21
33
44
16
23
13
68
42
18
160
30
167
26
75
61
96
39
70
25
32
54
90
46
49
93
20
146
168
189
115
72
60
40
28
53
51
134
43
65
29
62
175
119
118
161
151
59
48
190
109
147
137
197
125
15
266
262
211
192
202
312
316
317
162
207
226
227
231
241
237
326
301
291
307
297
217
271
221
272
322
251
277
52
282
281
287
286
336
347
346
331
342
341
344
128
69
86
186
194
38
142
85
22
338
337
259
292
233
232
219
80
131
188
129
276
187
236
126
185
135
223
182
311
309
261
152
150
111
303
198
333
332
140
177
299
213
324
204
242
248
209
107
84
82
267
327
328
253
