6
0
8
7
4
17
149
14
170
77
50
157
92
106
22
34
131
31
122
100
28
73
53
168
54
121
11
23
152
98
2
16
12
42
115
9
64
52
151
3
18
21
86
39
112
20
82
25
51
24
27
35
482
470
46
140
114
19
74
142
174
36
78
120
60
61
45
91
141
193
80
40
143
160
68
44
392
192
5
62
10
29
105
96
144
124
81
59
85
118
326
15
137
33
356
32
156
136
48
134
70
88
284
159
58
95
285
164
132
113
184
103
108
422
49
374
308
314
464
494
458
287
286
376
358
466
472
496
316
460
394
484
328
497
495
331
473
471
469
468
485
463
396
462
461
378
357
379
377
375
319
318
317
315
424
425
426
427
423
220
218
223
219
221
222
310
313
311
309
323
456
321
320
322
324
457
452
453
454
455
382
293
399
214
388
291
212
386
401
380
389
390
213
215
216
292
385
381
290
384
403
402
400
398
249
251
253
252
250
248
270
255
254
247
373
256
257
271
372
246
368
266
267
245
244
299
241
240
239
238
297
296
298
300
301
493
492
409
406
405
489
488
491
408
407
411
234
233
232
231
413
410
412
414
415
204
429
430
431
432
205
202
201
200
203
419
335
334
333
332
417
416
418
420
421
350
339
444
445
446
352
448
341
440
441
354
447
449
450
451
340
342
343
338
362
364
365
366
367
363
207
208
209
210
211
264
439
263
262
261
438
434
435
436
437
227
479
478
477
476
225
226
229
228
224
281
349
348
347
346
279
280
278
282
283
305
304
307
306
303
277
276
275
274
273
30
355
178
359
107
483
146
145
397
330
370
371
369
428
190
268
176
63
237
236
198
47
119
235
161
128
69
182
57
84
344
111
391
345
387
129
97
89
242
243
110
265
41
443
