4
0
7
8
10
250
225
220
230
245
265
210
215
290
320
305
255
300
240
295
235
275
310
280
335
330
340
325
315
345
231
205
260
66
261
270
162
184
285
287
200
201
20
6
11
165
44
34
154
5
3
13
1
58
77
24
29
60
35
43
191
52
36
27
12
157
180
96
22
19
151
55
23
26
123
32
21
28
18
100
17
109
118
87
130
70
30
89
57
51
16
117
121
110
82
25
72
133
93
2
40
37
126
61
116
152
33
149
81
169
88
9
132
190
94
156
85
14
195
159
38
139
71
158
76
91
112
62
188
296
212
297
271
312
311
266
246
247
302
63
301
206
251
252
173
321
281
221
216
217
306
194
256
292
47
316
277
332
326
242
237
78
226
342
227
347
346
336
56
176
73
268
267
67
45
294
64
108
84
203
41
232
90
263
150
155
187
207
163
185
236
124
148
308
307
317
318
286
102
167
166
101
323
322
344
341
214
222
279
146
244
327
328
257
283
75
136
141
143
331
273
334
338
