0
7
6
3
265
395
325
225
215
240
295
205
250
245
230
285
300
220
310
330
305
320
275
345
270
260
350
365
335
340
280
360
235
255
370
380
315
385
375
290
8
355
210
390
392
154
177
10
52
73
68
357
117
76
203
107
27
31
162
72
12
134
34
137
65
39
90
74
87
25
23
112
24
19
46
43
61
88
159
67
89
9
20
97
5
56
66
84
108
54
17
186
14
119
106
77
78
49
131
95
13
62
15
178
194
53
30
47
182
64
37
21
1
45
48
136
180
116
105
51
36
69
174
102
81
11
29
60
50
127
33
83
100
35
118
4
113
120
157
201
197
124
44
155
71
161
94
198
199
181
121
302
236
331
332
271
251
341
342
296
216
326
327
241
367
211
292
291
232
256
362
361
307
376
262
287
347
312
372
371
85
381
281
266
352
246
351
276
221
317
207
316
227
397
337
396
321
322
386
387
32
173
130
28
109
152
150
148
394
391
304
147
212
80
261
75
209
257
253
336
231
366
139
179
248
309
311
128
55
238
359
356
204
183
92
283
346
222
223
226
297
298
63
243
277
273
268
167
289
218
378
286
96
166
382
