6
0
8
5
185
135
195
160
15
90
175
150
110
83
65
100
145
170
62
125
70
120
199
88
95
140
85
55
28
10
52
40
46
165
162
60
45
80
180
30
176
50
20
43
32
105
102
126
130
75
67
93
26
14
12
25
19
35
17
38
144
136
27
13
81
106
9
49
7
16
48
42
111
127
3
115
86
1
156
29
191
22
31
33
69
68
79
34
64
53
190
36
4
108
122
132
172
24
78
59
92
21
23
118
51
18
133
114
97
154
196
261
103
189
107
41
37
128
129
96
121
178
276
2
109
119
117
57
139
76
278
208
212
141
213
214
224
71
56
215
143
134
274
273
272
271
228
58
210
219
230
226
231
89
184
241
243
194
153
240
233
246
44
250
248
251
235
254
206
258
237
164
198
186
255
155
263
259
203
204
218
217
266
202
221
267
269
