8
7
6
15
21
215
13
210
0
220
240
245
205
235
49
230
25
225
11
37
58
32
3
200
41
27
14
112
42
78
154
173
163
97
38
90
44
116
133
182
52
34
46
189
152
121
57
166
67
72
31
30
1
60
5
107
26
54
103
122
70
10
62
17
2
140
16
18
93
82
29
141
19
4
24
113
48
174
84
68
50
108
79
131
129
12
197
102
20
120
56
36
183
96
137
74
22
40
99
64
33
77
127
159
83
142
124
126
199
69
23
211
237
226
232
216
222
221
175
207
201
202
247
246
242
241
138
35
9
168
73
160
66
179
65
157
87
59
239
236
213
217
39
47
53
95
92
209
231
228
91
172
195
178
134
71
136
