14
18
36
34
11
29
8
1
26
103
2
64
7
91
127
9
0
6
115
32
23
47
171
39
105
19
3
13
155
55
12
65
69
153
16
43
21
177
25
4
67
97
156
70
116
68
57
117
61
79
30
129
114
101
75
35
28
31
58
123
50
93
198
52
110
10
17
112
20
122
38
136
140
84
53
124
40
60
56
181
63
94
5
131
100
48
80
128
71
163
92
81
96
248
161
221
87
82
254
236
256
238
219
250
259
174
241
220
253
252
33
158
137
78
225
234
235
227
229
231
201
217
203
216
214
215
205
204
210
209
207
211
244
242
243
245
233
240
109
218
45
95
228
62
143
113
22
258
195
164
196
160
142
133
138
102
90
89
135
27
44
107
120
130
149
212
185
