6
7
210
225
230
220
215
2
200
245
235
21
240
205
206
4
19
28
207
208
5
3
171
85
40
15
10
52
38
34
11
102
141
39
120
53
9
0
27
56
8
18
158
124
32
77
69
114
30
98
109
67
49
1
50
62
90
26
74
13
125
72
59
82
96
81
48
197
25
12
16
121
20
76
22
192
68
115
47
167
46
134
14
61
188
122
24
88
78
95
41
31
33
139
73
87
51
169
66
37
106
17
136
71
57
55
65
140
45
63
164
170
64
29
108
93
194
143
211
226
237
231
216
202
199
221
247
246
242
241
142
58
83
131
36
129
99
44
186
218
213
107
239
236
153
223
182
92
163
101
201
185
42
227
156
176
232
233
151
132
100
