0
8
6
1
249
234
245
246
230
258
254
228
204
285
208
281
222
240
218
236
276
213
272
210
268
20
171
264
14
140
11
46
87
2
176
95
53
132
60
41
58
116
44
12
109
43
188
73
21
30
32
84
13
47
33
178
74
127
78
19
88
133
96
34
37
117
153
17
10
3
48
62
7
66
16
15
22
81
50
123
25
57
49
9
134
35
115
179
122
82
113
23
31
68
103
5
138
195
63
39
40
104
114
159
52
69
196
119
164
168
91
174
269
267
289
55
262
216
226
244
200
280
101
252
173
94
235
229
136
150
71
167
206
220
242
256
287
121
110
212
202
191
131
42
224
250
105
214
238
283
260
155
274
278
80
198
185
36
89
27
156
172
248
125
271
270
166
161
76
51
83
108
67
126
38
98
231
111
72
266
4
