0
6
1
8
7
43
16
63
17
5
11
41
19
83
136
73
58
48
105
94
72
47
24
28
36
23
3
60
21
97
127
93
159
113
37
20
52
49
39
82
106
91
133
46
158
10
132
9
34
137
51
123
2
61
40
22
71
180
32
26
35
87
54
38
81
84
156
482
57
134
170
92
157
25
31
15
74
12
494
368
141
101
362
45
182
78
30
13
33
152
86
44
14
350
338
374
380
452
476
126
102
104
64
128
172
440
80
68
464
88
446
42
55
96
410
416
488
206
56
148
386
314
364
418
442
316
466
388
382
478
496
352
340
490
370
448
454
498
499
495
366
465
420
381
383
492
493
491
489
372
355
317
387
315
389
341
479
477
343
457
451
441
443
444
445
59
193
50
167
161
412
376
484
208
378
209
486
413
379
415
213
261
245
275
242
243
273
215
263
244
212
274
216
260
272
249
270
269
268
267
251
248
250
252
253
312
325
259
258
257
324
313
309
321
320
331
334
409
408
335
333
332
330
407
406
326
329
328
327
233
231
230
232
234
235
303
422
423
424
425
305
302
304
307
306
218
403
224
223
349
220
222
402
348
226
344
398
229
228
345
291
435
436
200
437
293
202
290
295
294
201
203
204
205
240
241
236
237
238
239
279
300
463
462
461
281
301
278
282
283
299
297
296
298
392
394
397
396
395
393
473
429
470
471
472
431
428
430
432
433
288
359
356
284
285
357
358
286
287
289
354
131
373
262
434
421
459
456
255
450
207
400
311
467
194
487
367
363
365
485
271
99
181
185
90
198
117
116
115
114
214
347
53
163
107
189
171
405
404
323
65
188
339
109
110
62
124
4
151
146
411
