0
9
8
245
225
220
205
215
235
200
210
260
240
250
270
290
280
275
285
135
6
230
295
255
162
257
265
267
30
199
4
46
10
2
75
91
25
16
71
174
31
43
50
36
49
41
77
138
27
44
154
109
11
94
88
64
33
72
37
98
45
48
7
74
104
60
13
1
146
32
81
21
19
40
95
61
92
93
24
79
66
63
53
90
17
3
15
39
130
38
29
107
140
42
54
122
52
18
134
139
23
65
22
124
57
169
5
12
14
97
121
144
82
56
188
165
103
195
20
186
202
247
272
261
206
211
237
221
222
180
252
276
227
242
226
297
296
217
281
232
282
286
287
292
167
166
176
100
85
137
163
236
67
189
118
241
47
116
59
159
263
262
123
35
259
86
132
269
294
291
216
251
178
105
277
201
274
125
136
234
213
147
106
246
207
