6
0
3
11
9
240
236
239
237
136
321
204
317
63
200
312
348
258
254
308
344
140
375
357
353
371
330
339
231
222
218
227
335
267
366
285
263
362
281
213
276
250
272
10
210
28
61
101
77
68
246
118
50
121
75
169
62
41
34
67
15
47
159
5
13
73
82
128
29
55
26
54
168
1
4
24
69
127
44
32
45
16
48
39
64
31
7
95
42
18
38
40
154
20
157
58
17
22
71
49
8
51
139
108
33
37
53
175
88
2
14
36
196
85
35
104
143
131
52
87
120
56
83
65
84
185
290
137
144
294
125
303
299
110
296
149
107
70
138
162
79
178
21
251
379
271
280
331
307
208
352
262
343
329
235
289
370
325
316
361
216
226
91
130
192
295
96
249
244
243
241
278
220
265
327
260
355
287
206
314
256
30
233
310
341
333
337
224
319
301
346
161
212
364
274
202
377
305
368
269
214
323
350
373
229
283
359
189
126
124
248
179
89
102
25
27
298
297
106
105
81
57
46
165
181
97
93
253
174
152
167
194
145
199
291
