370
348
374
375
339
389
307
347
319
305
399
384
369
383
363
317
314
366
331
349
364
395
396
386
376
356
388
385
360
304
327
355
329
323
393
320
394
316
301
302
315
325
326
334
311
306
309
368
303
378
365
300
351
313
341
353
397
308
359
330
381
332
328
343
321
337
379
322
338
324
377
310
312
382
350
335
340
354
344
357
342
345
140
333
268
272
318
371
280
180
250
231
264
284
352
142
220
233
158
224
277
167
259
170
251
286
237
147
289
152
154
178
111
274
266
129
260
182
336
184
109
247
206
210
244
202
246
148
117
199
290
296
173
145
254
162
267
124
132
243
194
207
242
239
68
208
198
238
159
172
125
249
171
121
252
91
116
222
248
256
269
155
120
105
213
221
99
188
53
104
177
292
60
144
150
205
134
14
114
143
282
100
41
52
160
131
230
119
176
241
46
133
232
263
189
59
74
95
185
275
223
93
82
166
26
87
76
7
201
0
240
261
294
183
186
270
373
273
138
216
276
118
174
9
66
6
8
146
39
217
61
25
20
40
285
192
97
13
191
281
22
161
123
35
127
135
92
29
12
90
225
51
28
16
79
23
17
103
21
1
110
10
18
56
32
36
72
58
30
33
15
80
193
24
122
190
37
50
27
85
2
101
71
3
94
163
83
112
98
5
47
136
130
257
187
203
181
212
96
169
214
293
195
42
44
70
86
298
209
67
57
157
102
31
179
38
253
19
229
113
49
196
