6
9
736
439
1
0
556
772
961
322
331
592
817
727
844
574
565
853
862
871
588
840
304
1015
979
421
781
376
790
313
777
673
547
385
808
799
367
358
700
880
876
682
952
619
628
637
646
988
655
430
448
394
835
997
763
691
583
511
610
403
538
925
943
466
475
484
493
502
520
529
921
1006
907
319
1011
867
934
534
957
768
898
601
754
412
633
579
804
933
795
939
457
651
975
489
903
642
759
1002
813
330
750
480
306
984
696
993
598
745
948
678
709
826
349
340
453
831
669
525
732
786
822
343
897
606
705
507
849
462
417
515
718
470
623
622
620
875
614
604
603
596
714
1019
659
650
452
632
631
629
587
578
758
434
767
433
695
431
694
302
776
425
397
442
440
992
641
935
932
407
677
406
713
983
686
704
722
389
728
730
731
911
559
316
1010
359
785
560
557
794
314
551
863
488
497
965
821
503
505
506
521
523
379
368
542
370
884
325
748
947
380
566
461
803
956
857
478
740
476
812
533
896
353
929
350
1001
352
839
332
848
830
570
916
444
858
415
426
723
743
372
561
615
741
912
917
744
392
360
338
516
390
687
336
889
339
399
354
555
553
410
664
970
885
890
973
665
892
893
968
974
668
972
966
666
661
472
474
498
499
501
381
625
627
545
549
543
544
546
438
436
364
366
310
312
346
348
663
3
600
931
865
919
902
901
568
567
408
855
594
590
585
581
509
937
446
450
927
455
459
464
923
468
321
644
495
648
792
491
653
486
482
905
1008
689
752
684
680
909
675
756
671
761
824
531
536
851
540
846
842
837
833
981
716
950
945
738
419
423
941
300
657
765
707
734
401
810
635
770
774
882
878
779
977
374
639
819
959
383
387
954
612
873
828
334
990
806
783
328
323
602
995
608
527
711
986
815
702
963
698
999
720
1004
869
801
576
788
513
572
797
1017
1013
308
471
345
552
435
624
660
363
131
10
191
895
210
915
725
726
729
355
356
886
888
517
693
864
518
690
519
522
621
341
618
894
196
156
284
189
236
19
165
91
36
99
398
402
362
562
405
411
396
413
416
378
432
616
617
860
859
428
427
913
375
746
749
2
15
7
73
18
14
171
98
25
108
237
102
244
248
53
37
35
161
55
96
110
143
115
29
13
90
68
42
80
166
117
185
63
77
229
214
34
30
38
16
146
5
184
11
26
144
60
22
221
24
299
195
113
118
65
70
256
74
123
85
88
253
87
252
212
75
129
45
12
23
62
86
67
243
119
40
283
288
116
128
105
50
51
215
21
89
157
289
59
32
44
33
202
164
93
217
121
274
152
72
124
140
17
43
79
56
267
20
66
97
207
100
41
158
76
126
218
251
27
147
58
47
163
240
84
222
69
109
101
4
178
188
120
57
28
250
46
112
78
31
71
155
287
135
197
241
106
130
48
137
94
122
136
160
162
168
192
170
261
238
234
233
39
231
226
49
223
52
280
281
219
205
151
213
285
181
