6
7
0
493
466
9
304
313
322
511
349
403
345
507
358
376
367
340
556
421
430
439
637
547
426
543
655
538
619
331
651
412
394
646
475
529
642
574
592
610
457
565
385
606
615
633
552
534
562
588
435
382
454
583
584
502
579
525
384
363
570
659
362
371
377
379
301
344
353
641
395
397
596
467
460
459
309
443
542
497
326
496
494
614
503
332
533
334
335
515
568
424
422
416
415
413
578
476
478
479
434
407
307
623
317
551
560
650
484
417
498
408
471
489
485
480
462
400
564
468
520
402
391
393
390
448
516
524
521
449
523
444
450
451
601
628
372
330
328
599
626
604
631
624
597
600
360
338
342
355
336
324
320
388
386
357
585
586
504
505
487
486
10
456
554
441
437
369
617
311
305
303
594
590
608
509
635
549
458
566
347
545
365
315
432
648
531
644
576
428
653
572
558
540
612
621
527
657
354
327
381
4
263
453
351
639
536
513
629
632
119
184
120
209
225
159
19
245
227
295
204
8
318
203
499
495
414
581
473
404
410
423
472
469
519
630
522
491
518
602
463
419
418
356
405
359
474
374
477
373
481
375
445
446
12
77
33
3
34
22
28
213
131
29
26
61
183
296
244
55
126
217
165
76
98
20
125
31
18
23
81
144
132
104
279
59
50
73
268
92
171
293
199
273
140
87
158
17
114
13
1
40
11
52
91
298
127
15
105
64
21
53
66
67
156
49
44
103
95
233
121
62
240
180
24
57
216
45
14
27
36
72
201
70
56
99
130
164
16
266
146
221
69
175
65
106
250
5
134
25
194
191
32
281
124
102
51
174
38
48
78
192
83
68
272
259
85
195
80
74
60
141
236
2
257
193
35
255
212
224
143
88
163
160
256
107
178
147
223
93
211
241
269
139
75
138
177
41
150
148
46
229
264
205
206
270
84
30
172
151
37
288
287
58
169
170
187
189
200
202
247
113
276
71
277
260
