320
328
326
339
322
307
303
334
314
325
315
318
308
312
310
305
302
333
311
324
309
300
327
301
321
304
306
313
336
329
317
319
331
332
323
289
183
174
233
279
127
236
223
193
189
154
220
213
221
281
242
253
269
275
282
232
293
137
195
237
113
177
290
252
229
123
148
270
276
224
217
246
234
249
188
257
171
241
162
205
3
91
136
118
71
48
190
201
129
294
298
204
166
133
212
198
173
165
287
69
168
203
187
107
114
164
299
211
20
161
330
156
180
10
197
182
243
194
105
100
7
102
160
8
1
0
172
245
266
112
259
244
78
93
134
54
59
74
92
4
268
89
75
73
42
25
152
126
87
43
24
115
84
65
52
222
33
139
116
214
49
274
60
153
45
67
12
101
6
57
85
2
207
120
37
104
219
70
36
28
255
77
16
50
11
79
9
215
17
51
26
155
146
18
40
31
94
121
5
230
99
62
55
22
63
32
35
117
291
30
53
283
21
44
151
108
209
13
248
76
80
39
64
176
38
124
82
206
239
14
200
140
262
163
119
288
210
29
147
72
178
95
132
88
135
297
273
90
131
296
96
271
47
122
141
235
