0
8
2
420
340
405
427
4
355
325
343
329
349
341
345
309
327
335
315
319
357
385
359
363
447
415
413
365
373
443
301
387
451
435
445
391
449
409
439
455
132
303
16
79
367
129
368
434
113
371
421
393
375
401
431
441
361
399
353
412
398
425
377
403
165
198
210
45
238
219
111
3
204
213
407
153
237
141
135
87
390
458
216
228
75
233
93
117
234
114
171
437
82
383
84
138
30
108
430
177
418
96
162
176
156
174
454
314
42
226
207
175
39
324
51
63
334
333
222
144
396
150
90
312
299
105
139
186
424
370
53
130
338
229
183
24
225
121
236
6
230
291
32
66
92
122
15
123
382
69
72
33
348
322
37
118
67
192
131
54
191
40
149
101
290
59
147
27
21
120
317
98
215
379
99
164
137
29
55
159
36
77
288
81
26
78
220
251
14
56
20
133
9
17
5
19
65
58
95
194
10
41
38
43
7
116
47
250
11
102
49
35
50
13
18
74
25
48
128
60
28
71
146
23
100
22
46
239
168
201
34
62
57
12
248
209
136
61
188
155
106
182
31
83
163
298
246
173
308
384
286
181
68
289
167
127
125
247
331
44
270
170
217
89
278
202
223
140
214
252
227
145
200
193
169
268
64
52
160
306
274
293
166
112
240
283
76
296
426
351
