198
286
291
221
284
142
283
247
171
199
259
257
0
7
6
10
9
309
315
12
374
377
319
327
5
351
355
389
339
345
365
347
376
321
349
383
245
307
406
304
357
359
381
16
299
410
150
418
371
393
385
411
413
336
334
235
95
387
100
145
107
338
92
416
344
288
170
370
367
220
402
408
400
397
398
301
267
225
226
80
332
391
125
96
70
256
180
285
36
403
155
362
317
258
318
330
325
148
50
182
60
313
205
230
324
126
53
260
353
152
76
210
363
46
341
120
63
131
240
28
311
396
109
115
135
187
130
84
14
73
78
54
105
110
229
189
1
65
30
202
206
296
280
167
45
113
140
195
15
251
237
20
72
184
21
165
42
55
215
160
2
68
111
23
26
13
34
61
47
40
169
178
27
39
219
18
52
144
11
119
58
250
162
25
108
218
35
32
44
64
48
134
3
19
191
37
75
38
273
17
129
8
22
31
159
85
188
93
71
136
91
106
128
139
59
176
200
233
29
201
149
209
56
271
227
66
4
116
43
41
101
104
242
117
112
82
243
277
239
33
224
69
141
380
164
132
275
138
217
183
77
272
262
158
263
143
395
306
179
241
181
81
216
99
