0
16
14
13
109
12
90
11
18
19
15
21
20
17
91
26
6
135
7
23
92
10
1
39
122
41
137
34
48
94
192
187
184
55
93
247
124
32
29
136
145
8
22
30
111
126
28
5
194
44
51
64
121
42
43
46
213
63
112
165
36
98
191
152
195
58
54
25
118
199
147
246
193
31
210
208
56
100
47
102
120
241
133
89
123
103
127
40
148
134
172
151
233
130
9
235
223
24
209
174
205
95
219
182
200
49
38
164
183
76
67
230
2
50
88
33
61
179
150
35
52
86
197
207
242
110
125
62
166
206
117
189
201
203
70
170
243
96
232
114
154
217
163
27
101
237
185
138
224
139
4
146
212
216
116
69
82
68
162
113
81
142
141
158
129
65
140
144
239
132
188
37
155
149
181
45
128
225
66
156
220
108
249
167
226
59
153
80
161
