22
21
26
0
24
25
23
33
29
125
27
37
34
28
30
43
31
48
47
38
126
161
36
173
46
114
10
11
113
14
59
39
42
129
45
64
44
159
49
112
40
53
32
13
54
60
17
35
65
61
41
115
52
181
68
172
131
180
132
239
51
144
127
73
116
226
58
130
174
82
6
220
18
71
66
20
184
3
62
19
69
128
145
7
121
210
136
203
236
63
194
83
50
160
76
162
183
2
216
8
175
4
225
243
234
214
244
80
93
196
177
209
240
96
85
247
90
109
217
218
155
215
110
143
166
245
219
237
238
165
149
120
169
187
124
123
206
192
72
188
92
138
150
89
12
5
154
55
232
101
15
235
224
104
204
141
213
179
186
95
86
142
170
16
182
171
191
134
207
75
1
106
228
78
91
87
151
193
119
178
9
146
117
56
153
212
250
195
147
201
222
57
111
77
246
81
118
100
233
156
107
137
157
189
135
190
108
133
148
