6
5
9
14
177
118
109
210
27
121
30
197
64
62
174
12
8
103
36
207
74
23
33
156
104
11
102
29
4
94
38
10
15
0
2
193
17
25
46
89
67
3
65
7
43
83
20
34
22
59
49
145
233
87
80
201
18
45
40
200
110
21
85
72
16
204
13
68
70
31
50
35
53
153
78
238
190
44
71
28
107
246
151
192
84
148
81
55
47
91
95
132
144
39
199
1
229
209
206
227
184
143
61
139
101
147
124
63
60
158
117
92
189
194
202
105
140
69
161
171
128
213
106
137
154
214
249
162
111
216
247
242
191
182
135
215
180
221
133
217
115
48
183
228
175
19
98
155
52
97
146
157
75
108
223
186
141
76
37
179
