28
23
22
0
21
25
26
32
27
24
111
29
34
36
110
33
40
30
41
37
50
31
4
38
46
44
35
113
178
39
42
153
154
130
132
51
131
17
13
52
66
20
206
112
6
49
65
68
14
116
114
54
11
185
45
55
5
47
207
9
152
155
10
214
12
19
67
168
157
227
159
200
61
1
2
149
43
78
162
115
224
213
15
84
18
63
16
58
73
195
209
233
221
222
7
160
59
148
133
48
104
187
189
140
167
248
75
186
235
177
95
122
72
82
121
74
70
246
181
179
3
53
71
138
150
147
156
225
83
217
223
172
245
210
57
64
188
146
139
124
106
86
158
171
242
226
239
250
219
96
199
164
98
182
163
208
211
237
117
125
165
94
247
137
77
166
244
249
69
198
176
236
191
79
126
81
161
8
231
232
91
175
216
170
241
145
119
101
123
141
62
238
100
240
202
218
203
127
143
193
105
85
174
93
56
197
173
89
134
