2
0
9
8
48
129
59
44
89
195
14
108
199
246
32
119
13
21
88
260
12
64
19
70
46
58
50
7
84
47
16
115
106
18
4
20
61
17
73
112
146
10
229
56
181
285
113
217
191
107
31
55
233
178
201
218
111
200
1
196
132
252
251
116
210
241
83
165
57
275
23
184
248
42
54
72
219
172
3
278
37
141
15
292
242
45
11
90
296
289
211
232
62
109
51
231
101
234
149
163
272
223
279
159
156
253
140
170
33
192
161
105
5
168
169
167
139
208
297
152
133
63
230
120
81
173
110
100
34
186
151
22
274
205
240
228
97
95
80
237
238
138
295
294
126
245
118
257
193
27
85
71
255
155
68
235
41
171
175
76
128
102
224
262
263
207
104
53
93
144
204
