7
5
4
0
8
6
13
17
10
14
19
185
36
55
139
47
85
65
221
27
109
41
9
66
56
95
60
74
34
25
73
54
137
82
53
12
146
81
58
61
153
119
30
1
91
38
100
79
141
24
127
3
31
22
11
18
83
70
214
166
43
33
103
112
21
39
20
29
28
193
142
131
45
50
51
134
78
71
197
40
115
16
110
75
46
97
175
49
178
62
128
57
69
111
189
207
184
191
217
133
135
52
68
149
108
35
219
210
89
26
246
195
140
215
208
44
202
116
117
64
148
63
168
199
205
220
228
177
94
179
192
113
163
182
169
118
124
180
144
201
187
212
121
77
132
216
105
48
130
222
229
88
129
218
155
32
156
181
231
37
176
90
196
114
162
165
72
