20
22
0
21
19
24
25
27
26
94
23
35
29
33
30
31
95
28
41
96
38
15
42
39
32
40
43
1
9
34
195
10
3
167
36
147
13
47
168
45
145
8
128
50
148
7
44
127
181
54
103
174
102
37
58
106
48
134
46
207
129
63
12
196
189
64
180
133
49
216
53
55
59
62
132
208
11
82
188
5
97
243
56
198
224
230
153
171
104
233
98
150
2
17
175
70
105
78
119
212
186
124
209
101
138
52
157
88
246
109
163
223
149
219
66
154
191
205
6
115
192
197
146
72
172
137
184
234
170
130
74
142
179
160
173
131
250
229
61
240
248
169
155
60
85
80
57
218
99
217
135
114
83
140
156
67
200
151
204
139
237
112
239
68
161
107
86
249
242
215
177
73
51
122
228
231
65
71
227
206
120
220
199
108
75
93
235
117
241
213
16
190
176
193
202
183
225
166
90
159
152
