0
10
9
18
11
14
13
17
3
86
19
6
7
20
5
84
1
85
231
174
21
40
152
31
67
2
69
15
22
66
16
133
224
105
138
28
73
130
198
214
110
192
194
195
30
23
175
239
146
35
70
193
117
191
151
59
37
134
97
42
217
197
121
88
179
182
244
177
109
229
233
106
90
216
128
131
186
196
245
24
237
249
167
140
190
236
38
164
188
227
107
44
118
226
213
34
39
145
201
68
158
87
166
199
96
32
112
234
212
102
43
71
200
202
89
187
222
178
248
77
235
206
204
241
72
154
159
240
143
243
155
12
36
180
61
108
111
58
141
120
125
25
91
27
4
65
242
153
132
33
104
126
176
208
230
78
189
124
137
223
162
81
183
203
142
83
26
95
215
74
98
57
160
144
94
149
55
50
246
135
115
