7
0
17
1
12
26
9
14
8
19
23
6
25
48
15
11
2
39
16
35
143
54
42
67
49
65
60
83
85
129
33
70
47
5
71
214
91
36
18
97
135
167
31
220
62
21
161
13
156
37
179
137
53
102
187
128
164
27
76
168
185
92
166
52
96
122
114
170
82
89
84
28
29
34
126
59
58
55
64
189
195
56
124
77
200
188
155
10
50
51
73
46
206
86
69
190
99
43
30
24
22
147
44
180
75
93
134
95
123
4
234
201
40
120
98
142
63
61
154
165
130
3
90
107
136
205
196
186
149
226
116
159
81
173
162
117
113
20
110
211
105
32
66
106
218
209
41
182
249
79
132
109
131
108
174
199
150
217
228
242
100
104
127
68
181
158
230
197
238
125
208
74
119
222
