0
5
6
4
57
3
89
8
69
267
90
77
12
104
58
1
147
205
259
10
258
7
9
178
79
174
306
11
92
2
224
91
93
95
273
254
335
184
264
67
146
148
176
141
123
268
20
314
15
269
62
88
18
124
119
209
87
175
331
261
118
235
253
96
195
80
284
17
280
26
208
177
234
149
321
239
327
103
313
339
250
304
158
315
325
246
16
61
312
180
187
233
48
81
238
217
289
14
349
326
110
316
120
338
257
145
60
245
71
247
102
337
136
265
216
297
100
263
161
155
34
345
73
271
294
242
179
311
157
13
347
346
272
109
279
215
196
317
287
309
298
197
290
291
167
68
66
59
225
302
193
72
293
305
295
296
219
113
156
348
283
344
94
128
248
185
162
159
43
252
32
101
27
28
130
151
152
47
201
210
260
220
52
231
222
65
64
165
324
236
