22
24
0
117
23
25
29
27
21
26
30
153
28
41
32
36
35
31
34
45
40
37
44
38
58
48
33
51
49
118
185
39
53
242
122
15
47
170
55
131
52
43
154
215
123
160
4
56
9
60
19
14
2
3
119
17
121
171
120
75
196
57
42
46
67
132
16
78
137
172
59
135
201
13
18
64
7
63
207
134
68
65
228
54
84
249
10
77
11
179
231
97
20
73
5
126
177
219
93
108
237
244
105
159
222
232
61
76
206
80
225
1
150
210
144
216
209
163
81
155
211
96
124
199
133
184
145
218
148
92
194
142
129
191
107
162
226
116
204
147
221
136
143
113
192
186
66
187
69
94
161
125
200
157
202
188
197
91
100
83
90
168
151
217
193
189
220
112
212
139
164
74
174
102
195
8
85
156
87
98
141
198
247
114
224
79
235
62
140
88
128
214
182
12
50
245
234
230
181
99
138
109
158
106
86
70
6
