4
3
119
0
6
5
118
165
15
245
1
41
10
7
60
2
156
120
49
129
309
232
99
222
11
295
121
130
170
190
178
8
172
40
234
212
132
14
91
286
153
85
47
12
319
65
191
174
217
171
64
128
175
193
204
71
133
152
249
134
282
79
344
346
83
137
314
324
13
43
52
326
236
321
338
215
62
312
194
227
123
238
216
25
136
274
318
269
131
34
48
138
93
24
289
144
33
77
287
84
189
331
336
26
54
63
276
139
95
31
78
192
220
214
340
316
39
107
210
200
127
94
279
211
320
55
140
186
231
348
114
23
349
50
162
293
218
36
32
308
21
97
296
81
224
265
89
44
169
251
315
228
330
187
278
229
261
298
267
272
333
88
252
92
313
185
288
226
103
205
67
240
325
125
255
202
322
180
161
117
219
66
239
223
148
154
87
268
104
284
259
42
