146
85
34
228
141
87
84
126
185
18
167
246
42
163
208
70
10
36
88
32
95
119
198
31
22
142
82
127
195
24
78
23
111
101
17
123
16
57
7
14
59
11
15
28
35
12
53
40
6
215
1
4
5
0
13
44
9
54
83
73
90
21
51
49
91
2
19
118
52
79
3
115
109
186
66
26
67
8
39
120
124
144
234
149
72
47
182
173
143
154
137
107
60
61
213
203
29
104
202
89
177
164
249
244
229
240
99
45
71
238
159
58
94
206
188
155
121
27
130
156
210
168
140
217
193
171
86
176
181
200
41
113
68
209
136
33
135
219
180
62
191
98
65
92
129
165
50
20
81
48
122
25
30
147
106
