5
80
0
7
40
25
16
17
6
45
22
28
3
21
19
10
2
15
13
9
89
72
29
233
137
35
33
97
221
12
26
51
61
90
31
71
37
74
36
95
46
279
4
191
175
144
82
307
14
39
11
85
65
99
30
168
23
53
70
140
27
116
79
49
193
24
202
55
232
41
77
42
198
129
81
91
283
68
264
127
166
32
384
18
106
48
123
330
196
333
83
236
43
173
189
385
54
299
240
139
63
445
151
338
201
428
275
355
155
203
413
243
199
285
271
251
181
258
392
218
318
205
241
474
361
225
114
409
86
186
301
93
94
408
360
204
331
159
44
404
295
109
188
217
219
468
69
133
239
339
486
374
254
73
395
197
112
8
56
149
494
249
142
145
365
377
273
375
141
156
269
328
96
195
327
268
402
403
405
325
378
415
87
418
322
388
164
463
121
78
131
321
425
75
316
161
118
212
117
349
135
213
351
64
437
314
348
345
442
466
315
356
20
287
235
498
440
172
475
