8
0
11
2
10
16
14
19
12
1
13
6
9
15
5
7
53
21
136
79
63
158
51
22
65
33
193
67
52
32
151
100
122
184
49
78
20
95
39
45
27
86
70
42
88
119
101
77
61
112
172
191
96
81
120
18
162
132
195
58
126
68
92
189
26
23
123
29
199
145
218
37
56
206
91
87
104
125
57
41
111
46
28
137
73
82
50
40
102
93
34
55
74
17
226
30
238
43
235
164
44
175
157
118
94
110
75
168
25
60
153
161
192
163
178
134
174
152
116
24
117
130
48
103
176
47
198
150
202
190
36
207
182
222
66
139
159
231
170
237
35
243
54
227
3
59
216
179
208
31
131
196
212
224
225
113
129
115
128
154
186
106
89
183
187
214
194
144
142
201
230
181
138
