232
188
332
178
416
277
371
96
388
426
79
155
122
159
308
260
78
22
176
180
264
47
106
120
357
130
32
71
183
428
76
30
177
65
103
84
20
64
181
434
212
208
196
55
370
53
60
17
14
310
224
329
163
365
211
42
241
149
499
87
38
192
266
97
157
323
154
174
7
125
1
134
75
386
99
59
50
88
15
138
142
48
11
274
152
100
93
198
234
68
92
24
16
133
49
8
37
2
23
21
140
33
144
175
141
9
54
110
94
168
62
41
26
18
10
45
145
40
6
56
12
244
254
72
4
13
0
5
3
35
31
104
185
70
321
27
172
111
135
146
210
82
107
204
271
136
306
304
368
63
129
344
410
342
296
268
363
132
116
89
109
236
137
315
392
108
432
289
287
317
477
437
337
338
199
366
472
250
419
220
290
222
57
253
361
124
80
98
19
213
243
431
339
251
440
415
160
143
312
77
404
442
117
221
216
439
348
487
187
377
494
476
139
225
25
436
153
101
102
215
355
34
396
118
113
403
252
362
478
405
273
399
197
330
202
446
378
433
74
73
288
28
369
320
115
267
67
66
300
299
263
61
123
295
58
322
170
265
423
375
86
334
347
231
382
257
227
461
39
44
158
471
470
469
278
385
331
233
279
280
417
454
455
424
481
179
483
51
166
242
