24
159
98
23
74
150
82
297
37
137
48
81
325
34
10
205
0
59
12
179
161
28
83
359
224
67
167
230
119
18
122
222
26
198
33
324
49
7
31
436
14
9
152
2
4
5
13
226
77
256
35
17
65
240
6
109
139
3
16
90
120
11
64
39
8
1
92
87
19
62
29
132
22
95
21
50
153
20
30
55
106
340
171
99
105
299
169
131
168
154
115
85
243
245
108
173
143
97
268
15
388
185
118
27
229
42
183
345
247
40
149
68
352
220
107
470
121
342
437
133
259
271
160
140
273
155
211
84
180
61
208
338
141
76
116
44
269
112
96
157
361
300
260
480
202
263
60
353
283
70
274
130
102
227
393
56
398
57
234
200
319
312
138
409
249
439
432
339
223
377
373
419
242
207
246
452
71
186
461
356
93
258
315
385
326
136
485
113
309
430
344
210
314
63
239
73
53
187
378
89
275
166
494
424
475
435
151
72
272
219
134
104
103
203
322
266
402
199
318
407
265
216
304
69
303
375
145
368
369
372
305
335
298
442
58
454
460
228
117
384
128
446
54
444
438
254
282
284
453
47
394
469
158
464
395
191
431
425
308
177
379
188
163
290
397
490
214
413
