69
0
7
8
12
70
10
108
71
94
111
4
63
15
11
91
109
22
5
236
197
1
92
142
122
166
101
173
95
47
98
13
174
159
88
35
243
58
73
2
14
121
230
20
26
74
222
103
32
148
53
30
184
204
33
99
139
127
114
24
141
161
6
3
93
79
72
232
199
191
165
207
9
113
38
182
164
235
16
61
214
118
206
238
188
237
64
116
169
201
234
160
168
212
223
19
129
28
158
81
40
25
48
140
102
87
220
218
21
86
171
163
167
34
120
193
216
143
213
240
135
78
67
200
186
80
56
221
149
211
18
89
51
183
205
154
55
46
59
210
44
119
42
198
132
239
124
54
181
31
60
104
128
180
66
195
125
224
97
189
134
176
136
