0
5
8
4
112
143
63
94
38
2
26
116
31
13
158
107
56
97
45
18
89
41
16
1
6
82
29
19
22
91
124
126
64
17
7
86
190
198
81
9
153
100
93
128
44
70
55
46
118
11
20
79
115
25
47
125
60
30
67
122
99
14
23
65
39
54
58
231
27
175
21
142
62
138
28
127
57
49
34
201
43
50
24
163
15
210
78
241
208
225
155
35
135
168
37
42
228
229
245
154
139
169
121
59
150
73
109
3
183
174
152
61
230
96
77
223
48
226
136
40
160
51
123
179
105
113
85
217
199
66
68
88
186
172
134
108
133
106
132
36
244
232
131
216
130
32
181
53
52
209
92
101
102
167
237
170
171
162
156
165
80
144
83
