96
394
171
46
425
107
358
69
298
237
304
169
101
206
164
175
122
140
30
74
176
52
196
458
89
254
267
10
290
139
167
348
289
296
462
203
373
191
26
208
151
170
193
187
12
61
149
178
269
211
63
127
62
213
76
31
48
448
264
251
370
283
87
73
72
13
230
67
492
318
263
141
114
161
144
109
90
51
25
434
181
347
228
8
50
0
6
11
14
85
47
3
24
15
16
4
37
5
55
18
27
19
7
2
117
88
77
1
393
200
21
159
9
142
94
41
120
212
123
92
45
42
80
128
232
146
23
22
174
255
40
168
81
136
102
82
79
65
246
112
103
33
412
118
111
432
295
156
261
204
363
39
248
351
354
20
35
68
44
280
270
71
153
125
43
83
323
447
413
57
235
355
369
430
217
314
154
197
150
300
271
54
305
226
336
60
133
463
292
319
322
34
339
385
124
205
491
424
135
389
346
233
162
17
59
441
455
330
364
359
303
231
399
78
302
316
242
431
194
70
126
131
476
121
454
499
498
247
250
252
249
273
380
379
378
84
192
218
219
220
260
390
343
210
134
49
183
372
100
404
266
325
414
95
199
75
440
64
113
216
148
443
445
58
177
129
374
387
119
392
257
222
221
460
456
66
472
225
224
32
333
357
56
349
195
433
407
350
274
106
341
309
