0
13
14
15
20
17
1
18
22
101
21
19
24
16
99
23
98
30
5
100
27
2
3
11
163
135
10
26
29
25
150
107
182
102
103
137
190
218
141
44
108
139
172
171
165
6
28
241
45
8
39
36
38
12
200
143
43
175
203
104
42
189
164
142
57
166
35
58
180
227
40
114
31
54
144
236
213
119
9
51
66
231
112
211
149
37
106
250
169
186
105
70
199
134
32
201
242
47
240
65
177
176
48
53
146
235
83
219
154
210
49
136
230
61
7
151
207
85
206
249
121
97
69
59
52
248
55
76
111
128
168
174
117
33
67
246
71
239
170
161
215
124
221
116
205
229
64
167
72
209
41
191
81
118
152
148
208
82
247
244
110
140
181
212
155
138
46
56
120
90
234
80
162
222
78
62
73
216
63
157
127
183
50
147
77
84
185
95
194
178
193
