8
7
9
11
0
3
33
1
6
13
10
30
59
16
23
4
48
39
93
61
45
99
76
22
77
70
103
31
73
115
242
108
15
205
137
53
12
35
5
147
19
102
26
49
230
100
66
174
2
149
21
246
104
38
71
41
226
27
129
202
32
64
67
207
98
18
140
55
20
50
17
82
28
123
57
60
43
245
111
192
204
203
68
54
158
118
75
199
126
14
34
121
81
65
216
136
25
200
105
110
29
52
114
215
90
153
124
195
170
89
154
201
193
148
130
128
180
171
157
220
84
56
133
122
94
229
46
24
139
163
172
194
117
145
176
191
156
92
173
182
164
218
240
151
231
74
249
184
188
185
132
106
189
150
187
237
127
51
214
181
95
44
63
159
116
125
62
135
88
113
