30
162
9
58
146
215
209
63
73
10
123
161
33
210
180
119
138
94
197
185
24
199
1
150
109
117
186
69
53
13
155
3
131
77
213
38
187
145
165
15
90
45
18
74
116
95
202
23
96
184
171
231
67
135
230
50
88
4
216
92
134
137
98
232
118
37
28
8
7
105
14
6
128
68
136
173
149
113
62
176
48
183
169
172
12
17
227
42
55
127
112
243
29
192
214
156
72
189
75
65
141
91
19
220
84
204
125
229
140
66
223
5
54
11
2
16
152
143
41
200
242
110
57
111
59
151
195
144
142
27
160
100
212
159
225
44
60
52
196
194
148
191
82
147
130
121
122
235
21
221
83
208
51
228
70
174
236
40
190
85
163
107
104
182
64
115
233
181
43
177
26
46
31
36
86
124
218
246
219
49
139
133
22
157
249
61
206
234
203
76
248
166
164
245
32
238
103
217
39
78
129
240
34
175
97
