91
138
79
1
217
164
83
103
4
110
154
170
68
19
139
21
26
182
94
243
100
132
126
173
99
18
63
11
84
69
52
148
135
188
207
150
202
27
20
214
197
35
157
220
196
215
228
191
16
59
93
149
237
76
29
175
203
85
137
179
246
117
125
151
12
177
167
245
200
40
106
184
153
70
50
44
134
187
198
32
225
108
122
221
234
249
169
2
244
189
233
224
54
152
53
121
101
199
231
180
80
232
206
227
46
159
174
66
77
72
61
131
9
92
17
211
218
38
96
140
236
230
141
235
37
95
193
105
8
183
58
222
120
116
113
15
55
24
111
129
165
124
65
28
78
23
219
192
86
161
130
112
90
128
145
229
201
102
3
127
88
104
190
0
10
114
142
31
176
239
13
60
158
171
172
115
143
39
147
74
109
168
75
97
185
155
57
195
238
156
123
160
42
242
22
45
209
240
25
47
51
98
208
213
247
186
162
81
89
226
62
43
87
