23
119
80
5
79
24
61
48
29
8
117
190
45
137
93
40
32
132
69
168
195
205
145
154
42
77
185
134
198
184
149
129
155
66
104
216
70
179
33
83
99
176
142
107
22
170
9
56
101
6
235
234
248
7
221
174
59
212
126
218
162
175
167
161
211
238
224
121
173
188
217
139
41
64
51
55
144
169
180
2
160
133
124
143
247
58
208
53
153
127
73
16
54
220
199
74
125
128
1
26
3
4
84
147
159
226
146
20
244
203
88
131
36
122
151
76
123
171
150
17
65
197
118
105
191
209
214
63
37
38
194
113
165
86
230
46
102
222
50
114
163
110
141
82
136
49
201
239
21
231
148
18
81
111
91
30
89
192
156
47
138
44
193
177
242
72
243
166
14
202
71
67
95
103
158
94
85
225
112
90
232
15
172
227
60
25
187
75
27
