101
13
172
92
196
12
166
36
180
90
10
118
173
178
175
40
187
66
181
51
60
83
183
2
44
191
144
147
67
139
18
167
7
146
47
64
136
99
19
104
45
184
122
165
199
93
38
115
81
113
182
112
94
77
1
4
121
124
52
98
153
86
138
75
168
16
133
192
129
34
154
108
126
58
21
68
37
3
79
62
127
123
91
177
109
0
171
150
176
169
100
69
30
6
103
14
53
134
32
197
59
95
24
120
193
65
84
61
157
78
141
163
76
74
132
195
55
31
35
80
73
116
162
56
194
105
23
170
46
110
155
97
29
156
88
119
117
9
87
89
148
33
28
152
27
57
26
5
174
70
43
