607
137
725
98
617
310
637
486
179
631
590
412
300
507
102
84
139
712
587
732
148
316
418
331
245
8
535
388
224
361
432
434
357
603
741
450
651
194
346
200
332
668
160
71
491
515
186
309
329
106
317
376
441
742
436
170
508
632
489
50
613
59
597
284
484
438
731
394
743
86
616
258
389
54
598
64
340
241
518
402
451
16
238
387
278
32
560
487
593
266
117
343
403
239
675
191
128
222
158
652
552
628
149
14
398
151
400
595
686
726
55
510
6
211
46
541
220
30
262
107
313
559
113
440
105
455
717
636
281
399
422
410
435
420
229
492
338
612
48
69
157
579
147
456
347
82
366
123
244
286
431
335
146
426
175
354
659
589
727
749
485
89
528
623
223
424
27
12
120
351
470
685
700
567
88
201
649
99
584
207
413
517
639
583
25
427
56
479
577
115
565
383
125
646
352
363
563
575
551
501
119
648
91
61
1
172
740
647
37
236
168
177
124
504
718
549
627
287
674
290
570
152
187
100
21
129
561
353
643
49
63
548
442
611
297
355
494
745
462
601
260
496
377
334
154
324
661
83
634
169
553
379
231
68
592
51
630
130
4
397
271
609
620
407
465
482
527
458
578
342
421
327
488
396
240
29
15
481
499
666
60
695
414
610
505
468
540
480
367
165
684
76
121
600
641
734
638
31
469
167
406
322
108
62
225
529
344
380
213
341
0
255
735
246
190
197
301
729
618
57
453
19
523
429
657
171
447
230
277
345
708
542
386
401
370
466
691
174
580
253
250
209
676
433
206
141
289
614
526
233
77
719
11
274
514
321
689
93
235
221
635
467
533
23
104
9
585
544
705
360
506
519
730
36
263
73
655
373
39
500
359
445
101
629
362
144
416
645
395
35
591
214
457
679
22
521
95
256
110
181
305
232
546
269
716
452
155
364
349
176
204
714
227
437
709
272
234
624
405
495
478
268
430
384
41
576
311
326
688
715
531
720
40
474
713
131
699
374
588
182
582
690
325
605
604
673
677
599
288
94
96
497
237
135
706
298
358
415
43
532
707
47
566
28
33
164
524
513
248
562
336
318
682
74
296
294
503
375
109
203
368
196
653
747
744
