168
11
148
65
49
231
50
39
98
81
1
121
45
211
97
83
28
209
30
247
15
125
35
152
84
92
228
205
178
144
54
229
242
137
182
14
94
219
208
233
212
190
9
126
90
223
220
114
170
134
38
140
102
3
8
175
146
128
72
69
57
163
104
71
36
171
176
19
198
68
151
106
60
180
31
191
158
108
109
221
59
235
101
133
2
160
88
157
234
216
67
135
213
218
186
138
66
187
7
4
195
110
70
116
74
156
147
5
155
10
119
77
43
95
173
166
107
123
214
47
215
139
200
76
207
63
226
225
184
159
75
236
41
206
243
82
136
149
48
169
130
230
80
61
129
188
99
185
87
79
122
227
37
96
18
58
103
127
204
16
85
167
86
73
239
161
29
241
164
12
25
17
124
51
55
193
56
89
194
46
192
32
91
13
44
197
23
201
24
111
142
27
53
115
154
100
0
162
33
217
232
165
93
105
62
237
131
