140
158
96
72
155
5
88
47
144
150
191
62
14
87
41
6
15
230
31
170
225
153
116
243
118
190
63
152
71
84
246
85
226
89
2
102
77
208
210
4
206
16
192
101
83
42
115
228
146
232
125
204
108
80
122
45
10
221
21
109
145
154
107
187
120
157
106
163
46
173
105
239
159
94
249
75
28
209
119
174
238
131
143
112
171
193
66
196
90
130
79
51
195
165
13
32
180
76
229
86
126
147
231
38
30
20
129
179
178
67
35
57
60
156
103
184
240
181
194
104
138
82
55
53
169
139
162
26
48
205
54
59
56
216
141
37
135
100
61
93
217
188
137
189
40
8
214
199
95
23
247
164
224
182
227
151
81
236
219
248
133
34
99
123
121
7
33
1
68
183
29
12
92
202
19
11
0
113
117
233
64
215
111
98
128
166
127
74
186
148
110
24
17
58
22
