71
159
35
7
116
172
128
56
31
199
164
115
139
64
145
155
3
123
117
166
178
40
69
114
175
104
194
92
5
25
176
192
143
162
125
140
67
55
132
37
82
24
146
163
10
79
65
131
44
57
15
149
59
198
73
119
84
89
133
85
6
11
113
169
136
108
188
34
50
135
76
4
16
74
38
154
127
93
23
101
177
147
109
171
12
68
72
142
51
170
151
153
70
158
19
39
13
187
80
26
52
1
148
173
36
77
49
43
33
185
60
61
45
184
53
174
137
197
91
165
28
8
21
160
98
100
0
179
118
107
99
156
75
111
29
78
105
106
182
32
30
88
102
122
126
48
97
66
