67
154
199
94
205
53
59
130
186
119
16
44
62
120
56
129
73
4
263
10
203
101
70
179
165
143
255
81
103
138
55
7
125
149
132
146
232
123
25
217
108
157
230
27
155
206
42
162
5
151
32
148
22
9
251
200
26
249
284
282
93
74
39
116
13
82
45
266
38
97
254
236
21
2
0
219
248
33
183
141
243
168
142
131
66
178
288
215
233
95
198
48
83
49
260
197
222
253
241
107
30
293
54
113
134
135
65
227
176
277
114
209
111
216
18
98
91
228
23
99
115
19
160
159
102
261
100
96
286
267
75
272
231
283
145
117
184
269
50
173
80
20
63
76
51
133
214
196
245
169
193
43
287
106
166
192
194
238
68
201
126
295
182
240
147
207
24
250
297
92
127
79
292
156
158
11
167
139
279
172
280
226
52
47
298
71
36
252
258
136
78
177
35
152
14
72
291
104
163
242
60
185
220
180
34
195
234
171
264
86
268
221
128
223
110
278
229
31
246
294
274
247
285
262
161
225
175
265
153
85
69
170
256
190
137
122
259
144
