58
0
136
169
81
215
180
223
78
119
80
131
97
211
218
14
117
84
83
17
23
70
209
245
153
151
92
40
59
114
103
145
156
41
135
123
39
118
230
220
206
137
214
172
167
234
161
228
129
173
26
243
64
101
90
216
9
16
138
98
182
95
61
121
212
63
231
244
74
148
235
147
229
191
25
152
24
165
53
198
3
71
241
111
89
68
96
177
107
203
21
246
115
82
18
184
157
7
108
2
49
181
219
197
248
4
187
47
128
76
122
43
35
225
12
190
62
88
48
155
195
186
54
150
30
15
105
192
100
176
179
178
210
91
13
67
247
52
140
217
144
79
236
45
1
5
44
238
113
27
200
168
38
154
42
28
36
205
109
85
75
159
163
213
226
31
46
55
112
208
20
127
69
66
171
99
196
37
188
22
126
166
134
102
143
162
194
224
237
10
233
170
240
50
130
56
142
164
57
132
124
65
73
201
77
51
202
141
183
189
175
158
93
34
116
87
207
