17
110
180
156
24
117
99
173
42
208
124
230
11
73
35
213
148
187
150
218
38
89
158
10
26
118
78
142
130
107
165
90
120
229
8
29
182
94
46
93
205
244
91
76
157
80
149
122
133
82
127
54
113
58
103
109
101
74
137
225
85
83
104
114
39
23
32
61
5
3
154
143
1
62
162
4
164
128
15
204
166
41
53
40
129
174
161
59
112
227
132
248
131
140
243
20
241
134
98
151
219
111
207
233
100
56
135
84
36
195
66
246
214
211
102
79
121
203
217
196
178
172
9
201
215
221
167
179
194
209
77
19
176
6
123
234
186
240
68
28
144
25
115
18
228
160
139
145
141
96
171
27
170
197
147
206
12
16
51
125
37
226
224
232
126
14
2
69
7
105
13
152
200
198
190
31
60
87
116
43
48
175
45
177
72
181
119
237
52
86
44
212
202
238
95
199
63
30
222
231
108
88
70
