50
8
75
196
4
52
103
99
6
27
48
101
141
243
172
44
14
97
33
240
72
135
132
228
7
81
15
156
58
78
218
207
64
184
165
136
227
18
5
36
40
88
1
223
198
129
71
113
229
171
159
177
73
126
56
76
210
219
200
179
68
94
168
182
38
139
145
9
28
236
10
29
31
93
188
169
144
134
47
109
180
67
21
85
234
163
190
217
225
82
65
32
84
146
160
197
192
149
102
181
183
3
140
167
116
178
37
128
208
170
92
112
63
147
59
125
74
19
95
232
214
235
41
195
105
209
247
118
23
191
152
89
96
119
117
13
193
25
43
189
237
161
164
2
100
131
148
122
35
204
175
233
124
215
121
87
77
111
199
238
143
46
54
242
158
17
153
26
104
55
106
60
245
98
201
206
185
66
155
20
83
30
80
61
69
213
194
16
202
186
241
239
0
12
244
115
250
34
231
174
110
226
138
62
120
70
