121
83
64
19
105
51
190
49
192
132
118
110
159
177
29
174
109
8
125
59
171
104
180
70
38
89
26
53
25
120
5
196
161
107
22
31
167
16
66
50
113
46
1
169
106
94
17
145
4
18
160
81
136
168
45
90
77
10
76
41
111
71
114
95
36
34
97
175
152
27
164
6
91
101
15
98
99
54
96
112
170
23
93
68
142
181
84
92
103
56
63
75
129
58
78
157
130
187
24
139
39
33
60
55
182
119
117
100
0
11
123
149
127
141
135
176
82
134
47
74
62
197
28
143
195
30
156
40
20
138
126
163
178
12
146
13
148
35
173
179
150
32
144
151
88
79
73
153
80
