178
53
149
57
104
157
62
114
63
80
64
134
164
33
154
112
18
145
221
247
40
161
153
68
8
170
70
182
120
132
155
24
177
204
39
125
91
116
124
72
117
107
214
78
88
97
239
217
222
81
110
172
4
167
30
59
166
218
92
74
205
11
206
28
47
89
56
160
195
137
148
94
168
36
229
55
184
228
146
141
49
42
29
102
25
193
135
76
197
131
202
79
73
67
7
139
203
99
23
237
20
43
173
44
71
111
108
128
143
230
60
231
58
227
101
0
156
138
12
31
32
174
14
186
194
66
159
22
9
126
45
46
234
96
84
190
225
2
207
86
26
171
175
85
77
144
192
232
236
150
129
223
103
163
187
211
219
83
19
69
48
224
243
