1
133
152
231
29
144
221
184
145
10
37
244
2
21
125
70
180
83
169
113
241
62
121
59
118
150
235
170
158
120
237
76
203
106
27
7
197
246
149
220
82
73
239
9
26
123
104
234
223
115
31
99
214
53
69
182
137
111
178
148
75
199
67
16
128
43
14
222
12
156
205
109
229
206
210
105
19
81
159
110
183
233
165
84
44
34
138
135
208
154
200
130
243
153
188
247
136
236
192
219
248
61
172
226
181
22
94
91
24
102
87
155
171
45
74
201
11
164
189
17
58
92
151
4
86
132
49
71
112
245
157
126
50
57
134
25
15
32
202
60
240
196
39
194
177
191
232
23
90
142
38
6
238
207
33
55
131
204
198
42
124
117
114
88
72
143
147
95
96
160
103
97
116
101
36
176
249
213
167
93
108
242
54
46
129
66
47
163
195
80
28
40
