208
140
135
67
296
291
132
301
189
64
241
201
324
184
120
302
223
118
87
154
216
236
103
123
104
179
275
10
32
62
73
335
36
210
318
86
185
153
57
141
70
111
97
121
8
0
224
47
234
133
37
131
129
286
266
246
279
270
115
54
85
225
320
79
100
22
90
231
92
338
206
281
313
30
181
149
2
323
53
284
297
101
39
65
165
237
240
341
49
152
40
245
114
215
176
213
317
161
229
333
232
207
278
52
262
88
60
197
339
273
227
261
44
126
33
264
340
322
134
124
316
271
58
243
344
56
325
43
146
11
14
156
21
109
139
269
167
75
331
238
16
192
175
99
327
42
143
119
46
98
249
19
166
150
94
309
255
248
177
282
268
226
148
128
136
89
61
158
250
145
183
74
293
218
299
15
108
63
247
321
235
205
48
220
91
253
147
105
319
95
188
23
18
178
198
151
330
337
258
55
290
81
221
102
83
200
195
171
328
228
20
137
329
267
230
12
314
348
77
287
199
168
204
180
263
265
3
5
283
82
138
107
29
349
194
274
84
294
254
259
155
295
312
13
202
116
203
219
345
66
260
71
1
38
45
196
164
305
187
303
256
113
76
41
4
160
222
212
272
24
186
125
34
298
233
310
182
343
159
217
31
72
93
292
214
300
280
191
172
27
170
