35
103
101
137
141
43
182
98
97
86
208
154
121
129
24
46
61
37
90
226
92
9
105
231
42
205
219
2
220
236
108
178
233
33
188
131
224
36
53
190
240
112
153
158
30
89
155
14
12
172
148
70
93
23
10
19
64
149
50
128
65
111
15
160
214
1
140
186
8
200
83
72
135
171
80
20
239
77
136
3
67
143
60
221
156
212
4
62
59
235
183
26
100
18
85
76
164
114
130
31
243
102
88
82
244
203
66
248
207
99
68
17
185
222
223
6
229
38
139
152
238
107
75
63
163
134
204
181
78
7
227
117
28
122
124
54
113
249
193
162
202
216
167
48
170
237
165
159
87
39
230
110
104
5
125
199
95
126
106
247
198
40
47
22
41
55
84
201
179
29
81
245
13
11
16
173
218
180
120
57
91
119
79
44
177
215
94
138
116
250
225
132
71
56
49
242
213
133
150
96
194
161
189
174
157
142
32
58
34
