20
157
19
222
190
230
131
43
176
71
111
80
248
216
94
60
212
106
124
59
61
156
62
88
89
8
161
86
117
81
233
45
114
34
78
206
75
112
113
56
205
30
10
76
1
152
162
144
128
228
24
37
69
53
7
204
22
57
23
201
33
54
55
202
146
27
143
142
218
234
167
217
77
193
92
207
168
48
231
67
132
241
210
226
9
15
126
28
44
213
158
31
185
164
121
26
151
29
38
68
79
235
104
85
74
84
64
101
40
100
170
196
65
219
191
129
135
192
139
138
208
13
145
134
237
36
154
148
188
155
180
96
39
16
14
153
240
105
11
41
42
0
198
97
103
125
87
242
6
137
107
46
122
120
110
141
99
70
35
49
163
181
178
83
63
195
66
150
115
200
12
