142
66
9
181
206
111
28
2
222
55
18
81
27
39
63
114
154
242
173
174
122
52
93
54
168
85
8
166
123
11
7
10
157
29
59
30
169
3
156
141
191
87
41
221
49
4
12
208
171
5
1
144
60
197
68
188
238
100
139
149
182
196
17
40
86
159
145
99
120
240
224
234
57
129
119
95
104
180
56
125
138
140
46
71
165
78
76
88
229
22
167
79
178
16
48
50
25
152
51
223
77
32
162
19
163
117
164
38
190
130
244
227
69
211
216
220
175
204
35
146
147
47
89
198
73
116
135
108
64
42
183
112
103
45
44
80
84
107
132
13
201
113
65
193
118
226
248
187
195
126
150
158
233
179
215
128
62
90
213
23
235
170
94
98
109
231
53
207
20
36
143
184
153
228
110
172
199
237
189
26
209
