87
9
102
123
174
222
28
76
84
166
193
152
161
13
147
104
12
52
150
51
209
122
228
53
26
137
217
249
196
134
78
10
25
90
241
107
237
35
235
60
31
98
116
155
245
219
99
206
96
180
8
127
171
172
79
154
173
221
210
119
220
218
20
103
138
143
43
110
216
225
62
113
88
176
213
55
106
139
86
27
24
146
118
91
182
95
17
74
246
23
30
63
44
191
223
22
248
177
169
48
11
101
109
243
5
226
214
112
14
205
148
115
236
71
128
45
16
158
38
178
194
170
135
215
224
164
108
121
234
202
175
159
29
157
208
184
211
153
6
50
198
56
18
59
207
185
238
47
81
41
131
197
190
70
117
4
37
77
21
233
97
124
242
167
111
89
7
75
203
94
187
247
114
85
73
3
1
239
15
69
162
100
229
201
67
230
156
93
80
133
149
83
65
40
140
232
130
2
82
54
126
200
120
160
