196
88
28
230
200
151
10
158
155
152
70
72
68
213
45
84
238
249
236
87
212
21
201
2
89
182
144
30
81
118
145
54
241
96
210
216
172
154
18
229
83
204
226
94
19
116
149
53
43
77
78
65
64
150
199
148
108
174
136
24
29
50
66
14
71
175
5
60
80
13
40
130
86
221
139
91
33
74
215
73
237
189
55
161
104
11
32
38
192
123
48
153
57
101
203
138
112
122
178
25
22
186
103
39
49
179
129
225
206
220
41
128
169
135
134
218
235
107
3
0
16
67
42
1
248
160
99
17
191
187
85
34
217
244
223
208
62
31
233
100
52
168
132
167
227
26
131
109
188
106
181
97
224
232
185
164
51
234
47
92
90
198
75
