13
102
141
270
444
25
232
192
68
228
457
230
478
160
159
320
313
52
227
133
242
226
5
499
264
93
224
341
257
311
336
121
265
490
46
467
488
146
11
193
124
351
47
284
203
183
104
149
175
460
15
4
379
362
296
130
353
220
465
82
199
65
0
196
411
415
138
223
38
184
288
89
171
35
140
116
172
126
468
87
162
281
202
396
181
399
449
7
404
256
385
185
428
30
27
470
173
33
291
208
88
255
392
134
418
462
319
210
300
414
234
83
253
324
357
26
425
416
139
128
419
63
43
31
290
347
207
295
364
48
212
29
272
154
14
127
222
84
236
152
303
2
374
174
401
482
348
211
340
331
377
165
117
103
446
485
53
307
447
214
266
486
163
80
452
145
92
344
448
360
143
275
213
393
99
191
466
363
225
198
151
412
19
293
122
304
21
250
261
461
349
60
78
285
378
28
474
387
388
71
432
55
178
72
241
120
440
100
343
477
390
50
41
39
316
246
218
123
44
36
424
321
57
426
170
237
497
118
280
332
73
301
3
422
445
433
239
64
429
277
235
85
105
318
435
395
302
97
481
167
480
260
286
423
119
79
201
197
24
147
114
110
454
355
177
297
111
381
292
458
464
431
476
489
215
115
34
391
244
442
180
294
8
380
282
205
67
243
32
459
49
51
62
187
190
495
306
372
359
18
469
409
76
155
420
309
456
101
98
407
493
129
408
371
386
106
249
427
382
384
484
376
161
37
113
308
251
204
217
45
252
345
325
369
342
271
23
194
69
248
463
86
443
90
182
329
373
206
40
233
472
361
451
56
278
483
109
231
148
327
370
70
413
333
269
328
441
406
314
310
299
479
74
287
132
108
317
59
283
322
61
81
157
107
169
268
189
22
96
216
298
42
496
195
229
125
430
389
398
487
176
400
365
136
77
6
352
188
258
9
338
421
366
492
375
66
326
144
142
150
274
350
276
168
330
20
209
471
179
397
158
245
1
315
247
