182
138
221
112
141
204
81
148
72
228
82
80
134
154
0
15
162
153
123
65
124
196
38
120
76
7
151
36
135
218
55
171
209
93
200
126
203
177
224
164
111
104
166
79
86
77
64
39
20
149
85
247
44
29
90
212
137
188
101
146
117
211
167
110
6
231
129
30
9
244
28
62
147
238
113
189
49
11
237
168
216
102
130
70
229
89
199
60
230
155
3
98
243
18
161
103
41
54
17
183
63
88
195
186
45
158
114
2
34
246
91
173
118
96
160
100
233
108
69
83
226
236
24
14
249
84
26
122
214
105
46
71
48
47
232
245
13
194
59
169
139
27
92
133
181
240
180
109
172
121
142
184
125
227
170
210
8
16
35
140
143
73
61
234
185
25
132
163
94
159
19
31
242
75
197
219
205
50
131
192
235
97
152
144
106
4
1
99
119
116
66
136
5
191
198
107
225
67
241
78
95
74
87
23
53
128
42
32
22
217
179
174
176
165
37
40
215
43
248
157
202
156
115
145
127
187
21
207
220
10
206
12
33
222
