366
961
412
348
143
3975
406
334
1320
342
309
1085
73
745
593
343
74
1019
66
140
514
58
1737
333
91
262
270
646
1434
1481
1694
1438
265
251
1452
255
1432
264
226
289
250
320
434
247
235
267
263
236
225
887
888
1086
318
126
645
149
102
1485
1473
1454
1475
1461
1496
829
72
1450
800
1708
1501
132
934
1541
1534
1494
1462
1446
1492
765
526
59
1563
1439
291
1749
1459
94
1455
1444
1566
830
1433
148
1449
1709
249
1763
837
1557
894
518
105
1301
581
1760
1695
248
1720
4292
4287
1500
1713
1495
1445
1778
931
1759
222
106
1712
2383
1443
317
1535
1736
1456
1442
3743
70
1735
1703
1457
1458
1498
1490
1451
1766
1725
1554
1540
1693
273
1441
1739
1504
1530
1428
417
1
136
582
1715
1277
1502
1700
3741
1711
1714
1697
1744
364
1757
3739
1716
1545
276
1784
1750
911
2389
1493
2682
1469
1499
1789
1486
586
835
1776
1758
1539
2420
1705
1505
1560
90
260
1447
1537
1710
1440
1429
509
261
1548
1733
1536
193
191
201
153
198
196
1782
1479
1207
1491
1701
271
71
436
2610
183
1745
278
111
4291
1427
1476
145
1431
1503
1775
1730
915
959
1471
1484
608
1772
1497
1774
1489
219
1568
1748
1550
1420
1773
1726
2769
1512
1426
521
1488
1507
195
113
516
104
275
259
1764
28
1531
274
2137
1424
3089
256
1430
1543
1474
1728
751
1609
778
1508
1746
1769
522
980
1448
1696
1724
2419
1564
1542
583
1734
1777
1731
2214
3032
523
1880
724
547
607
797
294
301
392
1453
1477
109
754
302
303
181
550
495
1383
844
1612
815
1549
1435
548
277
182
329
244
330
1538
362
2019
822
144
1617
3729
2117
1699
1482
1706
1487
353
1421
485
1511
1945
767
2113
391
1509
1423
519
1506
1752
1732
932
38
346
1718
146
708
243
845
843
141
96
55
368
3018
2115
598
2391
4368
549
2459
4795
596
859
599
1611
974
110
4439
1614
446
1173
178
972
728
54
1613
92
2023
305
544
988
1343
2779
152
2323
1677
1217
426
591
1608
4794
373
99
268
98
229
3738
602
597
2147
1136
365
4785
397
95
592
710
940
766
648
0
2479
727
881
590
787
172
380
879
468
871
1375
1394
63
692
892
1087
3636
1854
354
2112
663
257
585
511
718
404
824
632
3637
956
327
464
227
1603
246
254
465
467
230
231
266
3518
1845
315
942
463
635
77
213
681
1844
13
3863
978
134
2173
605
2445
3017
1253
2686
170
2287
2351
2352
3695
902
174
2945
3555
1846
395
685
976
1275
574
3891
769
36
3461
462
459
1936
242
2132
1841
223
624
2086
124
350
238
849
142
1222
595
589
533
3881
1020
3685
258
1321
1672
155
2661
237
989
2244
773
2471
3686
1938
1460
211
1888
101
1058
3019
2416
2268
1159
1358
435
647
3217
784
1868
1665
869
2130
461
982
604
269
1105
1606
224
2642
775
579
941
1602
127
682
147
419
370
1988
2133
1066
138
779
821
220
221
1056
1042
494
559
218
804
2362
506
760
30
2864
1285
2648
1466
374
241
4464
3240
1235
340
3233
684
750
240
722
810
2390
4288
537
716
2166
1838
15
288
480
1302
1646
774
3070
3296
252
253
856
2426
429
725
67
233
1209
150
2517
508
2346
214
709
1800
2526
965
4688
76
2435
3557
799
445
952
4021
2017
53
564
763
3282
239
234
460
4413
282
534
2718
228
556
2150
3559
1078
4091
1216
2034
3495
167
3780
83
325
1848
611
420
2898
2293
4587
2462
1382
2616
88
1842
1601
56
3614
768
2265
3069
2597
1065
1578
296
714
914
2495
2889
628
1044
761
719
381
938
4336
190
1225
3589
1989
1576
1528
3020
711
2578
323
137
2254
1300
37
3205
2014
771
1147
1830
337
1356
1298
532
510
528
981
3888
543
3629
2755
1920
3648
1395
1643
376
2192
3155
175
1031
1346
1158
7
3294
3429
3031
639
809
2229
6
643
3094
1077
2823
937
704
613
3513
1940
1742
1198
1256
3499
4034
2499
1384
3172
2476
603
75
442
1283
1925
1082
2080
166
1206
128
1186
1795
1808
438
808
901
3762
80
3885
1915
706
2432
2450
610
158
1232
1381
2767
3201
2504
2496
500
1276
816
12
2828
903
625
555
1877
1620
885
986
954
2368
2064
121
3508
1154
2446
1926
777
375
1224
1330
2267
2037
50
1836
2631
3451
2142
310
731
2742
846
669
1837
1436
696
4564
4271
2434
1290
1229
2999
2051
2654
884
991
897
893
3314
185
2407
2886
3081
3705
2774
245
631
652
3783
450
3386
3313
314
4037
1812
1255
3352
89
171
372
62
865
1686
1847
2660
3542
4666
489
996
782
3182
34
794
1037
3844
3456
2310
164
4002
3808
1095
1072
886
3260
896
3477
673
1284
3984
1909
1404
4563
740
2328
2404
1619
4207
979
2208
1598
3173
890
156
2624
484
2964
2758
3556
2921
1021
665
129
371
4926
1257
345
1525
4503
1883
3050
919
321
2470
2069
1921
384
2589
3511
4325
2621
3349
1163
2530
3047
3437
2425
1990
1918
378
573
3880
2330
4361
2259
4674
2477
1174
2733
1117
1376
86
3651
834
100
2957
3503
2199
715
729
899
651
3059
2735
9
2242
3344
439
470
2745
2584
2008
666
1179
2600
2200
2210
1885
1054
1655
2854
891
1175
4026
1133
1799
3091
772
3253
2760
407
609
3764
3797
2960
159
3062
1815
850
2748
2358
968
1334
1954
2138
2141
4432
910
3180
3623
403
3003
1593
2553
786
1164
1405
2556
2395
1012
2788
791
2068
4897
2028
998
4206
2931
197
2106
1172
2316
1326
1165
3023
3043
3889
2224
600
513
2033
1312
4048
1556
1467
1166
4406
1050
335
1130
918
69
2039
985
983
2429
2314
2635
322
84
841
389
562
4029
3174
3042
4122
1294
575
1681
3530
4011
2424
2321
512
3684
1864
2198
2888
3022
1029
620
1887
475
1592
4294
1933
4041
2444
1008
2513
2107
945
283
4722
3879
4405
2910
933
3012
535
2972
1010
4504
1338
3072
4
2708
2867
2231
1415
1219
3704
123
3299
2193
1591
3202
541
3673
118
3644
401
936
3351
3095
351
2024
202
4289
4290
4575
3919
650
1269
2552
571
1236
2342
2272
1267
4311
1240
2296
2290
4905
2297
2602
2997
2996
2891
2995
554
4566
3768
560
2790
1067
699
569
1178
1520
2274
497
2900
1621
2341
553
3138
498
1911
1634
551
1200
2347
717
1516
4870
619
3196
2016
3241
2055
1922
1417
4507
572
1418
1419
4474
3911
3912
2549
1368
640
2483
4792
501
721
1310
3964
3963
82
3954
3291
2466
2467
2468
3568
688
93
4417
1345
2482
3034
2583
730
295
2925
1642
176
2696
3453
1639
2701
1984
3733
4232
2703
3190
3191
900
3270
430
3732
3275
3276
1878
1839
339
2304
1096
4231
3750
2816
478
2334
993
2361
1569
3749
3234
1570
1111
209
139
3082
3189
3274
3731
994
3441
3748
2303
210
2335
1038
2258
205
1076
776
3408
2927
1792
162
2431
279
861
1116
2724
683
471
281
667
33
864
4172
4167
3790
2253
3206
664
4307
1928
2978
1687
4171
1691
3455
472
2840
3649
1161
3252
1251
687
2081
2843
1210
22
1211
1131
3541
3770
344
4599
867
444
2443
473
4300
2071
130
3424
1137
2971
1863
689
2658
1588
3906
4283
2655
691
1580
1051
2488
694
2349
440
4788
2507
3892
4093
3193
2512
4099
3409
4363
2645
1403
3448
3159
658
117
3283
3055
2464
1835
2835
2838
2279
675
3633
2472
1268
677
1630
2676
2282
2359
3065
1053
2180
1120
2205
4858
1003
2524
3390
2528
3873
97
3008
3379
4655
4245
565
3392
3251
973
4650
2561
4425
4237
3585
4334
3992
3861
2574
4233
2588
4128
2333
4726
1361
1514
3078
2414
3736
1227
2423
1811
4017
4277
1669
2396
2440
1221
2936
616
3564
576
3825
3449
738
3828
2739
2379
753
2381
4894
3848
4593
578
398
394
2114
52
4191
2727
3588
4313
876
1408
2189
3959
601
1371
4398
641
653
2302
557
2595
3398
2305
2750
4357
2218
1336
4482
1329
2625
2771
2627
2787
115
2075
1013
4675
1971
3304
3277
1977
3496
1196
3489
319
1944
1115
3355
2791
920
1138
2813
1930
1986
2821
2485
1991
4038
377
2300
3305
2683
1973
4115
3683
2484
4771
2487
1113
3494
3903
917
4333
4772
3440
3465
3771
2777
4124
2786
2550
3772
3096
4776
4747
2598
3774
4200
4199
4198
3150
3151
3153
3154
4190
4189
4184
3161
848
3162
2001
4180
3164
3165
4176
4175
3167
3168
1994
3170
3171
1987
870
4161
2018
872
825
814
3126
3127
783
785
2040
788
789
790
4229
795
796
2035
4227
4226
3133
4224
4223
2615
4241
4239
4238
4218
3135
4215
4214
3136
806
807
817
4243
1968
1961
1956
1955
3183
3184
3186
4158
1950
1949
1948
1947
3177
4244
2029
4246
3074
4296
4295
3075
720
3084
2059
732
4282
4281
4280
2054
3090
3092
3093
4263
757
758
3106
3107
4932
4931
4710
4711
4542
2926
1187
2929
3426
3858
3859
2204
2203
2933
2934
3425
4473
2197
4469
529
530
1671
3852
1192
2217
1203
1201
3845
4506
4505
2912
491
3846
2196
493
2916
4499
4498
499
4495
4494
1194
3851
3847
4467
1678
3434
2965
4431
3756
1917
1916
1907
3195
3197
3200
1894
1893
4152
4151
4148
4145
4144
4137
4136
873
874
4127
4126
1934
3239
4248
3627
4362
2073
2072
3029
3030
4352
3036
3037
4330
671
672
2030
3071
4310
4309
700
701
702
712
4249
882
883
4123
4070
3285
4592
4913
2853
3330
2255
3327
388
387
386
385
3326
3474
3475
2834
2833
3841
3840
2270
2271
3836
1575
1574
1573
2278
3832
360
359
3831
357
356
4591
3830
2252
4588
3871
432
431
3870
3340
3339
1155
1156
2856
2234
2235
2236
4036
2238
2239
3652
3317
3316
352
925
349
3312
3483
922
921
1551
3486
2795
3487
3311
4073
913
912
2286
2782
326
908
907
2292
4656
4658
2811
316
4056
4055
3898
3897
3896
3895
612
3025
1597
4367
4579
4580
4366
1119
617
618
3884
3883
3882
4040
3333
4457
4718
304
3507
3289
4669
4670
4098
2757
2756
2753
2752
2751
4684
2746
3822
3821
2308
2309
2731
3811
2729
306
4664
4663
4661
3901
3900
1684
3000
3001
4602
4603
4392
4391
1685
2814
3462
3463
3011
3013
4375
1521
4086
4087
4088
4660
2313
2728
3553
3266
2716
2715
3548
2712
2711
3549
3267
4728
4730
4731
4732
4733
3550
3551
3552
2324
960
2720
1465
1074
2987
4428
3909
2988
4424
4423
1464
2991
552
4407
4403
570
4399
3534
3535
2992
3261
2702
4742
3579
3580
3788
3787
186
3581
4782
3577
2522
3573
3572
2680
3249
4762
4761
2340
2339
2337
4756
4755
2336
3566
3244
215
3256
4441
4442
2975
4446
2974
2968
2962
2961
2959
4463
1064
1063
216
3242
1413
1412
1213
2403
2402
2629
2400
2399
4823
4822
1787
3605
2639
2640
3601
3600
154
157
4019
1793
3621
3620
3619
4533
4839
1004
1794
1005
1007
3360
2096
131
3958
3957
2906
1006
2620
112
1797
2438
2437
4550
2111
2110
3642
3641
1796
3639
4540
995
2592
2593
997
108
4536
3638
81
2094
3359
3936
2646
3935
1397
1400
4790
4789
2082
3990
1663
1664
2555
2554
2551
2547
3930
2545
2544
2543
60
1409
4902
4903
2532
3996
3997
2563
2564
3357
3356
2370
2371
2372
2373
3795
3794
1627
1626
3998
1625
1017
1016
3943
3944
2085
4516
2881
2880
2084
1289
3929
3999
29
3414
4023
2478
3397
1281
1272
1273
4006
4007
4008
4009
2460
2461
2497
1843
2498
2153
2490
2489
2474
2475
1282
4919
