186
389
772
97
116
195
453
533
746
1076
136
392
40
411
415
366
735
846
2546
49
2531
52
1014
335
593
1632
669
316
362
328
1629
1635
664
79
359
672
1085
302
364
670
277
274
1610
291
315
343
1611
1620
286
299
347
1628
1080
472
471
459
2130
487
578
455
2333
131
109
139
599
1624
81
317
287
295
300
280
303
273
73
290
289
54
278
283
486
1633
1650
1603
319
293
281
683
341
279
1922
1618
1634
360
4572
326
337
587
333
90
306
275
4003
313
458
130
1880
837
1688
1889
1691
1711
2884
1682
1694
115
1885
1886
662
3146
1904
4004
1882
169
1663
1918
563
1601
57
1644
585
4066
671
1705
667
1717
770
4571
1653
1009
1646
430
270
1643
1696
4006
361
1693
1662
3385
1679
234
1900
588
1720
1713
120
2061
101
2141
1887
1246
507
1157
1892
1452
228
1008
1899
668
1890
582
1636
2973
1143
1906
1706
1145
2534
356
1675
1631
56
2781
1617
1602
199
866
1648
1609
2543
1676
357
76
4573
1002
1687
2000
1626
1916
1621
976
334
1896
1684
584
1013
666
209
31
1883
1921
1011
12
2577
1714
2536
1750
1654
1703
2875
1698
1649
1700
1884
1757
1699
1920
1666
1923
586
1012
1670
1751
1716
1877
1677
77
1917
32
1695
161
719
1689
1894
1615
1719
1690
1721
1640
1015
1072
1613
1160
355
363
1910
1637
1895
1661
214
144
1970
2782
216
1798
2
825
3328
1025
4678
70
308
2978
174
1979
155
1969
687
4005
1449
157
908
2456
1800
2618
1604
436
521
663
1901
607
1630
1707
1311
377
1799
729
4164
2327
424
1854
309
618
78
1652
1795
111
148
918
1036
380
4002
2576
304
556
2245
410
1641
1058
358
1781
301
1215
2252
2259
540
1607
2254
1627
1638
2502
2213
4679
5130
419
919
589
910
2216
519
2208
718
733
723
1083
1981
1140
617
282
1038
46
271
583
191
474
284
3917
531
5040
2292
1212
717
44
1878
276
1614
298
917
690
297
104
3918
1365
27
620
215
695
106
1310
294
2392
9
925
665
2677
175
162
1039
1972
3718
447
2654
267
404
1196
39
89
402
147
121
506
379
409
2853
1135
4158
1041
146
2200
1029
3523
1811
37
2270
2144
2052
288
1149
272
1655
285
296
96
2169
483
1209
1881
722
1162
91
725
1170
489
2135
1996
307
4061
105
2717
933
86
2236
2840
1440
1980
857
163
615
2273
399
2614
861
2530
700
1978
21
2234
1296
1514
1792
4352
2207
2242
853
2212
1794
2243
2544
203
60
734
975
28
1211
23
137
2942
172
1122
321
1330
403
608
1480
840
3214
3967
1110
1063
1131
484
2778
571
1421
1732
1533
622
3016
1549
387
762
929
1527
383
438
170
2364
10
1138
905
83
5
158
679
1292
965
1187
2408
269
202
233
3811
2331
631
1420
980
1600
153
677
3218
2603
167
1210
1473
1740
712
159
183
378
1221
534
2486
658
1272
1126
490
1129
603
2697
4743
3966
2330
4677
923
575
1580
129
1433
373
1141
3228
872
1286
619
4055
2757
2176
222
968
652
1331
1205
517
1112
217
516
757
208
1312
108
1309
616
882
3177
55
1746
2881
3960
227
87
1400
1931
848
2575
2612
2399
367
547
765
1846
466
1379
785
1026
3243
3112
450
580
102
2822
988
890
859
807
3522
2324
2422
1866
691
3891
417
85
543
1139
993
82
1788
253
421
518
4390
766
2499
956
809
1444
927
219
869
3425
3586
755
1313
1429
808
431
1490
520
741
613
3689
2683
952
2824
2049
951
934
59
2648
4827
2037
1067
261
1976
541
5123
4168
141
2746
2994
2428
2945
1786
145
3244
420
1136
1787
768
1983
909
1111
1114
2674
2237
864
935
1276
2765
981
368
4160
1084
3144
720
889
567
3909
1938
1760
1031
1584
628
1197
2738
730
119
1287
962
2250
4583
1082
508
2572
604
1016
1865
999
514
2113
2616
1167
2684
2467
499
324
595
2255
1137
1254
2276
3545
3132
1108
1791
3413
150
1218
2343
2116
123
2604
95
1192
4702
1096
626
2145
1191
3903
2749
210
523
3191
855
1806
4547
1189
226
630
1062
740
1128
4023
3481
3281
1642
35
3152
68
3478
132
810
2864
2046
565
71
4577
871
2271
692
713
124
152
2272
2265
1372
649
805
1032
69
742
945
2279
936
2380
1225
292
2651
2812
2266
678
856
928
156
2637
1
1990
2871
3910
930
698
739
2434
1762
803
5176
3930
1130
1328
5028
1340
4856
2465
2257
189
33
1023
2599
1219
4854
405
703
2596
406
1166
704
2897
2584
61
568
1071
2156
3193
2309
143
2442
160
212
66
1020
22
2315
171
2008
1764
916
2137
1425
188
4346
1164
1102
254
2821
3571
655
2758
2389
2740
93
463
4217
3647
2795
1259
784
711
251
2789
1470
597
2705
724
3361
1094
4047
1230
716
1261
3644
461
854
961
847
1206
4264
715
133
849
2413
2011
2256
192
971
268
949
3638
2770
1179
1840
1017
502
1037
983
2944
1280
4555
2387
1589
3887
921
240
2982
2253
398
771
135
2943
817
198
3245
798
559
1243
706
2415
564
710
1413
731
728
989
4308
3246
1572
851
705
1726
225
548
3494
3482
2555
3270
2475
708
1121
3587
2688
4669
1155
1985
2497
4996
1248
551
2588
426
62
1307
3512
701
707
2963
4778
2582
1053
2706
3941
3168
1838
4360
2895
1024
995
947
3628
977
3185
3126
972
562
58
2913
3855
1964
2134
4670
2752
2421
1249
3139
2440
3442
2649
3858
45
2249
3488
1204
5180
437
2078
820
2372
2739
3444
2187
1107
4107
760
3021
1475
3857
3536
1801
1303
2605
530
3251
736
1001
827
1540
997
4937
2991
777
4598
3268
3630
3622
5083
1492
950
4597
2005
2190
833
2160
5134
2179
3449
5153
681
1943
1033
3562
2989
1207
1146
3744
2941
1850
4260
2416
2524
2750
1435
2902
633
5082
3650
4809
3260
3192
4239
4779
1228
1043
3101
3509
960
3635
200
2986
2540
4730
1398
3625
4295
1396
4485
3847
510
4147
527
2196
1853
1802
4961
759
3668
1535
826
2430
1489
3552
1465
3827
884
3568
3248
3506
2967
1395
1040
3734
2776
1848
2374
1891
3794
4210
205
4156
2865
2435
1953
3237
3839
2520
5007
2548
1992
1277
3211
1777
1844
134
3786
2946
196
5099
764
1571
1028
743
841
2077
223
1831
1404
821
5039
442
767
88
1099
2587
650
3109
2274
5129
3167
4117
4922
1044
1405
1550
5077
1494
1437
2321
2044
4672
3624
3455
2082
3117
3626
248
639
815
696
1730
2043
5118
2541
4628
3203
1593
3559
1048
816
744
1399
4301
966
542
1411
3861
814
1125
2818
4222
4671
181
2036
2952
3570
3745
2693
140
246
4019
3227
2393
501
94
2347
4121
1056
959
4166
964
2783
958
3278
3276
3836
494
3473
3787
2418
2050
3073
3209
1871
1528
2724
495
1874
4684
3454
3860
4932
4656
1481
2138
1306
3344
92
3345
4139
943
942
3921
5043
2230
643
4032
2625
173
2140
2139
1035
2631
2275
3601
875
2131
2455
939
941
940
2830
3546
5214
3803
384
3915
3920
3708
5110
4744
2231
957
2286
2041
2974
4463
1302
2170
428
3709
4745
3919
4401
1408
2503
344
2489
1061
4375
3316
2448
3335
4400
1081
439
4846
4410
2344
2342
4411
1010
2310
4423
3441
3446
440
3451
4136
4969
2801
4304
1154
1295
2736
1325
1123
220
1120
1119
4142
1118
3199
2660
2643
2640
259
260
1355
2600
1090
2562
2662
3093
3460
4016
3693
1869
3485
3484
1596
1595
638
5146
4562
4563
4564
3501
3476
4465
751
753
3814
1195
1194
3667
1193
1939
4534
1940
4515
4517
4516
1597
3666
4514
4561
3483
1942
1190
4464
1594
640
752
3815
2280
2336
1776
786
2753
1293
3609
2754
444
3037
1436
416
1989
4939
4800
5061
5013
2290
645
2294
2105
3672
4692
4693
50
4278
4113
1086
4276
2552
3645
5000
2247
4119
1622
3927
3928
4757
3006
4991
2056
4441
3017
538
5194
2756
1807
350
2785
1519
4324
4329
16
747
1234
2620
3765
1520
1241
3173
2958
3164
1245
4504
468
3382
3812
480
5119
2064
2848
812
1575
2623
128
3830
4638
4044
5107
1297
4582
3459
819
2838
4530
1727
1269
3131
4269
2710
3580
2611
830
4881
2411
2357
931
488
3125
3271
1054
4805
3357
3123
3958
1431
4901
2109
782
2658
177
4097
3885
4095
1612
676
554
1539
1536
1517
1512
3492
4666
2719
3998
3472
5156
371
2742
370
4108
2960
1833
2501
4610
2760
1229
4575
190
4203
3520
605
600
2549
1856
1783
3059
1780
1765
3727
3743
525
3760
3762
891
2205
4753
2641
434
4844
4741
2570
1947
3221
4726
2676
3550
2557
907
2351
1078
801
207
3186
1091
2362
865
1178
2877
4263
1172
3162
2893
2477
2473
3151
4235
4481
2581
987
1103
5212
3297
4402
2802
970
264
4
4544
4133
5217
5206
2268
4519
3306
2794
3314
4403
3095
2472
2478
973
3582
320
2995
974
4366
4645
4262
2018
5216
5215
2610
1442
1441
3943
1439
1438
1416
3965
1407
2793
1447
1389
1382
1381
4001
1373
4007
4008
1397
1448
3934
3926
3875
3877
3878
3879
1509
3884
3890
3892
1491
1488
1487
3907
3908
3922
3923
1463
1462
4011
4012
4013
1356
1267
1266
4103
4104
1253
1252
1250
4180
3447
3292
3293
4447
4446
3300
4442
3301
3302
4437
3307
3308
868
870
4430
3315
4422
4421
3319
4418
4417
885
886
2112
3320
3321
3322
892
3312
4458
839
838
2183
2182
4502
790
3261
3262
3263
797
4493
4492
3265
4489
806
893
2168
2165
3277
3279
823
3605
3068
4039
4040
2384
2383
2382
3606
3072
3067
2378
1771
1301
505
1300
2373
3604
2371
2370
2377
4773
3066
4775
4792
4791
4232
2400
4030
1761
4786
4785
475
476
478
479
4783
4230
2395
4229
3610
1089
3608
1773
2402
1774
3081
3591
3590
3589
546
3588
1101
4521
3252
3253
4510
4508
4507
780
4467
4466
2099
4461
2149
4460
835
2079
2076
2068
2067
2066
2058
3330
2055
3331
834
3332
1521
4524
4570
709
4569
4568
4567
4566
4560
4559
4558
4557
2151
4556
3225
3226
3229
3230
4532
749
750
4531
4529
4526
726
2191
3333
3623
2325
2323
1744
3597
1203
4746
3596
1214
2314
2312
1199
4729
4728
2297
2295
4123
2313
1216
3052
3051
2361
2360
1237
4082
1235
2356
2355
1233
3616
2346
2345
1226
1224
1223
4091
4092
3050
2293
1238
1185
539
4682
4681
4680
3556
3120
3121
3555
4683
3554
4157
5184
5183
3842
446
3003
3004
3009
3010
1709
3027
3028
3029
4125
1176
4126
2999
4815
4816
3636
2975
412
413
2976
2977
3648
422
423
2984
427
2988
3642
3641
3375
4078
3579
1240
3578
2284
4698
4697
560
4696
4178
2244
4699
4179
4186
4191
3535
3534
3533
3532
2695
3366
3365
1977
2004
2006
2025
3853
674
673
4589
4590
4592
4593
4603
657
647
646
3183
644
3182
3180
637
636
635
634
632
3175
4622
3174
3367
3377
3378
3379
3433
3432
4340
924
922
3427
4348
4349
3421
4354
4355
3420
1903
904
625
903
4371
4372
2955
4314
1585
3456
2432
2433
4933
4934
4319
3705
3706
3707
4325
4326
1569
2450
3445
4330
2861
2860
3443
4963
312
2886
3464
3465
953
2918
2917
3674
3676
3677
3678
4299
1826
1606
4964
4059
3682
2904
4908
4909
4910
3685
3686
1599
1598
4048
3681
4965
1858
1859
1534
3735
3736
4984
4985
2833
2832
2469
2470
241
1861
4998
4999
2827
236
235
1862
3747
3733
1526
4979
4977
3159
1808
611
612
1809
3169
3170
624
2847
1547
1546
4970
4971
4972
3730
3732
4976
4978
1525
1524
1523
2798
2513
2514
2515
2516
2797
1879
5053
2792
372
2772
5074
5073
2773
5071
978
5069
5068
2195
365
2194
3779
3778
5062
2508
2507
2192
3775
3774
3773
178
179
180
3772
2786
4869
369
154
3400
2972
2971
4175
4174
125
126
3808
3807
4259
4857
4858
4859
2787
4170
2532
2199
2529
5087
5086
2198
979
3791
1059
4395
3755
2799
2800
3754
4384
4383
2808
4659
4396
2816
5011
5010
3137
3136
1148
1147
4710
4712
1133
2817
1132
3768
2482
5122
107
2722
2723
5117
5116
3819
3818
3816
2481
2741
3788
3412
2493
2492
2491
2490
2485
2484
2483
3789
3498
3092
3665
1049
4849
4848
2629
2630
2621
5155
5154
1018
2934
2932
2931
1064
1065
1066
1073
1074
2714
2713
5135
2935
5136
3851
3852
75
74
2567
67
65
3863
63
2712
1034
4206
3864
1927
1926
1919
4657
4294
4293
4273
4272
397
396
1659
4205
1658
2263
996
998
2278
4224
4216
352
2585
2638
2639
2586
30
11
2579
2634
2578
2951
2950
2607
2608
2664
2948
2947
2665
2633
5165
