447
617
174
439
787
2577
78
932
444
590
742
142
163
68
81
262
434
306
269
322
324
308
281
295
277
313
302
271
184
365
323
383
305
1498
288
296
289
378
1876
388
272
348
298
268
293
284
280
279
307
309
391
235
229
77
1074
1351
165
433
512
514
156
89
286
702
321
339
332
301
386
304
112
318
338
319
371
3931
113
354
312
328
704
292
2763
287
299
275
294
291
267
333
2509
326
634
173
270
335
658
337
310
276
331
303
1080
488
180
619
639
127
121
1612
698
896
1393
115
516
4165
399
394
715
350
11
66
537
1390
1623
153
231
254
712
700
172
1640
385
1863
325
703
1163
966
4081
1571
1625
372
300
83
424
636
373
242
3
64
360
1584
1590
3027
1846
1269
1621
171
124
1626
1087
1572
1860
539
2499
637
1627
1617
133
1631
605
1608
1578
1611
145
1068
1392
1398
717
1112
1638
290
635
630
340
1628
1668
1639
379
1862
1848
714
2824
1581
740
397
1606
1391
657
627
2511
1600
1632
461
785
119
431
297
2510
1847
2208
738
1633
86
190
1654
421
2213
2029
716
1573
1598
1843
1855
1690
72
274
855
624
1636
428
2508
38
285
1579
336
1597
1575
1577
263
87
1609
377
2104
1739
330
230
1653
1691
1637
1857
1694
1950
1665
327
316
314
334
283
389
699
3366
135
196
1751
574
706
47
739
2178
2209
187
1010
61
177
2237
655
914
1136
863
2235
2223
192
621
104
2
957
84
1938
3661
915
1752
981
179
1058
1745
415
2960
892
486
2214
526
387
1355
2490
1743
1120
278
16
1570
1267
887
69
546
117
355
2762
1076
1268
945
751
1066
3199
3849
154
1948
722
1947
1820
4944
2220
1307
116
1109
456
709
2217
419
417
218
485
256
727
2216
2317
2570
4945
1012
1132
1009
548
418
1525
644
965
833
1399
3665
735
4254
1116
178
144
741
490
975
2107
743
1618
282
934
708
990
468
943
695
794
2564
1098
495
158
370
2736
2502
555
1108
928
615
67
185
1774
2796
1036
2535
960
528
936
1531
920
737
3110
1085
92
744
664
2652
2159
754
723
661
311
935
252
725
2233
1165
459
344
1061
2760
492
853
1092
597
721
1196
205
3168
3777
1734
606
131
2436
3040
3995
2912
1738
1233
2211
168
1746
227
2207
2203
359
463
234
136
33
838
375
1155
125
2245
2099
1125
3331
1936
759
374
2021
74
465
1576
2926
4934
493
1059
261
1290
3303
2169
811
1019
1314
2458
1403
1465
2234
2330
97
1499
2401
3171
1457
1810
2131
1171
1887
3885
733
1043
224
2653
731
95
4124
2376
140
406
1447
2582
2350
580
1119
202
455
1763
921
659
509
384
429
2364
1013
17
2529
3893
4070
1200
864
2012
908
846
442
2584
82
467
432
2735
824
3467
1547
2820
1474
536
1237
2949
1903
152
2865
3975
1230
1505
771
912
2814
2444
147
842
1206
989
197
1156
3830
2010
1588
1236
815
847
2403
3741
2293
1932
969
1157
1044
1161
4398
59
3508
4089
1094
660
30
91
1056
510
2122
554
517
3781
812
2096
1336
2610
3894
3102
2135
1472
376
3808
544
968
3480
1111
7
4630
1245
15
613
756
1400
843
689
392
3544
48
3244
4681
236
1815
137
49
2888
1425
4
138
2190
1011
3200
1172
1115
1349
3840
1619
2799
496
1681
3731
457
3139
1467
347
958
620
845
2881
2972
1129
4810
2232
550
1185
532
729
1524
2754
576
2471
1880
1802
1337
680
3780
2231
4084
1675
1469
530
937
2974
1106
1934
4487
834
3782
919
1929
2022
645
618
1806
1333
757
925
4367
4754
12
4731
513
2641
1409
579
2101
3839
1973
3074
3462
778
3595
3370
572
2367
259
1002
161
167
1828
747
866
718
2622
541
3196
730
964
4316
3187
538
1387
858
2164
2260
1935
1741
575
160
577
1460
573
814
1940
1057
515
3979
511
451
4217
1077
603
3075
1895
3013
407
3269
3415
1252
176
3950
4228
1169
2767
1140
2558
805
3402
4454
1530
1347
1686
57
3270
939
4284
3627
1170
3755
1291
1166
2929
143
367
2285
382
569
570
571
3758
2228
4573
1937
1744
2236
484
2555
2227
2630
175
3726
2225
462
2470
1680
1456
2717
470
341
4155
933
273
1415
5080
2894
745
2200
646
951
1007
182
1248
3156
922
129
4412
3412
320
808
317
381
3324
166
2654
3397
2526
1249
126
2226
128
1740
782
2879
4049
315
169
1912
2052
4937
1250
783
4413
3902
464
865
413
1359
2146
1147
3570
380
226
758
753
219
755
4465
3572
2771
207
2847
2742
941
2759
1540
871
2389
2360
2544
2794
483
997
212
96
1424
671
4082
1070
123
3778
2359
134
1259
3953
1114
643
2303
1961
210
3062
1045
2778
181
2121
2051
194
260
1215
3676
2913
1782
2730
1736
2637
3846
3376
426
1067
1251
155
2782
2410
1405
2863
3363
879
3981
1388
427
1
734
653
3007
3609
4911
1767
2299
4464
2957
130
2624
870
349
110
351
1708
2114
2729
749
3087
906
1201
1730
99
2472
1134
363
798
2737
390
476
2324
1192
2681
5010
1439
1729
670
3225
264
3733
2999
494
540
1886
248
3060
497
3496
776
479
2928
2682
991
2017
2734
1158
667
2284
1931
2648
1706
3222
852
2732
2003
4369
4193
2545
3091
2383
986
2348
3235
400
4560
449
2379
2608
1234
2375
868
581
2725
3194
2298
2426
358
2294
105
101
73
2675
3882
4388
976
3788
3223
2147
3932
4923
239
1491
1188
1175
4839
1232
1965
1496
2130
2296
450
4561
1473
1353
955
2004
2615
352
2616
851
2696
2973
736
2422
3260
3672
132
799
3690
3131
1173
3717
2594
3749
3525
3718
4665
220
4947
4559
120
3265
4562
2764
3036
3094
410
2435
3198
2434
1996
2058
201
3477
1563
2314
2015
251
3276
2684
4803
1413
1343
2892
2336
3130
2896
2006
608
4359
876
3129
2774
3253
1411
5079
2821
3753
118
2975
1956
503
3592
817
1574
4426
1406
3261
2411
774
1218
1216
253
609
1943
2724
4816
4518
2543
103
3574
1927
1358
4190
4207
4003
398
4606
4895
553
1724
1687
2425
2917
3539
3821
2163
3357
3774
2521
1081
1041
2979
822
1042
1357
1436
3836
3612
3986
3743
4618
1516
2744
3856
683
1322
854
3642
3768
3837
2091
3645
3770
2312
1976
2731
2978
3116
821
2715
1004
2680
3515
2679
2415
4966
4760
1437
4567
438
2728
3691
1344
1345
1356
1348
1256
697
1394
2149
2154
816
3513
666
3779
3425
2581
1557
2580
3580
1646
2872
2873
1028
2711
1023
2877
3547
827
828
3546
829
1027
436
831
2874
825
819
1712
2812
4330
5008
4331
2804
3828
982
4332
139
2792
988
3829
4986
2677
4591
3373
1286
1967
2920
1408
5085
4693
1051
2781
2447
1432
1431
2779
2647
2463
3278
1294
2374
4981
3335
4158
1220
4838
4360
2320
1222
249
1569
962
5021
1568
1221
1567
4231
1966
687
4837
250
1407
1566
2840
2780
1219
2373
2921
4590
1052
4550
2341
652
2197
2195
4938
2196
2639
1451
1450
2638
2842
995
2740
1412
1410
944
3725
4467
4472
2419
4689
2785
4026
4270
1404
3274
1985
1470
631
2288
3790
1685
1587
3009
3516
1564
594
90
3302
1532
4423
1970
4909
807
3942
1971
3364
2421
1031
4397
3384
3398
1088
676
4128
1126
3079
1835
4129
40
2142
1837
3080
3216
678
3654
1075
3388
3386
677
3078
1836
5044
3081
857
4953
4241
531
44
1073
588
1756
3389
3385
3958
3053
3927
1475
4126
2250
2674
4391
1195
4703
558
3492
2028
2036
3092
3350
4438
4745
2238
430
1024
1726
2567
3677
3095
642
3668
2525
625
3111
1709
200
3628
4942
600
211
3579
1884
562
221
4629
4587
1702
3727
1682
2698
106
3001
1464
3900
1508
1514
4456
2656
3018
765
2644
3025
761
2634
1585
728
3799
149
711
696
1906
3939
1907
4638
4872
1182
4867
1279
2271
4023
2934
3502
4409
4656
2257
2252
3446
2925
3448
3991
1330
3230
4695
3242
4351
1338
2366
980
977
409
3400
1040
2955
2328
2332
4039
1103
3162
3164
3556
4183
241
4380
3533
4416
265
489
4194
2306
2967
1246
98
4876
3406
1243
3404
2835
2793
926
924
2455
2457
2459
3455
5076
3264
42
2468
3273
3457
4421
1340
3255
2803
889
2156
4390
867
3978
4805
62
909
675
233
2123
2393
5
2712
1176
2405
4087
2882
2090
4090
2308
1191
2790
3283
2417
4932
4173
3734
3792
2053
3272
4327
2119
4858
4860
2554
1420
1416
3854
3855
3857
3861
3848
3862
1395
1389
1386
1385
1378
1360
3914
1335
1396
3845
1428
3929
3787
3793
3794
3797
3798
1463
1462
3827
1446
1444
3833
1440
3834
1438
3835
1434
1433
3844
3930
3933
1325
4012
1229
4016
4024
4029
1214
1212
3709
4508
3127
3128
3133
3134
2206
4497
4496
662
663
4495
4511
665
2204
2202
2201
4488
673
3141
1839
4478
4477
1844
4474
2205
3149
4512
4514
3099
2244
2243
2242
3100
3475
3474
3106
1821
1235
628
4513
629
1822
632
3466
3465
3119
3120
3121
3122
640
4147
4309
4651
4650
4310
1282
3003
3004
3380
4653
2031
2310
3342
2032
3382
4637
4636
3011
3012
2311
4654
3379
1064
2983
869
3530
1731
3529
2989
4140
1899
1898
472
473
1062
4663
4662
4660
2996
4658
481
2997
506
507
508
3512
3032
4609
4608
1258
3034
748
818
823
3250
3251
830
4324
4323
4322
2011
839
3239
840
848
849
3267
3268
4298
4297
1988
4295
4294
3275
2002
4341
3236
4346
767
4382
4381
772
4378
4377
3213
4375
4374
4373
779
780
3214
3217
2049
3220
2046
2042
3224
3227
4349
4348
4347
4289
3174
1194
1193
4001
1187
1186
3014
1180
2263
4616
1179
3493
1167
4598
4597
4596
542
4615
2266
1203
3988
2958
3962
3967
2968
2971
3972
2292
3973
3976
2287
1697
1698
1699
3982
3984
1704
1705
1160
1159
551
552
4047
584
585
4552
4056
1123
4058
2181
601
3553
2886
4756
4758
4759
2356
2357
2358
2884
2883
2361
2363
3581
2880
732
3582
3583
2876
2875
356
4404
3586
3587
2870
4402
4781
2868
2867
346
2878
2352
4188
2889
4715
2911
2910
4418
4417
720
408
724
3568
3569
401
971
3374
4186
2337
2338
2339
2340
1038
3618
1556
3619
2406
4131
4225
4130
1550
3624
3625
4834
2810
2809
2807
1037
1254
1255
907
3629
3630
3631
3632
4847
3633
4833
1095
4427
3605
2381
2382
3606
2384
3607
2386
4813
4814
4832
3608
4215
3422
1560
4824
2823
2397
2398
2399
2400
1096
4214
4213
1311
3201
3197
3191
3190
3184
693
3773
4437
4441
4442
4448
4449
3160
3159
4459
4460
4461
4462
2077
604
2085
3089
3088
2102
2103
3208
2108
1955
746
885
884
883
882
3348
4251
3340
3339
3338
3334
4269
4275
3320
3319
4286
4287
3306
3305
3300
3299
1879
4879
1772
1778
4230
1534
891
890
1528
1784
3602
1787
1519
4244
3636
1512
4863
4864
1511
1507
1520
1506
3601
3598
1145
1148
1149
4797
4798
3401
4204
4205
3599
2342
2344
2345
2346
2347
4210
4211
3395
3394
2343
4791
2772
4121
3674
2449
2450
3675
2452
2453
2588
3659
2753
3658
4889
3652
3651
3648
3647
1494
1495
3576
3575
1107
1105
4034
4035
2854
2855
4787
2857
2858
4043
3545
3543
4061
4067
4068
4750
4749
4894
4075
2750
215
3720
3719
150
151
2462
2461
3706
3705
4949
4948
2446
2445
4940
4939
4930
4926
191
2739
2495
2494
4095
5003
4094
2167
3751
3750
4156
4157
959
4160
2482
4161
956
2168
1025
4099
4100
1645
4149
3771
3479
2173
1274
2171
2663
3766
94
3765
4102
3763
3762
4101
5013
93
4113
2158
2666
2726
3682
3681
3680
3679
2940
203
3670
3669
3050
3051
3724
70
5041
5042
2669
2931
2930
2670
2671
2603
2522
2523
2602
5059
5060
2600
2672
2597
5039
5038
5035
5034
4555
4556
940
2153
942
2152
2952
2951
2596
2110
1048
1049
2944
2943
2621
2620
2619
2618
1046
2595
2601
5088
6
1916
987
2916
2561
5087
2593
3439
5069
2574
2573
2572
2571
4584
5070
5091
3438
2541
2542
4144
5090
4583
2553
2563
2562
2918
2919
5104
