421
1124
138
227
196
1118
627
736
426
986
470
776
202
169
249
460
1057
156
256
546
401
958
77
294
687
99
129
337
345
357
299
315
336
301
359
321
371
353
297
355
358
1877
311
339
328
307
329
320
419
306
98
956
250
86
246
474
411
161
3307
3003
331
1594
643
641
1555
291
332
300
990
335
115
1566
1546
341
334
642
292
316
1543
93
325
364
309
356
313
326
1579
362
1540
333
672
1616
323
327
298
354
342
1353
295
1575
141
1551
1592
1582
366
1527
1598
1574
1607
2518
1839
1628
1654
1550
314
1849
1568
644
1825
1835
1644
4382
1576
1578
1684
1561
3476
1532
1601
1541
379
1534
3870
1569
1869
1567
1626
194
1573
1688
1589
1547
3873
2524
1593
1655
1539
1597
376
1583
136
1828
929
932
1837
1634
1648
1538
1560
1570
1556
1852
1526
1083
1875
902
1680
1587
1577
1588
1608
1647
1968
1829
1640
1851
1530
1631
611
1687
907
1617
1639
409
634
1826
3871
312
1682
1565
1830
1352
1874
1657
1557
1653
330
1533
1656
1609
4093
1558
1867
1630
1841
1604
1863
711
1627
1618
1553
198
1581
1535
1643
1611
1827
635
132
157
1649
1629
1635
378
551
144
1834
934
1633
417
1548
1661
1652
719
1571
1641
1545
1660
1870
1854
922
370
1696
363
3083
1219
1580
2517
1596
1536
251
154
1632
166
1691
812
1871
1683
658
459
1685
1531
1637
1838
720
128
324
2764
906
1642
4381
671
3872
1876
855
1623
1650
1844
1554
1542
224
1621
708
638
1600
1846
709
1602
1878
53
1620
454
1552
3862
1859
1625
317
463
636
1619
1060
774
167
476
3153
2273
878
733
2249
1668
1221
1012
96
2546
1220
481
15
2248
2121
408
673
1135
752
432
178
1562
630
1529
652
722
1585
243
1544
303
1603
2251
1741
1563
645
1848
158
629
1932
933
1590
521
413
1742
3477
293
33
734
994
820
2769
74
159
487
3599
1110
1945
272
2271
882
151
2270
610
2214
2770
647
1879
1739
1092
1969
1843
832
637
1572
2411
1937
1595
395
2353
949
2268
2197
1831
285
1856
368
1692
2325
668
1599
1845
1855
724
1857
67
1858
735
2275
0
754
486
866
737
503
674
2668
723
564
133
1496
288
3717
1008
2124
91
950
1027
416
170
848
2384
66
254
728
32
1808
414
1089
107
191
877
854
3081
3832
397
81
2763
176
1743
1736
3154
628
1952
130
2828
393
731
727
738
83
868
945
447
12
55
2038
4520
2247
780
90
469
87
2590
109
3085
1365
1950
939
931
1025
3266
1151
1245
1186
1730
833
509
3964
1667
134
2260
835
3792
590
59
942
2261
1354
155
2888
823
946
148
193
54
893
732
943
392
2278
448
101
1020
489
2615
2205
560
234
600
390
2580
799
2120
1686
905
114
142
618
124
707
1082
1866
1840
2199
3605
2519
1549
581
1528
225
1306
1584
1624
1043
796
1847
607
542
1586
1610
286
435
3791
464
181
289
944
585
1732
1287
2469
468
4130
1039
1097
2276
578
4860
580
1704
197
3133
4502
146
686
2814
2092
2030
279
1120
2483
1361
667
889
797
1985
837
1156
491
536
3119
1887
3337
3788
229
3617
455
1288
916
1
56
3632
1449
236
2368
1960
3675
394
143
1112
988
1735
834
2033
948
717
3427
549
2277
1308
1964
1799
804
1441
1096
2809
1979
1737
4412
579
108
152
1061
3842
405
247
767
308
3656
624
3370
4487
2592
829
4
602
1433
2997
3497
4413
381
1671
3346
1766
1774
3745
145
2267
2264
273
947
1081
3329
529
89
2147
1977
1091
530
2867
1000
465
1516
729
1996
3542
179
14
3300
2523
552
1677
3778
609
2138
3783
1815
1450
3547
140
1209
917
95
2436
4016
492
52
1993
1123
31
1738
3984
1065
2433
870
895
583
582
953
2027
1204
1423
1163
68
2643
1121
22
2609
1712
681
1175
5036
785
195
1371
1479
4019
199
2441
2497
699
2941
845
858
3157
1439
964
2084
987
1672
2190
1038
4013
3135
149
657
871
993
1021
1266
3016
382
1443
2530
456
4254
1905
73
39
280
150
4017
1444
1042
3139
2458
1201
1033
713
1658
1113
2823
172
2350
189
2550
2856
1125
3916
177
2597
2742
1519
1075
496
656
3284
975
2113
248
898
3641
168
4507
745
5006
2635
4386
1437
749
730
3611
1513
1559
461
221
676
4553
1729
2152
7
458
1041
1733
688
1801
1087
182
2151
147
2781
1746
472
2414
1346
267
2949
1019
2640
1013
4730
2228
1191
2630
3028
3771
2274
992
1429
1056
137
4552
2821
462
453
1940
3573
2595
2193
237
4303
1190
1898
2179
883
1836
1731
242
2822
2283
1005
2631
2118
4933
522
112
1933
3995
880
2731
240
184
2203
685
3843
982
525
1301
94
746
750
34
230
135
1004
3520
5035
4425
2333
926
1134
3440
3078
3394
424
909
1786
1419
2722
1196
204
1023
442
887
3631
44
78
2787
41
441
88
2986
506
2061
3385
1515
3521
1926
428
1313
1970
207
1728
1305
190
3094
744
205
825
1067
689
538
3299
410
2047
498
725
75
275
1564
2847
3888
374
1487
403
2740
1084
514
1695
2561
2689
4178
188
1816
2737
3804
2730
427
2011
824
278
3095
276
258
433
217
70
214
2984
2135
1131
969
3628
180
127
1403
1941
2805
2948
3762
563
3555
4021
535
119
1063
2532
1100
1651
526
802
1366
2114
2651
1032
1030
2979
3535
930
1362
3376
4149
867
1355
1853
818
2916
212
25
1146
819
2639
2732
122
1202
809
1203
523
2752
1448
1040
872
2559
504
650
2429
3215
716
547
186
3670
2531
1158
100
648
891
213
3311
826
3063
2774
2461
1311
586
2140
2392
3651
2736
1363
1476
1242
2302
3668
407
1425
747
4744
1028
3734
215
1011
622
1886
2533
2725
500
952
2014
1690
3389
1860
1868
2910
1636
1689
348
2410
1152
548
344
639
1377
3998
2240
1591
1307
365
4453
1681
1659
164
3242
1833
2572
1718
4536
2382
2400
183
1842
1454
2042
1606
1864
2608
208
1049
1304
1862
846
1035
2462
3218
1312
2534
343
2928
3710
960
3630
1717
1702
3853
810
2039
3657
4367
82
567
1779
483
1410
3571
3245
3593
2693
11
4499
1662
262
2130
1029
761
3576
1751
1128
2246
209
2525
302
3023
1755
2018
28
661
2756
350
284
742
1006
2091
2594
1250
4796
537
2617
1050
499
2528
4304
2444
556
2263
4508
3526
2243
1880
4864
2337
4662
3377
2188
1850
2142
1276
3662
211
1225
4676
1955
3830
2612
1790
439
814
974
976
3207
3608
2161
1185
3677
2424
3485
2776
3422
2013
2460
927
2499
340
1396
2346
1646
3912
4806
1368
1094
3866
270
281
2766
1293
3562
3546
3065
2861
873
2486
743
2198
1873
3659
351
3383
2669
2713
2019
928
4495
1832
2482
372
3915
1036
587
3318
786
4007
2738
2231
2230
360
4947
3323
740
373
1861
2464
1525
4580
3487
1144
1705
171
2660
4230
915
1436
3114
2717
2074
2807
3351
369
1258
3058
4526
764
4496
3336
3236
3848
4822
2476
2667
2454
2136
3057
3056
4275
2021
1389
1537
2864
2744
2963
2242
2241
3261
3260
4171
2577
3869
2186
2187
1645
296
1622
318
367
2009
1770
2010
1415
466
545
3186
4485
3149
2514
2812
322
310
1357
2006
571
4062
1748
978
430
4219
2915
406
443
2008
2456
1865
4447
4518
4519
4908
1521
2583
4867
4541
3896
1284
3596
4517
165
3040
4904
163
4917
4283
1316
2182
768
1017
1018
497
2803
1907
495
494
493
3723
3739
588
4083
3074
4086
3950
3504
3380
2937
1400
4087
899
3508
3364
4993
2370
903
2385
3776
2389
2870
2869
2051
4816
1334
3246
664
3168
4357
4716
2496
3983
1719
1470
2498
4172
3326
1370
2336
2340
2339
2335
3384
3379
4728
4732
2348
4729
2393
2637
1172
1137
4320
3714
2994
524
4415
50
45
2544
4858
3882
2374
3445
3446
4809
4100
2373
2696
1068
4924
4528
3241
4047
4045
4468
3461
4910
3319
1481
1480
1978
3711
2634
659
1399
1413
967
3471
3470
3973
4684
4969
3473
3472
3972
185
1494
2472
1491
1489
3070
2480
1477
201
3821
653
691
2451
2449
3741
2442
3704
3687
4849
613
3685
3678
605
2416
3787
2494
3044
696
1290
803
2605
2603
1292
793
4372
3976
2566
3955
3951
2556
1367
1373
3907
2909
4107
4327
2176
2619
1115
2626
3501
2885
3886
4064
4661
2375
1407
3488
4226
3234
3879
1421
4974
3233
1261
2367
4647
3231
2665
2200
841
71
843
2371
1782
2170
111
2064
4741
2054
3298
4769
2044
2025
1079
3291
4347
2127
2537
385
1003
1895
1182
63
4236
3566
3587
575
2801
1098
2824
2299
1745
1103
4679
1698
1721
2789
1902
1206
925
252
4831
3578
4577
4118
912
3221
4266
881
876
2343
1380
2848
2157
3212
4280
4281
920
4285
1474
4055
1119
2408
806
2700
3606
2237
1431
3648
4610
1923
3332
118
2262
1756
5017
4073
4551
558
1145
3454
3126
1149
1919
2721
3644
3417
2684
1153
4616
3131
3182
3175
121
120
3416
2406
2940
2539
559
561
1445
1278
3174
885
2831
2982
4074
4921
4618
4617
1155
1154
1150
3132
3130
1148
1051
1147
3184
4892
778
4605
3325
4603
3324
2319
4126
4127
3321
1024
1936
1942
4594
4593
2312
1015
1014
3313
1010
3310
1925
3309
1924
3331
4626
4625
4624
4623
4098
4621
4620
2334
1054
2332
478
479
4105
2330
2329
2328
4106
1046
4112
4608
3305
3304
2303
3288
539
4558
5039
5025
5024
117
3925
3928
3930
1233
3934
1229
3940
3941
1217
3953
1208
3935
1207
1244
3922
1294
3883
3890
3891
3894
3902
1246
1263
1257
1255
1252
3918
3920
3921
3911
3957
1199
1295
4042
4029
4028
4022
1126
1127
1129
1132
1138
1140
1141
1142
4005
3689
3187
3350
3185
2026
4329
3353
444
445
4332
4333
449
450
4334
452
2946
2933
2932
3514
2020
3525
2015
2016
792
3347
2922
2923
4335
3191
423
3519
425
3190
4654
2927
429
422
4665
1674
771
4350
2041
1700
1701
2043
3365
3474
2045
2046
3366
3696
3432
4539
4538
4537
2180
3026
3027
2174
2173
3029
550
3030
3426
3035
2164
3435
4544
2185
3436
4570
3449
3448
3996
3447
3002
3005
4514
4001
3009
4557
4556
3010
3438
1723
3437
4002
4571
1747
3048
1760
3067
601
3068
603
1761
1072
1071
1763
3402
4685
4677
4973
4668
1446
4686
3563
4735
1693
2971
2969
2966
1085
3992
1077
3991
1076
3990
1086
3989
4375
2952
3979
3978
2244
2245
3963
3962
3493
3494
3495
3496
2265
1165
1166
2956
2951
3410
1749
1001
3089
3363
1791
1788
2097
3367
3369
2102
2105
592
4958
4492
4070
2913
1638
2899
816
4666
4667
404
402
399
398
2891
2883
387
1613
383
2873
2872
2871
4693
4694
2868
2863
2862
3536
4071
4076
1298
4077
1810
1809
1806
1805
2065
2068
954
961
962
968
971
972
4493
4494
979
4497
4498
572
995
3798
3801
3802
3854
3867
3868
1177
1176
4082
940
938
4156
4157
4158
4162
4174
4175
4176
4204
4205
4209
4210
4211
861
860
4222
4223
4227
852
4229
3800
850
3770
3768
3619
3621
3622
1469
1468
1442
1440
1435
1418
1417
3681
3682
3701
3702
3706
3707
4397
2782
290
3569
2780
287
1511
1510
4787
271
269
4791
4792
2341
2342
1503
3584
4798
3568
4768
4767
1523
4718
4721
4725
3539
3540
2813
2811
2810
260
4740
3560
2793
2792
305
4762
4763
4764
1524
2798
2841
259
4800
1484
2739
1483
219
2377
2378
4848
3120
2419
2673
2677
2678
1966
2681
3109
3108
631
3107
2688
1973
2399
2398
1823
173
3104
4444
2394
3106
4424
4423
2428
3223
3224
4938
4937
2141
2139
4931
4930
2445
2443
125
126
4290
3128
3127
4289
2655
2656
2661
2430
2662
1976
3148
3103
4448
2750
726
92
721
677
4340
4341
2610
2759
2758
79
3588
1350
2602
830
3199
3198
2473
2474
2598
706
831
703
2593
4804
4805
97
3295
4242
4243
3268
3258
3257
2005
3273
3274
2381
2380
3098
3099
4257
4256
244
4309
2703
2704
2749
4251
4250
4855
1753
2492
36
2491
38
231
4393
2567
2568
2569
2570
682
3731
2557
3730
4361
3726
3725
4360
4825
4824
241
4821
4820
4818
228
1486
683
3746
1485
2548
3162
1904
2547
1897
3747
3759
5
4379
3607
2503
4378
4377
3760
3761
4392
4376
2504
4939
