1.00000000
0.99819982
0.98566830
0.93642932
0.91397572
0.90710747
0.88501229
0.87825431
0.86148993
0.82525117
0.80903496
0.79776356
0.75834286
0.74432578
0.72430973
0.69558632
0.67627411
0.65723599
0.64564186
0.64419685
0.64405251
0.64397142
0.63249406
0.62253144
0.60010379
0.60006649
0.59037309
0.58623268
0.57392334
0.56308658
0.55102537
0.53909553
0.52729705
0.51562994
0.51176199
0.50027003
0.48517771
0.47399226
0.46293819
0.45201547
0.44839565
0.43764809
0.43408665
0.42468517
0.41538748
0.40619359
0.39710349
0.38811719
0.38807989
0.36204539
0.36203242
0.36191079
0.36187348
0.36183618
0.36179888
0.36176158
0.36164319
0.36160589
0.36156859
0.36153129
0.36149399
0.34872893
0.34660926
0.34030538
0.33925771
0.33612442
0.33300573
0.32376157
0.31867241
0.28556369
0.28269313
0.28268503
0.27888519
0.27882842
0.27318624
0.27317326
0.27313758
0.26755378
0.25120134
0.23369094
0.23282490
0.22767898
0.22259145
0.22174650
0.21754932
0.21257856
0.20929120
0.20602979
0.20119525
0.19720080
0.19712458
0.19239708
0.19235329
0.19156835
0.18767120
0.18230310
0.18222687
0.17768425
0.17320002
0.16877417
0.16875309
0.16728538
0.16721564
0.16286764
0.15716382
0.15434354
0.15428678
0.15425597
0.15008312
0.14596865
0.14585350
0.14381006
0.14111303
0.13712506
0.13319548
0.12932428
0.12551147
0.12175704
0.11806100
0.11442333
0.11084406
0.10789728
0.10385741
0.10328330
0.10044194
0.09654965
0.09273684
0.09219517
0.08847317
0.08585075
0.08583129
0.08427437
0.08273206
0.08271260
0.08269313
0.08267367
0.08114595
0.07963283
0.07961337
0.07811484
0.07663091
0.07516157
0.07513724
0.07040326
0.06268843
0.05754251
0.05750845
0.05748899
0.05417244
0.05403459
0.05200412
0.04885624
0.04693118
0.04691172
0.04393250
0.03968181
0.03538246
0.03534840
0.03531434
0.03529488
0.03496728
0.02439487
0.02438028
0.02411917
0.02284769
0.02279093
0.01406735
0.01393599
0.01390193
0.01388247
0.01282344
0.00905280
0.00830515
0.00829380
0.00828569
0.00827758
0.00827110
0.00819001
0.00810892
0.00809432
0.00807973
0.00805053
0.00803594
0.00803432
0.00802621
0.00801972
0.00801486
0.00801161
0.00800350
0.00799539
0.00798891
0.00798404
0.00798080
0.00797269
0.00796620
0.00796134
0.00795809
0.00795647
0.00795647
0.00794836
0.00794025
0.00793377
0.00792566
0.00791755
0.00791268
0.00788187
0.00787863
0.00787214
0.00786727
0.00785916
0.00785106
0.00784295
0.00783646
0.00782835
0.00782186
0.00781700
0.00781213
0.00780889
0.00780078
0.00779429
0.00778943
0.00778132
0.00777321
0.00776672
0.00775861
0.00775213
0.00774726
0.00774402
0.00774240
0.00774240
0.00773429
0.00772618
0.00771807
0.00770996
0.00770347
0.00769861
0.00769536
0.00768726
0.00768077
0.00767590
0.00767266
0.00767104
0.00767104
0.00766293
0.00765482
0.00764833
0.00763536
0.00763374
0.00762563
0.00761752
0.00760617
0.00760617
0.00760292
0.00760130
0.00759319
0.00758184
0.00758184
0.00757697
0.00756886
0.00756238
0.00755751
0.00755427
0.00755265
0.00754454
0.00753805
0.00752994
0.00752346
0.00751859
0.00751535
0.00751372
0.00751372
0.00686825
0.00676284
0.00535837
0.00523674
0.00514430
0.00506321
0.00504861
0.00497077
0.00320464
0.00308301
0.00307815
0.00307328
0.00306355
0.00305382
0.00304409
0.00301976
0.00245538
0.00239375
0.00233213
0.00232239
0.00209372
0.00194452
0.00189587
0.00185694
0.00182288
0.00181802
0.00181315
0.00173207
0.00168828
0.00167368
0.00164449
0.00162503
0.00161205
0.00160719
0.00160232
0.00160070
0.00159908
0.00157475
0.00156502
0.00154069
0.00151637
0.00150664
0.00149691
0.00147258
0.00146285
0.00143852
0.00142879
0.00141095
0.00139311
0.00137527
0.00135743
0.00135419
0.00133635
0.00133311
0.00132986
0.00131851
0.00130716
0.00129581
0.00129094
0.00128932
0.00127797
0.00126661
0.00125526
0.00124391
0.00123256
0.00122769
0.00121634
0.00121147
0.00120661
0.00119525
0.00118390
0.00117255
0.00116120
0.00114984
0.00113849
0.00113363
0.00112876
0.00111741
0.00110606
0.00110119
0.00108984
0.00107849
0.00106713
0.00105578
0.00105092
0.00103956
0.00102821
0.00102335
0.00101848
0.00100713
0.00099578
0.00098442
0.00097307
0.00096172
0.00095037
0.00093901
0.00092766
0.00091631
0.00090496
0.00090009
0.00089522
0.00088387
0.00087252
0.00086117
0.00084981
0.00084495
0.00083360
0.00082224
0.00081089
0.00079954
0.00079467
0.00078332
0.00077197
0.00076062
0.00074926
0.00073791
0.00072656
0.00071521
0.00071034
0.00070548
0.00069412
0.00068926
0.00067791
0.00067304
0.00066169
0.00065034
0.00064223
0.00063412
0.00062601
0.00061790
0.00061628
0.00060817
0.00060655
0.00060493
0.00059682
0.00058871
0.00058709
0.00057898
0.00057736
0.00057249
0.00056762
0.00056276
0.00055789
0.00055303
0.00054816
0.00054330
0.00053843
0.00053357
0.00052870
0.00052384
0.00051897
0.00051411
0.00050924
0.00050437
0.00049951
0.00049464
0.00048978
0.00048491
0.00048005
0.00047518
0.00047032
0.00046545
0.00046059
0.00045572
0.00045086
0.00044599
0.00044113
0.00043626
0.00043139
0.00042653
0.00042166
0.00041680
0.00041193
0.00040707
0.00040220
0.00039734
0.00039247
0.00038761
0.00038274
0.00037788
0.00037301
0.00036814
0.00036328
0.00035841
0.00035355
0.00034868
0.00034382
0.00033895
0.00033409
0.00032922
0.00032436
0.00031949
0.00031463
0.00030976
0.00030490
0.00030003
0.00029516
0.00029030
0.00028543
0.00028057
0.00027570
0.00027084
0.00026597
0.00026111
0.00025624
0.00025138
0.00024651
0.00024165
0.00023678
0.00023192
0.00022705
0.00022218
0.00021732
0.00021245
0.00020759
0.00020272
0.00019786
0.00019299
0.00018813
0.00018326
0.00017840
0.00017353
0.00016867
0.00016380
0.00015893
0.00015407
0.00014920
0.00014434
0.00013947
0.00013461
0.00012974
0.00012488
0.00012001
0.00011515
0.00011028
0.00010542
0.00010055
0.00009569
0.00009082
0.00008595
0.00008109
0.00007622
0.00007136
0.00006974
0.00006811
0.00006649
0.00006487
0.00006325
0.00006163
0.00006001
0.00005838
0.00005676
0.00005676
0.00005514
0.00005514
0.00005352
0.00005190
0.00005028
0.00004865
0.00004703
0.00004541
0.00004541
0.00004379
0.00004217
0.00004054
0.00003892
0.00003892
0.00003730
0.00003568
0.00003406
0.00003244
0.00003244
0.00003081
0.00002919
0.00002757
0.00002595
0.00002433
0.00002270
0.00002108
0.00001946
0.00001784
0.00001622
0.00001460
0.00001460
0.00001460
0.00001297
0.00001297
0.00001297
0.00001135
0.00000973
0.00000811
0.00000649
0.00000487
0.00000324
0.00000324
0.00000162
0.00000162
0.00000162
0.00000162
0.00000000
0.00000000
0.00000000
0.00000000
0.00000000
0.00000000
0.00000000
0.00000000
0.00000000
0.00000000
0.00000000
0.00000000
0.00000000
0.00000000
0.00000000
0.00000000
0.00000000
0.00000000
0.00000000
0.00000000
0.00000000
0.00000000
0.00000000
0.00000000
0.00000000
0.00000000
0.00000000
0.00000000
0.00000000
0.00000000
0.00000000
0.00000000
0.00000000
0.00000000
0.00000000
0.00000000
0.00000000
0.00000000
0.00000000
0.00000000
0.00000000
0.00000000
0.00000000
0.00000000
0.00000000
0.00000000
0.00000000
0.00000000
0.00000000
0.00000000
0.00000000
0.00000000
0.00000000
0.00000000
0.00000000
0.00000000
0.00000000
0.00000000
0.00000000
0.00000000
0.00000000
0.00000000
0.00000000
0.00000000
0.00000000
0.00000000
0.00000000
0.00000000
0.00000000
0.00000000
0.00000000
0.00000000
0.00000000
0.00000000
0.00000000
0.00000000
0.00000000
0.00000000
0.00000000
0.00000000
0.00000000
0.00000000
0.00000000
0.00000000
0.00000000
0.00000000
0.00000000
0.00000000
0.00000000
0.00000000
0.00000000
0.00000000
0.00000000
0.00000000
0.00000000
0.00000000
0.00000000
0.00000000
0.00000000
0.00000000
0.00000000
0.00000000
0.00000000
0.00000000
0.00000000
0.00000000
0.00000000
0.00000000
0.00000000
0.00000000
0.00000000
0.00000000
0.00000000
0.00000000
0.00000000
0.00000000
0.00000000
0.00000000
0.00000000
0.00000000
0.00000000
0.00000000
0.00000000
0.00000000
0.00000000
0.00000000
0.00000000
0.00000000
0.00000000
0.00000000
0.00000000
0.00000000
0.00000000
0.00000000
0.00000000
0.00000000
0.00000000
0.00000000
0.00000000
0.00000000
0.00000000
0.00000000
0.00000000
0.00000000
0.00000000
0.00000000
0.00000000
0.00000000
0.00000000
0.00000000
0.00000000
0.00000000
0.00000000
0.00000000
0.00000000
0.00000000
0.00000000
0.00000000
0.00000000
0.00000000
0.00000000
0.00000000
0.00000000
0.00000000
0.00000000
0.00000000
0.00000000
0.00000000
0.00000000
0.00000000
0.00000000
0.00000000
0.00000000
0.00000000
0.00000000
0.00000000
0.00000000
0.00000000
0.00000000
0.00000000
0.00000000
0.00000000
0.00000000
0.00000000
0.00000000
0.00000000
0.00000000
0.00000000
0.00000000
0.00000000
0.00000000
0.00000000
0.00000000
0.00000000
0.00000000
0.00000000
0.00000000
0.00000000
0.00000000
0.00000000
0.00000000
0.00000000
0.00000000
0.00000000
0.00000000
0.00000000
0.00000000
0.00000000
0.00000000
0.00000000
0.00000000
0.00000000
0.00000000
0.00000000
0.00000000
0.00000000
0.00000000
0.00000000
0.00000000
0.00000000
0.00000000
0.00000000
0.00000000
0.00000000
0.00000000
0.00000000
0.00000000
0.00000000
0.00000000
0.00000000
0.00000000
0.00000000
0.00000000
0.00000000
0.00000000
0.00000000
0.00000000
0.00000000
0.00000000
0.00000000
0.00000000
0.00000000
0.00000000
0.00000000
0.00000000
0.00000000
0.00000000
0.00000000
0.00000000
0.00000000
0.00000000
0.00000000
0.00000000
0.00000000
0.00000000
0.00000000
0.00000000
0.00000000
0.00000000
0.00000000
0.00000000
0.00000000
0.00000000
0.00000000
0.00000000
0.00000000
0.00000000
0.00000000
0.00000000
0.00000000
0.00000000
0.00000000
0.00000000
0.00000000
0.00000000
0.00000000
0.00000000
0.00000000
0.00000000
0.00000000
0.00000000
0.00000000
0.00000000
0.00000000
0.00000000
0.00000000
0.00000000
0.00000000
0.00000000
0.00000000
0.00000000
0.00000000
0.00000000
0.00000000
0.00000000
0.00000000
0.00000000
0.00000000
0.00000000
0.00000000
0.00000000
0.00000000
0.00000000
0.00000000
0.00000000
0.00000000
0.00000000
0.00000000
0.00000000
0.00000000
0.00000000
0.00000000
0.00000000
0.00000000
0.00000000
0.00000000
0.00000000
0.00000000
0.00000000
0.00000000
0.00000000
0.00000000
0.00000000
0.00000000
0.00000000
0.00000000
0.00000000
0.00000000
0.00000000
0.00000000
0.00000000
0.00000000
0.00000000
0.00000000
0.00000000
0.00000000
0.00000000
0.00000000
0.00000000
0.00000000
0.00000000
0.00000000
0.00000000
0.00000000
0.00000000
0.00000000
0.00000000
0.00000000
0.00000000
0.00000000
0.00000000
0.00000000
0.00000000
0.00000000
0.00000000
0.00000000
0.00000000
0.00000000
0.00000000
0.00000000
0.00000000
0.00000000
0.00000000
0.00000000
0.00000000
0.00000000
0.00000000
0.00000000
0.00000000
0.00000000
0.00000000
0.00000000
0.00000000
0.00000000
0.00000000
0.00000000
0.00000000
0.00000000
0.00000000
0.00000000
0.00000000
0.00000000
0.00000000
0.00000000
0.00000000
0.00000000
0.00000000
0.00000000
0.00000000
0.00000000
0.00000000
0.00000000
0.00000000
0.00000000
0.00000000
0.00000000
0.00000000
0.00000000
0.00000000
0.00000000
0.00000000
0.00000000
0.00000000
0.00000000
0.00000000
0.00000000
0.00000000
0.00000000
0.00000000
0.00000000
0.00000000
0.00000000
0.00000000
0.00000000
0.00000000
0.00000000
0.00000000
0.00000000
0.00000000
0.00000000
0.00000000
0.00000000
0.00000000
0.00000000
0.00000000
0.00000000
0.00000000
0.00000000
0.00000000
0.00000000
0.00000000
0.00000000
0.00000000
0.00000000
0.00000000
0.00000000
0.00000000
0.00000000
0.00000000
0.00000000
0.00000000
0.00000000
0.00000000
0.00000000
0.00000000
0.00000000
0.00000000
0.00000000
0.00000000
0.00000000
0.00000000
0.00000000
0.00000000
0.00000000
0.00000000
0.00000000
0.00000000
0.00000000
0.00000000
0.00000000
0.00000000
0.00000000
0.00000000
0.00000000
0.00000000
0.00000000
0.00000000
0.00000000
0.00000000
0.00000000
0.00000000
0.00000000
0.00000000
0.00000000
0.00000000
0.00000000
0.00000000
0.00000000
0.00000000
0.00000000
0.00000000
0.00000000
0.00000000
0.00000000
0.00000000
0.00000000
0.00000000
0.00000000
0.00000000
0.00000000
0.00000000
0.00000000
0.00000000
0.00000000
0.00000000
0.00000000
0.00000000
0.00000000
0.00000000
0.00000000
0.00000000
0.00000000
0.00000000
0.00000000
0.00000000
0.00000000
0.00000000
0.00000000
0.00000000
0.00000000
0.00000000
0.00000000
0.00000000
0.00000000
0.00000000
0.00000000
0.00000000
0.00000000
0.00000000
0.00000000
0.00000000
0.00000000
0.00000000
0.00000000
0.00000000
0.00000000
0.00000000
0.00000000
0.00000000
0.00000000
0.00000000
0.00000000
0.00000000
0.00000000
0.00000000
0.00000000
0.00000000
0.00000000
0.00000000
0.00000000
0.00000000
