1.00000000
0.96573103
0.93978518
0.93205149
0.89898269
0.86651398
0.84926054
0.84680692
0.82975233
0.80810652
0.78674834
0.77967510
0.75870040
0.75175499
0.73116378
0.71086019
0.69524723
0.68860009
0.66890368
0.64949490
0.64307146
0.63667998
0.61775055
0.58890013
0.57271904
0.55676520
0.55674745
0.54492676
0.53323391
0.52166889
0.51974789
0.50833200
0.49704394
0.48771238
0.47665868
0.47482290
0.46570439
0.45490635
0.43893830
0.43541944
0.42498358
0.41467554
0.40449534
0.39444296
0.38944696
0.37958633
0.36985353
0.36024856
0.34918420
0.34761474
0.34604882
0.33828318
0.32759876
0.32305016
0.31853351
0.31404882
0.31400621
0.28952330
0.28948069
0.28520905
0.27817133
0.26713182
0.26704305
0.26294186
0.26281758
0.26275011
0.26139015
0.25466489
0.25332623
0.25199112
0.24539015
0.23503240
0.23501465
0.23499689
0.23498269
0.23497204
0.23495428
0.23494008
0.23492233
0.23490457
0.23489037
0.23487972
0.23487261
0.23486906
0.23486906
0.23485131
0.23483356
0.23481935
0.23480160
0.23479095
0.23478384
0.23478029
0.23476254
0.23474478
0.23473058
0.23471283
0.23470217
0.23468797
0.23468087
0.23466312
0.23464536
0.23461696
0.23461340
0.23461340
0.23459565
0.23458145
0.23073591
0.22692233
0.22690102
0.22687972
0.21207634
0.20842255
0.20480071
0.19076431
0.17084776
0.17077319
0.17073058
0.16746028
0.16422193
0.16101553
0.16094097
0.16089836
0.14158899
0.06038881
0.06025033
0.06014381
0.06006924
0.05999467
0.05995206
0.05990945
0.05659299
0.05649001
0.05545672
0.05544607
0.05526853
0.05523657
0.05513360
0.05499512
0.05488859
0.05481403
0.05477142
0.05463293
0.05452641
0.05445184
0.05440923
0.03067199
0.03003285
0.02942565
0.02344607
0.02282113
0.01751265
0.01544962
0.01520462
0.01499157
0.01481047
0.01463293
0.01455837
0.01451576
0.01448380
0.01434532
0.01423879
0.01416423
0.01412162
0.01398313
0.01387661
0.01380204
0.01375943
0.01316289
0.01259831
0.00979672
0.00969019
0.00951975
0.00938127
0.00927474
0.00920018
0.00890191
0.00815979
0.00808522
0.00804261
0.00800000
0.00790413
0.00732889
0.00719041
0.00701287
0.00693830
0.00690635
0.00686374
0.00685308
0.00684243
0.00682113
0.00627785
0.00576653
0.00528717
0.00483977
0.00442432
0.00404083
0.00368930
0.00253529
0.00225832
0.00224767
0.00221571
0.00214115
0.00209854
0.00202397
0.00198136
0.00196005
0.00181092
0.00169374
0.00160852
0.00155526
0.00154461
0.00152330
0.00148424
0.00147714
0.00143808
0.00143098
0.00140613
0.00139547
0.00137062
0.00134576
0.00132091
0.00129605
0.00127119
0.00124634
0.00122148
0.00119663
0.00117177
0.00114692
0.00112206
0.00109720
0.00108655
0.00106170
0.00103684
0.00101198
0.00100133
0.00099068
0.00096582
0.00094097
0.00091611
0.00089126
0.00088060
0.00085575
0.00084510
0.00084510
0.00084510
0.00082734
0.00080959
0.00080604
0.00078828
0.00078473
0.00076698
0.00074922
0.00074567
0.00072792
0.00072437
0.00071372
0.00070306
0.00069241
0.00068176
0.00067111
0.00066045
0.00064980
0.00063915
0.00062850
0.00061784
0.00060719
0.00059654
0.00058589
0.00057523
0.00056458
0.00055393
0.00054328
0.00053262
0.00052197
0.00051132
0.00050067
0.00049001
0.00047936
0.00046871
0.00045806
0.00044740
0.00043675
0.00042610
0.00041545
0.00040479
0.00039414
0.00038349
0.00037284
0.00036218
0.00035153
0.00034088
0.00033023
0.00031957
0.00030892
0.00029827
0.00028762
0.00027696
0.00026631
0.00025566
0.00024501
0.00023435
0.00022370
0.00021305
0.00020240
0.00019174
0.00018109
0.00017044
0.00015979
0.00014913
0.00013848
0.00012783
0.00011718
0.00010652
0.00009587
0.00008522
0.00008167
0.00007812
0.00007457
0.00007102
0.00006747
0.00006391
0.00006036
0.00005681
0.00005326
0.00004971
0.00004616
0.00004616
0.00004261
0.00003906
0.00003551
0.00003196
0.00002841
0.00002841
0.00002486
0.00002130
0.00002130
0.00001775
0.00001420
0.00001065
0.00001065
0.00000710
0.00000355
0.00000355
0.00000355
0.00000000
0.00000000
0.00000000
0.00000000
0.00000000
0.00000000
0.00000000
0.00000000
0.00000000
0.00000000
0.00000000
0.00000000
0.00000000
0.00000000
0.00000000
0.00000000
0.00000000
0.00000000
0.00000000
0.00000000
0.00000000
0.00000000
0.00000000
0.00000000
0.00000000
0.00000000
0.00000000
0.00000000
0.00000000
0.00000000
0.00000000
0.00000000
0.00000000
0.00000000
0.00000000
0.00000000
0.00000000
0.00000000
0.00000000
0.00000000
0.00000000
0.00000000
0.00000000
0.00000000
0.00000000
0.00000000
0.00000000
0.00000000
0.00000000
0.00000000
0.00000000
0.00000000
0.00000000
0.00000000
0.00000000
0.00000000
0.00000000
0.00000000
0.00000000
0.00000000
0.00000000
0.00000000
0.00000000
0.00000000
0.00000000
0.00000000
0.00000000
0.00000000
0.00000000
0.00000000
0.00000000
0.00000000
0.00000000
0.00000000
0.00000000
0.00000000
0.00000000
0.00000000
0.00000000
0.00000000
0.00000000
0.00000000
0.00000000
0.00000000
0.00000000
0.00000000
0.00000000
0.00000000
0.00000000
0.00000000
0.00000000
0.00000000
0.00000000
0.00000000
0.00000000
0.00000000
0.00000000
0.00000000
0.00000000
0.00000000
0.00000000
0.00000000
0.00000000
0.00000000
0.00000000
0.00000000
0.00000000
0.00000000
0.00000000
0.00000000
0.00000000
0.00000000
0.00000000
0.00000000
0.00000000
0.00000000
0.00000000
0.00000000
0.00000000
0.00000000
0.00000000
0.00000000
0.00000000
0.00000000
0.00000000
0.00000000
0.00000000
0.00000000
0.00000000
0.00000000
0.00000000
0.00000000
0.00000000
0.00000000
0.00000000
0.00000000
0.00000000
0.00000000
0.00000000
0.00000000
0.00000000
0.00000000
0.00000000
0.00000000
0.00000000
0.00000000
0.00000000
0.00000000
0.00000000
0.00000000
0.00000000
0.00000000
0.00000000
0.00000000
0.00000000
0.00000000
0.00000000
0.00000000
0.00000000
0.00000000
0.00000000
0.00000000
0.00000000
0.00000000
0.00000000
0.00000000
0.00000000
0.00000000
0.00000000
0.00000000
0.00000000
0.00000000
0.00000000
0.00000000
0.00000000
0.00000000
0.00000000
0.00000000
0.00000000
0.00000000
0.00000000
0.00000000
0.00000000
0.00000000
0.00000000
0.00000000
0.00000000
0.00000000
0.00000000
0.00000000
0.00000000
0.00000000
0.00000000
0.00000000
0.00000000
0.00000000
0.00000000
0.00000000
0.00000000
0.00000000
0.00000000
0.00000000
0.00000000
0.00000000
0.00000000
0.00000000
0.00000000
0.00000000
0.00000000
0.00000000
0.00000000
0.00000000
0.00000000
0.00000000
0.00000000
0.00000000
0.00000000
0.00000000
0.00000000
0.00000000
0.00000000
0.00000000
0.00000000
0.00000000
0.00000000
0.00000000
0.00000000
0.00000000
0.00000000
0.00000000
0.00000000
0.00000000
0.00000000
0.00000000
0.00000000
0.00000000
0.00000000
0.00000000
0.00000000
0.00000000
0.00000000
0.00000000
0.00000000
0.00000000
0.00000000
0.00000000
0.00000000
0.00000000
0.00000000
0.00000000
0.00000000
0.00000000
0.00000000
0.00000000
0.00000000
0.00000000
0.00000000
0.00000000
0.00000000
0.00000000
0.00000000
0.00000000
0.00000000
0.00000000
0.00000000
0.00000000
0.00000000
0.00000000
0.00000000
0.00000000
0.00000000
0.00000000
0.00000000
0.00000000
0.00000000
0.00000000
0.00000000
0.00000000
0.00000000
0.00000000
0.00000000
0.00000000
0.00000000
0.00000000
0.00000000
0.00000000
0.00000000
0.00000000
0.00000000
0.00000000
0.00000000
0.00000000
0.00000000
0.00000000
0.00000000
0.00000000
0.00000000
0.00000000
0.00000000
0.00000000
0.00000000
0.00000000
0.00000000
0.00000000
0.00000000
0.00000000
0.00000000
0.00000000
0.00000000
0.00000000
0.00000000
0.00000000
0.00000000
0.00000000
0.00000000
0.00000000
0.00000000
0.00000000
0.00000000
0.00000000
0.00000000
0.00000000
0.00000000
0.00000000
0.00000000
0.00000000
0.00000000
0.00000000
0.00000000
0.00000000
0.00000000
0.00000000
0.00000000
0.00000000
0.00000000
0.00000000
0.00000000
0.00000000
0.00000000
0.00000000
0.00000000
0.00000000
0.00000000
0.00000000
0.00000000
0.00000000
0.00000000
0.00000000
0.00000000
0.00000000
0.00000000
0.00000000
0.00000000
0.00000000
0.00000000
0.00000000
0.00000000
0.00000000
0.00000000
0.00000000
0.00000000
0.00000000
0.00000000
0.00000000
0.00000000
0.00000000
0.00000000
0.00000000
0.00000000
0.00000000
0.00000000
0.00000000
0.00000000
0.00000000
0.00000000
0.00000000
0.00000000
0.00000000
0.00000000
0.00000000
0.00000000
0.00000000
0.00000000
0.00000000
0.00000000
0.00000000
0.00000000
0.00000000
0.00000000
0.00000000
0.00000000
0.00000000
0.00000000
0.00000000
0.00000000
0.00000000
0.00000000
0.00000000
0.00000000
0.00000000
0.00000000
0.00000000
0.00000000
0.00000000
0.00000000
0.00000000
0.00000000
