1.00000000
0.98047275
0.95474229
0.93882107
0.92616780
0.89806015
0.87038716
0.86124869
0.83415524
0.80749644
0.80455582
0.79869067
0.78993856
0.77833704
0.76682676
0.74974645
0.73285933
0.72447211
0.71336428
0.69145448
0.66988812
0.65391860
0.64338494
0.63552896
0.62512946
0.61482117
0.60459338
0.57455394
0.56467495
0.55488181
0.54278662
0.53797322
0.52603901
0.51424968
0.49800113
0.49339164
0.48197795
0.45523866
0.44864372
0.43775590
0.42700223
0.40802232
0.39970486
0.39352311
0.38536127
0.36353733
0.33864935
0.33297202
0.32362427
0.29504977
0.28800408
0.28104424
0.28091009
0.26895978
0.26223605
0.26199458
0.26190336
0.25526549
0.24871348
0.24224732
0.23586703
0.22956722
0.22335328
0.20694910
0.20252743
0.20236645
0.20220547
0.19351238
0.18781358
0.18220064
0.17667355
0.17123233
0.16587696
0.15674922
0.15290709
0.14785222
0.14288321
0.13680878
0.13203831
0.11740495
0.10874943
0.10768158
0.10346919
0.10329210
0.09916557
0.09512490
0.08923828
0.08636205
0.07896220
0.07537227
0.07186821
0.06353465
0.06033109
0.02988382
0.02584851
0.01994044
0.01904430
0.01790132
0.01778326
0.01620026
0.00846234
0.00720131
0.00634810
0.00582222
0.00566660
0.00546269
0.00487779
0.00478120
0.00473290
0.00466851
0.00458802
0.00452362
0.00431435
0.00415336
0.00408897
0.00402458
0.00392799
0.00384750
0.00335918
0.00283330
0.00269378
0.00246304
0.00241475
0.00236645
0.00231816
0.00226986
0.00214644
0.00206595
0.00203375
0.00200156
0.00196936
0.00193716
0.00190497
0.00187277
0.00184057
0.00180838
0.00177618
0.00164739
0.00156690
0.00153471
0.00149714
0.00145958
0.00144348
0.00140592
0.00138982
0.00136299
0.00133616
0.00130933
0.00128250
0.00125567
0.00122884
0.00120201
0.00117518
0.00114835
0.00112152
0.00111615
0.00108932
0.00106249
0.00103566
0.00100883
0.00098200
0.00095517
0.00092834
0.00090151
0.00089614
0.00088004
0.00086394
0.00084784
0.00083175
0.00081565
0.00079955
0.00078345
0.00076735
0.00075125
0.00073516
0.00071906
0.00070296
0.00068686
0.00067076
0.00065466
0.00063857
0.00062247
0.00060637
0.00059027
0.00057417
0.00055807
0.00054198
0.00052588
0.00050978
0.00049368
0.00047758
0.00046148
0.00044539
0.00042929
0.00041319
0.00039709
0.00038099
0.00036489
0.00034880
0.00033270
0.00031660
0.00031123
0.00030587
0.00030587
0.00030050
0.00029514
0.00028977
0.00028440
0.00027904
0.00027367
0.00026831
0.00026294
0.00025757
0.00025221
0.00024684
0.00024147
0.00023611
0.00023074
0.00022538
0.00022001
0.00021464
0.00020928
0.00020391
0.00019855
0.00019318
0.00018781
0.00018245
0.00017708
0.00017172
0.00016635
0.00016098
0.00015562
0.00015025
0.00014488
0.00013952
0.00013415
0.00012879
0.00012342
0.00011805
0.00011269
0.00010732
0.00010196
0.00009659
0.00009122
0.00008586
0.00008049
0.00008049
0.00007513
0.00006976
0.00006976
0.00006439
0.00005903
0.00005366
0.00004829
0.00004293
0.00003756
0.00003220
0.00003220
0.00002683
0.00002146
0.00001610
0.00001073
0.00000537
0.00000000
0.00000000
0.00000000
0.00000000
0.00000000
0.00000000
0.00000000
0.00000000
0.00000000
0.00000000
0.00000000
0.00000000
0.00000000
0.00000000
0.00000000
0.00000000
0.00000000
0.00000000
0.00000000
0.00000000
0.00000000
0.00000000
0.00000000
0.00000000
0.00000000
0.00000000
0.00000000
0.00000000
0.00000000
0.00000000
0.00000000
0.00000000
0.00000000
0.00000000
0.00000000
0.00000000
0.00000000
0.00000000
0.00000000
0.00000000
0.00000000
0.00000000
0.00000000
0.00000000
0.00000000
0.00000000
0.00000000
0.00000000
0.00000000
0.00000000
0.00000000
0.00000000
0.00000000
0.00000000
0.00000000
0.00000000
0.00000000
0.00000000
0.00000000
0.00000000
0.00000000
0.00000000
0.00000000
0.00000000
0.00000000
0.00000000
0.00000000
0.00000000
0.00000000
0.00000000
0.00000000
0.00000000
0.00000000
0.00000000
0.00000000
0.00000000
0.00000000
0.00000000
0.00000000
0.00000000
0.00000000
0.00000000
0.00000000
0.00000000
0.00000000
0.00000000
0.00000000
0.00000000
0.00000000
0.00000000
0.00000000
0.00000000
0.00000000
0.00000000
0.00000000
0.00000000
0.00000000
0.00000000
0.00000000
0.00000000
0.00000000
0.00000000
0.00000000
0.00000000
0.00000000
0.00000000
0.00000000
0.00000000
0.00000000
0.00000000
0.00000000
0.00000000
0.00000000
0.00000000
0.00000000
0.00000000
0.00000000
0.00000000
0.00000000
0.00000000
0.00000000
0.00000000
0.00000000
0.00000000
0.00000000
0.00000000
0.00000000
0.00000000
0.00000000
0.00000000
0.00000000
0.00000000
0.00000000
0.00000000
0.00000000
0.00000000
0.00000000
0.00000000
0.00000000
0.00000000
0.00000000
0.00000000
0.00000000
0.00000000
0.00000000
0.00000000
0.00000000
0.00000000
0.00000000
0.00000000
0.00000000
0.00000000
0.00000000
0.00000000
0.00000000
0.00000000
0.00000000
0.00000000
0.00000000
0.00000000
0.00000000
0.00000000
0.00000000
0.00000000
0.00000000
0.00000000
0.00000000
0.00000000
0.00000000
0.00000000
0.00000000
0.00000000
0.00000000
0.00000000
0.00000000
0.00000000
0.00000000
0.00000000
0.00000000
0.00000000
0.00000000
0.00000000
0.00000000
0.00000000
0.00000000
0.00000000
0.00000000
0.00000000
0.00000000
0.00000000
0.00000000
0.00000000
0.00000000
0.00000000
0.00000000
0.00000000
0.00000000
0.00000000
0.00000000
0.00000000
0.00000000
0.00000000
0.00000000
0.00000000
0.00000000
0.00000000
0.00000000
0.00000000
0.00000000
0.00000000
0.00000000
0.00000000
0.00000000
0.00000000
0.00000000
0.00000000
0.00000000
0.00000000
0.00000000
0.00000000
0.00000000
0.00000000
0.00000000
0.00000000
0.00000000
0.00000000
0.00000000
0.00000000
0.00000000
0.00000000
0.00000000
0.00000000
0.00000000
0.00000000
0.00000000
0.00000000
0.00000000
0.00000000
0.00000000
0.00000000
0.00000000
0.00000000
0.00000000
0.00000000
0.00000000
0.00000000
0.00000000
0.00000000
0.00000000
0.00000000
0.00000000
0.00000000
0.00000000
0.00000000
0.00000000
0.00000000
0.00000000
0.00000000
0.00000000
0.00000000
0.00000000
0.00000000
0.00000000
0.00000000
0.00000000
0.00000000
0.00000000
0.00000000
0.00000000
0.00000000
0.00000000
0.00000000
0.00000000
0.00000000
0.00000000
0.00000000
0.00000000
0.00000000
0.00000000
0.00000000
0.00000000
0.00000000
0.00000000
0.00000000
0.00000000
0.00000000
0.00000000
0.00000000
0.00000000
0.00000000
0.00000000
0.00000000
0.00000000
0.00000000
0.00000000
0.00000000
0.00000000
0.00000000
0.00000000
0.00000000
0.00000000
0.00000000
0.00000000
0.00000000
0.00000000
0.00000000
0.00000000
0.00000000
0.00000000
0.00000000
0.00000000
0.00000000
0.00000000
0.00000000
0.00000000
0.00000000
0.00000000
0.00000000
0.00000000
0.00000000
0.00000000
0.00000000
0.00000000
0.00000000
0.00000000
0.00000000
0.00000000
0.00000000
0.00000000
0.00000000
0.00000000
0.00000000
0.00000000
0.00000000
0.00000000
0.00000000
0.00000000
0.00000000
0.00000000
0.00000000
0.00000000
0.00000000
0.00000000
0.00000000
0.00000000
0.00000000
0.00000000
0.00000000
