1.00000000
0.99514858
0.99474479
0.99393745
0.98990566
0.98829533
0.98628414
0.98548025
0.98427509
0.98307068
0.98146583
0.97426352
0.96828012
0.96390509
0.96112508
0.95676489
0.95399569
0.95201974
0.94886298
0.94531856
0.93942850
0.93825178
0.93629222
0.93472604
0.93159763
0.93042583
0.92769531
0.92496823
0.91837127
0.91720783
0.91294948
0.91140298
0.90793042
0.90600282
0.90369264
0.90176963
0.89984907
0.89754668
0.89677982
0.89486409
0.89180393
0.89065745
0.88798519
0.88760376
0.88607889
0.88455532
0.87696134
0.87393298
0.87204192
0.87015291
0.86788919
0.86675819
0.86487492
0.86299410
0.86149061
0.84691981
0.83030939
0.82846643
0.82662544
0.82552172
0.81162085
0.80471687
0.80000508
0.77608698
0.77466141
0.77252601
0.77003786
0.75629489
0.75453608
0.75348186
0.75172640
0.75162226
0.65928105
0.64527088
0.63847563
0.62568036
0.62504115
0.61962518
0.61740063
0.60793042
0.60478439
0.60352795
0.60258647
0.60255689
0.59973739
0.59973173
0.59879321
0.59723081
0.59629425
0.59411190
0.59348908
0.59069080
0.58944910
0.58388539
0.58295941
0.58294449
0.58171099
0.58140282
0.57740709
0.57739291
0.57616539
0.57585870
0.57493918
0.54130308
0.54011522
0.53892867
0.53803956
0.53795696
0.53499955
0.50486158
0.50400155
0.50371501
0.50370747
0.50256238
0.50227625
0.50209541
0.50066608
0.49554402
0.49553402
0.49383109
0.49269698
0.49184720
0.49071538
0.48986732
0.48789186
0.48781877
0.48669146
0.48666270
0.48662017
0.48661673
0.48660633
0.48657806
0.48517101
0.48376601
0.48096248
0.48094208
0.48092790
0.47924972
0.47813224
0.47809930
0.47754106
0.47586828
0.47583616
0.47500088
0.47416642
0.47412463
0.47384661
0.47329082
0.46913547
0.46908115
0.46494702
0.46491564
0.46326532
0.46316945
0.46234531
0.46231852
0.46149512
0.45985086
0.45957702
0.45848248
0.45684363
0.45059319
0.44923883
0.44921187
0.44920966
0.44570073
0.44489224
0.44435366
0.44381540
0.44273988
0.44032515
0.43925413
0.43871899
0.43791697
0.43738265
0.43578166
0.43577822
0.43497890
0.43496842
0.43496620
0.43310464
0.42467104
0.42388205
0.42382453
0.42303628
0.39780872
0.39729980
0.39628302
0.39627917
0.39577123
0.39197691
0.39096701
0.38769742
0.38767390
0.38763433
0.38663017
0.38487685
0.38485751
0.38360680
0.38360467
0.38135931
0.38131162
0.37882454
0.37807980
0.37560469
0.37559485
0.37460626
0.37386562
0.37238737
0.37164902
0.37066568
0.37064732
0.36991061
0.36795138
0.36746196
0.36599592
0.36575182
0.36526388
0.36355915
0.36258662
0.36137295
0.35871248
0.35702324
0.35630038
0.35605956
0.35601220
0.35553081
0.35540323
0.35504950
0.34112675
0.34041987
0.33971364
0.33783487
0.33713135
0.33711660
0.33688226
0.33686800
0.33593144
0.33546365
0.33476259
0.33406226
0.33219914
0.33057307
0.32987725
0.32918216
0.32871913
0.32618059
0.32548944
0.32546592
0.32225451
0.32065277
0.31996744
0.31882702
0.31880620
0.30866451
0.30821622
0.30575889
0.30442222
0.30397705
0.30396796
0.30042182
0.30039199
0.30036307
0.29903788
0.29881722
0.29793548
0.29749506
0.29639561
0.29529820
0.29485975
0.29376530
0.29267273
0.29049529
0.29048776
0.28918436
0.28917977
0.28874591
0.28874386
0.28874042
0.28314729
0.28314393
0.28250022
0.27780670
0.27547522
0.27484036
0.27399517
0.27357294
0.27272971
0.27083791
0.27020846
0.26026899
0.26026735
0.25903442
0.25800945
0.25454386
0.25454001
0.25413318
0.23616120
0.23557402
0.23381775
0.23284449
0.23284277
0.23282663
0.23224363
0.23219816
0.22968248
0.22956736
0.22954613
0.22935301
0.22931343
0.22931072
0.22681119
0.22508737
0.22470496
0.22413205
0.22409280
0.21822534
0.21747274
0.21690916
0.21634633
0.21578415
0.21578169
0.21503326
0.21502966
0.21131301
0.21057245
0.21001789
0.20946406
0.20945735
0.20890434
0.20888550
0.20888238
0.20887911
0.20704262
0.20670397
0.20670036
0.20669831
0.20633164
0.20432447
0.20432201
0.20395747
0.20395149
0.20340528
0.20285982
0.20177159
0.20175488
0.20139263
0.20084995
0.20048852
0.20041641
0.20040699
0.19717869
0.19486196
0.19326318
0.19325589
0.19290134
0.19237021
0.19166316
0.19007823
0.16889228
0.16888655
0.16887434
0.16887253
0.16886442
0.16787379
0.16688618
0.16622928
0.16540989
0.16539687
0.16506968
0.16457961
0.16451685
0.16353907
0.16047113
0.16044139
0.15303963
0.15303644
0.15272188
0.15037532
0.15037319
0.14975005
0.14943893
0.14942131
0.14787242
0.14740890
0.14740177
0.14737104
0.14732409
0.14624570
0.14578455
0.14547753
0.13626739
0.07911665
0.07902644
0.07902464
0.07889001
0.07840535
0.07827416
0.07765839
0.07745363
0.07663908
0.07542696
0.07521032
0.07495262
0.07315841
0.07305927
0.07305836
0.07052048
0.07050172
0.07047992
0.07046108
0.07033333
0.06338232
0.06337962
0.05935636
0.05909579
0.05908293
0.05839227
0.05813449
0.05787745
0.05786745
0.05786434
0.05668057
0.05642771
0.05631676
0.05631365
0.05606153
0.05332691
0.05332396
0.05331691
0.04855850
0.04832186
0.04828679
0.04825688
0.04822058
0.04821001
0.04819977
0.04801975
0.04800787
0.04800639
0.04794789
0.04783629
0.04760039
0.04757360
0.04754205
0.04743487
0.04741619
0.04738399
0.04691506
0.02817063
0.02815023
0.02814933
0.02804289
0.02776340
0.02085926
0.02051143
0.02049987
0.02049217
0.02048939
0.02048742
0.02046734
0.02039122
0.02021022
0.02020948
0.02004364
0.01997063
0.01973031
0.01959929
0.01817126
0.01810612
0.01797051
0.01795585
0.01788956
0.01780754
0.01780639
0.01764522
0.01663557
0.01650111
0.01638918
0.01625620
0.01616131
0.01612616
0.01574883
0.01574728
0.01535848
0.01535610
0.01510316
0.01503310
0.01503121
0.01492740
0.01492297
0.01491634
0.01472100
0.01470895
0.01177834
0.00882585
0.00880446
0.00822860
0.00822130
0.00817320
0.00816362
0.00814551
0.00812961
0.00812773
0.00803522
0.00799925
0.00795558
0.00793567
0.00792182
0.00784324
0.00776687
0.00775122
0.00741790
0.00741347
0.00733645
0.00732965
0.00713406
0.00712652
0.00711792
0.00711358
0.00708768
0.00707408
0.00642734
0.00635974
0.00635802
0.00632156
0.00631861
0.00631664
0.00631058
0.00611884
0.00593596
0.00593514
0.00593432
0.00593350
0.00591449
0.00590392
0.00588671
0.00588499
0.00588458
0.00588220
0.00585418
0.00584541
0.00581936
0.00553380
0.00552634
0.00545842
0.00545342
0.00545129
0.00544555
0.00534993
0.00532560
0.00531584
0.00528069
0.00527864
0.00526512
0.00526308
0.00526037
0.00518171
0.00517081
0.00516819
0.00516532
0.00516467
0.00514345
0.00512829
0.00506790
0.00499391
0.00499055
0.00497908
0.00497564
0.00497514
0.00495843
0.00494925
0.00493868
0.00489550
0.00481250
0.00480651
0.00480258
0.00480053
0.00471991
0.00469786
0.00469393
0.00468893
0.00468574
0.00466927
0.00461904
0.00460831
0.00460691
0.00455578
0.00455505
0.00454218
0.00453571
0.00453227
0.00453112
0.00452842
0.00450990
0.00450842
0.00450555
0.00450080
0.00450006
0.00449933
0.00449261
0.00446286
0.00446106
0.00441895
0.00440428
0.00439944
0.00437789
0.00436413
0.00433979
0.00431923
0.00427162
0.00426933
0.00424876
0.00423163
0.00416305
0.00412315
0.00411700
0.00400942
0.00397566
0.00397418
0.00396607
0.00393305
0.00339447
0.00338931
0.00309859
0.00309646
0.00306262
0.00305958
0.00305688
0.00303189
0.00299756
0.00299067
0.00297797
0.00297158
0.00296249
0.00295700
0.00291087
0.00281623
0.00279976
0.00277214
0.00276944
0.00276559
0.00275690
0.00274715
0.00274437
0.00274289
0.00274207
0.00269643
0.00269602
0.00268971
0.00268930
0.00268201
0.00261622
0.00260991
0.00260179
0.00259549
0.00259393
0.00259303
0.00259245
0.00258926
0.00255386
0.00255329
0.00255255
0.00255214
0.00254542
0.00254083
0.00253870
0.00253387
0.00253149
0.00252748
0.00252313
0.00252076
0.00251576
0.00251207
0.00251068
0.00250929
0.00250789
0.00250642
0.00250445
0.00250158
0.00249904
0.00249765
0.00249626
0.00249421
0.00249282
0.00249110
0.00248839
0.00244177
0.00244062
0.00243915
0.00219751
0.00219415
0.00218899
0.00218628
0.00217702
0.00217547
0.00216686
0.00216547
0.00216342
0.00216170
0.00215998
0.00215826
0.00215687
0.00215548
0.00215408
0.00215007
0.00214867
0.00214728
0.00214589
0.00214384
0.00214015
0.00213778
0.00213638
0.00213237
0.00210049
0.00207567
0.00207403
0.00207329
0.00207280
0.00207018
0.00205813
0.00199676
0.00198947
0.00198316
0.00197980
0.00194842
0.00194211
0.00193211
0.00192703
0.00192302
0.00191671
0.00191564
0.00191458
0.00191351
0.00191245
0.00191138
0.00190253
0.00189688
0.00171850
0.00171456
0.00171333
0.00171227
0.00171120
0.00171014
0.00170907
0.00170178
0.00170121
0.00163172
0.00160952
0.00160616
0.00160403
0.00160223
0.00159739
0.00158436
0.00157797
0.00156314
0.00155650
0.00153987
0.00153192
0.00151250
0.00151209
0.00147645
0.00146826
0.00146096
0.00145629
0.00144998
0.00143237
0.00142950
0.00142827
0.00142778
0.00142335
0.00141868
0.00141450
0.00139353
0.00133740
0.00133552
0.00133502
0.00133093
0.00132855
0.00132249
0.00131872
0.00131798
0.00131675
0.00131503
0.00126611
0.00126431
0.00123711
0.00123375
0.00123178
0.00123039
0.00122736
0.00122596
0.00119557
0.00119212
0.00119106
0.00118999
0.00116844
0.00114034
0.00113436
0.00112797
0.00112756
0.00112715
0.00112411
0.00112149
0.00112108
0.00111887
0.00111510
0.00111330
0.00110740
0.00110478
0.00110437
0.00110256
0.00110076
0.00109896
0.00108937
0.00108757
0.00108716
0.00106446
0.00106143
0.00105578
0.00105520
0.00105430
0.00105406
0.00105283
0.00105193
0.00103087
0.00102399
0.00102194
0.00096958
0.00096606
0.00096122
0.00095229
0.00095073
0.00093443
0.00093287
0.00092017
0.00090419
0.00090182
0.00090075
0.00089936
0.00089846
0.00089837
0.00089469
0.00089428
0.00087682
0.00086494
0.00084659
0.00083831
0.00083102
0.00082963
0.00082348
0.00080587
0.00080464
0.00080439
0.00080423
0.00079202
0.00078923
0.00078292
0.00078120
0.00077924
0.00077825
0.00077702
0.00077579
0.00077481
0.00077235
0.00077063
0.00076965
0.00076596
0.00076424
0.00076326
0.00076227
0.00076129
0.00076031
0.00075932
0.00075834
0.00075662
0.00075564
0.00075416
0.00075318
0.00075220
0.00075121
0.00074998
0.00074900
0.00073458
0.00072483
0.00072278
0.00070033
0.00069549
0.00068886
0.00068763
0.00068566
0.00068443
0.00065846
0.00065543
0.00065223
0.00064617
0.00064346
0.00064002
0.00063535
0.00063478
0.00063257
0.00063109
0.00062814
0.00062535
0.00062363
0.00062265
0.00061978
0.00061823
0.00061560
0.00060487
0.00057693
0.00057373
0.00056980
0.00056562
0.00056161
0.00052875
0.00052334
0.00052195
0.00052121
0.00052047
0.00051974
0.00051900
0.00051826
0.00051752
0.00051679
0.00051605
0.00051531
0.00051457
0.00051384
0.00051310
0.00051236
0.00051162
0.00050564
0.00050204
0.00049999
0.00047262
0.00047123
0.00046738
0.00046631
0.00046574
0.00046517
0.00046394
0.00044616
0.00044517
0.00044419
0.00044312
0.00044214
0.00044042
0.00043378
0.00043354
0.00043206
0.00043132
0.00043124
0.00043051
0.00042977
0.00042903
0.00042829
0.00042756
0.00042682
0.00042608
0.00042534
0.00042461
0.00042387
0.00042313
0.00042239
0.00042166
0.00042092
0.00042018
0.00041944
0.00041789
0.00041584
0.00041510
0.00041305
0.00041100
0.00040928
0.00040855
0.00040781
0.00040150
0.00039789
0.00039666
0.00039511
0.00038126
0.00037684
0.00037495
0.00037470
0.00037208
0.00035012
0.00034996
0.00034980
0.00034824
0.00034799
0.00034783
0.00034627
0.00034619
0.00034594
0.00034439
0.00034406
0.00034381
0.00034160
0.00034119
0.00033734
0.00033718
0.00033710
0.00033677
0.00033521
0.00033505
0.00033283
0.00033161
0.00033152
0.00032964
0.00032775
0.00032620
0.00032620
0.00032587
0.00032562
0.00032439
0.00032317
0.00032292
0.00032259
0.00032169
0.00032079
0.00032079
0.00032046
0.00031923
0.00031915
0.00031792
0.00031669
0.00031645
0.00031522
0.00031522
0.00031186
0.00031128
0.00031104
0.00030670
0.00030104
0.00029768
0.00029367
0.00029342
0.00029154
0.00029137
0.00029129
0.00029072
0.00029055
0.00029031
0.00029006
0.00029006
0.00028990
0.00028982
0.00028982
0.00028826
0.00028703
0.00028703
0.00028547
0.00028547
0.00028523
0.00028498
0.00028482
0.00028474
0.00028474
0.00028351
0.00028334
0.00028211
0.00028203
0.00028195
0.00028195
0.00028195
0.00028170
0.00028048
0.00028048
0.00027982
0.00027892
0.00027884
0.00027835
0.00027785
0.00027736
0.00027687
0.00027638
0.00027589
0.00027540
0.00027441
0.00027425
0.00027417
0.00027417
0.00027367
0.00027318
0.00027269
0.00027220
0.00027171
0.00027122
0.00027072
0.00027023
0.00026974
0.00026925
0.00026876
0.00026827
0.00026778
0.00026728
0.00026679
0.00026630
0.00026581
0.00026532
0.00026483
0.00026433
0.00026384
0.00026335
0.00026237
0.00026138
0.00026040
0.00025942
0.00025843
0.00025819
0.00025794
0.00025770
0.00025745
0.00025721
0.00025434
0.00025245
0.00025106
0.00025040
0.00024819
0.00024795
0.00024672
0.00024549
0.00024426
0.00024377
0.00024328
0.00024205
0.00024155
0.00024090
0.00024041
0.00023967
0.00023844
0.00023721
0.00023647
0.00023598
0.00023549
0.00023459
0.00023369
0.00023279
0.00023189
0.00023098
0.00023082
0.00022992
0.00022902
0.00022885
0.00022795
0.00022779
0.00022689
0.00022599
0.00022509
0.00022492
0.00022402
0.00022386
0.00022295
0.00022205
0.00022189
0.00022173
0.00022082
0.00022066
0.00022050
0.00022033
0.00022017
0.00021927
0.00021837
0.00021746
0.00021656
0.00021640
0.00021624
0.00021533
0.00021443
0.00021353
0.00021337
0.00021320
0.00021304
0.00021288
0.00021271
0.00021255
0.00021230
0.00021206
0.00021116
0.00021099
0.00021042
0.00020984
0.00020927
0.00020870
0.00020812
0.00020755
0.00020730
0.00020673
0.00020616
0.00020558
0.00020534
0.00020509
0.00020452
0.00020427
0.00020370
0.00020313
0.00020255
0.00020231
0.00020173
0.00020116
0.00020059
0.00020001
0.00019944
0.00019886
0.00019829
0.00019772
0.00019747
0.00019690
0.00019665
0.00019608
0.00019583
0.00019526
0.00019469
0.00019411
0.00019354
0.00019329
0.00019305
0.00019247
0.00019190
0.00019165
0.00019141
0.00019083
0.00019026
0.00018969
0.00018911
0.00018854
0.00018797
0.00018739
0.00018682
0.00018625
0.00018567
0.00018543
0.00018485
0.00018428
0.00018371
0.00018313
0.00018256
0.00018231
0.00018174
0.00018149
0.00018092
0.00018067
0.00018010
0.00017986
0.00017928
0.00017871
0.00017813
0.00017789
0.00017764
0.00017740
0.00017715
0.00017658
0.00017600
0.00017543
0.00017518
0.00017494
0.00017469
0.00017412
0.00017387
0.00017363
0.00017305
0.00017281
0.00017256
0.00017199
0.00017174
0.00017150
0.00017125
0.00017101
0.00017076
0.00017051
0.00017027
0.00017027
0.00017027
0.00017027
0.00016986
0.00016945
0.00016937
0.00016896
0.00016855
0.00016814
0.00016773
0.00016732
0.00016691
0.00016683
0.00016642
0.00016601
0.00016593
0.00016552
0.00016511
0.00016502
0.00016461
0.00016420
0.00016412
0.00016371
0.00016363
0.00016322
0.00016314
0.00016273
0.00016265
0.00016224
0.00016183
0.00016142
0.00016101
0.00016060
0.00016019
0.00016011
0.00015970
0.00015929
0.00015888
0.00015847
0.00015806
0.00015765
0.00015757
0.00015749
0.00015740
0.00015699
0.00015658
0.00015617
0.00015609
0.00015568
0.00015560
0.00015519
0.00015511
0.00015470
0.00015429
0.00015388
0.00015347
0.00015306
0.00015298
0.00015257
0.00015216
0.00015175
0.00015134
0.00015093
0.00015085
0.00015044
0.00015036
0.00014995
0.00014987
0.00014978
0.00014937
0.00014896
0.00014855
0.00014814
0.00014774
0.00014765
0.00014724
0.00014716
0.00014675
0.00014667
0.00014659
0.00014618
0.00014610
0.00014601
0.00014560
0.00014552
0.00014544
0.00014536
0.00014528
0.00014487
0.00014446
0.00014438
0.00014397
0.00014388
0.00014347
0.00014306
0.00014265
0.00014257
0.00014216
0.00014175
0.00014167
0.00014126
0.00014085
0.00014044
0.00014003
0.00013962
0.00013954
0.00013913
0.00013905
0.00013897
0.00013856
0.00013848
0.00013839
0.00013798
0.00013757
0.00013749
0.00013708
0.00013700
0.00013659
0.00013618
0.00013577
0.00013569
0.00013528
0.00013520
0.00013512
0.00013471
0.00013463
0.00013422
0.00013413
0.00013372
0.00013364
0.00013323
0.00013282
0.00013274
0.00013233
0.00013225
0.00013184
0.00013176
0.00013135
0.00013127
0.00013086
0.00013045
0.00013036
0.00012995
0.00012987
0.00012979
0.00012938
0.00012930
0.00012889
0.00012881
0.00012840
0.00012799
0.00012758
0.00012717
0.00012676
0.00012668
0.00012660
0.00012619
0.00012610
0.00012569
0.00012561
0.00012520
0.00012512
0.00012471
0.00012463
0.00012422
0.00012381
0.00012373
0.00012365
0.00012324
0.00012283
0.00012274
0.00012233
0.00012225
0.00012184
0.00012143
0.00012135
0.00012127
0.00012119
0.00012078
0.00012070
0.00012061
0.00012053
0.00012029
0.00012004
0.00011979
0.00011955
0.00011930
0.00011906
0.00011881
0.00011857
0.00011832
0.00011807
0.00011783
0.00011758
0.00011734
0.00011709
0.00011684
0.00011660
0.00011635
0.00011611
0.00011586
0.00011562
0.00011537
0.00011512
0.00011488
0.00011463
0.00011439
0.00011414
0.00011389
0.00011365
0.00011340
0.00011316
0.00011291
0.00011267
0.00011242
0.00011217
0.00011193
0.00011168
0.00011144
0.00011119
0.00011094
0.00011070
0.00011045
0.00011021
0.00010996
0.00010972
0.00010947
0.00010922
0.00010898
0.00010873
0.00010849
0.00010824
0.00010799
0.00010775
0.00010750
0.00010726
0.00010701
0.00010677
0.00010652
0.00010627
0.00010603
0.00010578
0.00010554
0.00010529
0.00010505
0.00010480
0.00010455
0.00010431
0.00010406
0.00010382
0.00010357
0.00010332
0.00010308
0.00010283
0.00010259
0.00010234
0.00010210
0.00010185
0.00010160
0.00010136
0.00010111
0.00010087
0.00010062
0.00010037
0.00010013
0.00009988
0.00009964
0.00009939
0.00009915
0.00009890
0.00009865
0.00009841
0.00009816
0.00009792
0.00009767
0.00009742
0.00009718
0.00009693
0.00009669
0.00009644
0.00009620
0.00009595
0.00009570
0.00009546
0.00009521
0.00009497
0.00009472
0.00009448
0.00009423
0.00009398
0.00009374
0.00009349
0.00009325
0.00009300
0.00009275
0.00009251
0.00009226
0.00009202
0.00009177
0.00009153
0.00009128
0.00009103
0.00009079
0.00009054
0.00009030
0.00009005
0.00008980
0.00008956
0.00008931
0.00008907
0.00008882
0.00008858
0.00008833
0.00008808
0.00008784
0.00008759
0.00008735
0.00008710
0.00008685
0.00008661
0.00008636
0.00008612
0.00008587
0.00008563
0.00008538
0.00008513
0.00008489
0.00008464
0.00008440
0.00008415
0.00008391
0.00008366
0.00008341
0.00008317
0.00008292
0.00008268
0.00008243
0.00008218
0.00008194
0.00008169
0.00008145
0.00008120
0.00008096
0.00008071
0.00008046
0.00008022
0.00007997
0.00007973
0.00007948
0.00007923
0.00007899
0.00007874
0.00007850
0.00007825
0.00007801
0.00007776
0.00007751
0.00007727
0.00007702
0.00007678
0.00007653
0.00007628
0.00007604
0.00007579
0.00007555
0.00007530
0.00007506
0.00007481
0.00007456
0.00007432
0.00007407
0.00007383
0.00007358
0.00007333
0.00007309
0.00007284
0.00007260
0.00007235
0.00007211
0.00007186
0.00007161
0.00007137
0.00007112
0.00007088
0.00007063
0.00007039
0.00007014
0.00006989
0.00006965
0.00006940
0.00006916
0.00006891
0.00006866
0.00006842
0.00006817
0.00006793
0.00006768
0.00006744
0.00006719
0.00006694
0.00006670
0.00006645
0.00006621
0.00006596
0.00006571
0.00006547
0.00006522
0.00006498
0.00006473
0.00006449
0.00006424
0.00006399
0.00006375
0.00006350
0.00006326
0.00006301
0.00006276
0.00006252
0.00006227
0.00006203
0.00006178
0.00006154
0.00006129
0.00006104
0.00006080
0.00006055
0.00006031
0.00006006
0.00005982
0.00005957
0.00005932
0.00005908
0.00005883
0.00005859
0.00005834
0.00005809
0.00005785
0.00005760
0.00005736
0.00005711
0.00005687
0.00005662
0.00005637
0.00005613
0.00005588
0.00005564
0.00005539
0.00005514
0.00005490
0.00005465
0.00005441
0.00005416
0.00005392
0.00005367
0.00005342
0.00005318
0.00005293
0.00005269
0.00005244
0.00005219
0.00005195
0.00005170
0.00005146
0.00005121
0.00005097
0.00005072
0.00005047
0.00005023
0.00004998
0.00004974
0.00004949
0.00004925
0.00004900
0.00004875
0.00004851
0.00004826
0.00004802
0.00004777
0.00004752
0.00004728
0.00004703
0.00004679
0.00004654
0.00004630
0.00004605
0.00004580
0.00004556
0.00004548
0.00004539
0.00004531
0.00004523
0.00004523
0.00004515
0.00004507
0.00004498
0.00004490
0.00004482
0.00004474
0.00004466
0.00004466
0.00004466
0.00004457
0.00004449
0.00004441
0.00004433
0.00004425
0.00004416
0.00004408
0.00004408
0.00004400
0.00004392
0.00004384
0.00004384
0.00004384
0.00004376
0.00004367
0.00004359
0.00004351
0.00004343
0.00004335
0.00004326
0.00004318
0.00004310
0.00004302
0.00004302
0.00004302
0.00004302
0.00004294
0.00004285
0.00004285
0.00004277
0.00004277
0.00004269
0.00004261
0.00004253
0.00004244
0.00004236
0.00004228
0.00004220
0.00004212
0.00004203
0.00004203
0.00004195
0.00004187
0.00004179
0.00004171
0.00004162
0.00004162
0.00004154
0.00004154
0.00004146
0.00004138
0.00004130
0.00004122
0.00004113
0.00004105
0.00004097
0.00004089
0.00004089
0.00004081
0.00004072
0.00004064
0.00004056
0.00004056
0.00004048
0.00004040
0.00004031
0.00004023
0.00004015
0.00004007
0.00003999
0.00003990
0.00003990
0.00003982
0.00003974
0.00003966
0.00003958
0.00003949
0.00003941
0.00003941
0.00003941
0.00003933
0.00003925
0.00003917
0.00003908
0.00003900
0.00003892
0.00003884
0.00003876
0.00003876
0.00003867
0.00003859
0.00003851
0.00003851
0.00003843
0.00003835
0.00003827
0.00003818
0.00003818
0.00003810
0.00003802
0.00003802
0.00003794
0.00003786
0.00003777
0.00003769
0.00003761
0.00003753
0.00003745
0.00003736
0.00003728
0.00003720
0.00003712
0.00003712
0.00003712
0.00003704
0.00003704
0.00003695
0.00003687
0.00003687
0.00003679
0.00003679
0.00003679
0.00003671
0.00003671
0.00003663
0.00003654
0.00003654
0.00003646
0.00003646
0.00003638
0.00003638
0.00003638
0.00003630
0.00003622
0.00003613
0.00003613
0.00003605
0.00003605
0.00003597
0.00003589
0.00003581
0.00003573
0.00003564
0.00003556
0.00003556
0.00003548
0.00003540
0.00003540
0.00003532
0.00003523
0.00003515
0.00003507
0.00003499
0.00003499
0.00003499
0.00003491
0.00003491
0.00003482
0.00003474
0.00003466
0.00003458
0.00003450
0.00003441
0.00003433
0.00003425
0.00003417
0.00003409
0.00003400
0.00003392
0.00003384
0.00003384
0.00003384
0.00003376
0.00003368
0.00003359
0.00003359
0.00003351
0.00003343
0.00003335
0.00003327
0.00003319
0.00003319
0.00003310
0.00003302
0.00003302
0.00003294
0.00003286
0.00003286
0.00003278
0.00003269
0.00003261
0.00003253
0.00003253
0.00003245
0.00003245
0.00003245
0.00003237
0.00003228
0.00003220
0.00003212
0.00003204
0.00003196
0.00003196
0.00003187
0.00003179
0.00003171
0.00003171
0.00003163
0.00003155
0.00003146
0.00003138
0.00003130
0.00003122
0.00003114
0.00003105
0.00003097
0.00003089
0.00003081
0.00003081
0.00003073
0.00003065
0.00003056
0.00003048
0.00003040
0.00003032
0.00003024
0.00003015
0.00003015
0.00003007
0.00003007
0.00003007
0.00002999
0.00002999
0.00002999
0.00002999
0.00002991
0.00002991
0.00002983
0.00002974
0.00002974
0.00002966
0.00002966
0.00002958
0.00002958
0.00002950
0.00002942
0.00002933
0.00002925
0.00002917
0.00002917
0.00002909
0.00002909
0.00002901
0.00002892
0.00002884
0.00002884
0.00002884
0.00002876
0.00002868
0.00002868
0.00002860
0.00002851
0.00002851
0.00002843
0.00002835
0.00002827
0.00002819
0.00002810
0.00002802
0.00002794
0.00002786
0.00002786
0.00002778
0.00002770
0.00002761
0.00002753
0.00002745
0.00002737
0.00002737
0.00002729
0.00002729
0.00002720
0.00002712
0.00002704
0.00002696
0.00002688
0.00002679
0.00002671
0.00002663
0.00002655
0.00002647
0.00002638
0.00002630
0.00002622
0.00002614
0.00002614
0.00002606
0.00002597
0.00002589
0.00002581
0.00002581
0.00002581
0.00002573
0.00002565
0.00002556
0.00002548
0.00002548
0.00002540
0.00002532
0.00002524
0.00002516
0.00002516
0.00002516
0.00002507
0.00002507
0.00002507
0.00002499
0.00002499
0.00002491
0.00002483
0.00002475
0.00002475
0.00002475
0.00002466
0.00002458
0.00002458
0.00002450
0.00002442
0.00002434
0.00002425
0.00002417
0.00002409
0.00002401
0.00002393
0.00002393
0.00002384
0.00002376
0.00002368
0.00002360
0.00002352
0.00002343
0.00002335
0.00002327
0.00002319
0.00002311
0.00002302
0.00002302
0.00002294
0.00002294
0.00002286
0.00002278
0.00002278
0.00002278
0.00002270
0.00002270
0.00002262
0.00002262
0.00002253
0.00002245
0.00002237
0.00002229
0.00002221
0.00002221
0.00002212
0.00002204
0.00002204
0.00002196
0.00002188
0.00002188
0.00002188
0.00002188
0.00002188
0.00002188
0.00002188
0.00002180
0.00002171
0.00002163
0.00002155
0.00002147
0.00002139
0.00002139
0.00002139
0.00002130
0.00002122
0.00002114
0.00002106
0.00002098
0.00002089
0.00002081
0.00002073
0.00002065
0.00002057
0.00002048
0.00002048
0.00002048
0.00002040
0.00002032
0.00002024
0.00002016
0.00002007
0.00002007
0.00001999
0.00001991
0.00001991
0.00001991
0.00001991
0.00001983
0.00001975
0.00001975
0.00001975
0.00001967
0.00001958
0.00001950
0.00001942
0.00001942
0.00001934
0.00001934
0.00001926
0.00001926
0.00001917
0.00001909
0.00001901
0.00001901
0.00001893
0.00001893
0.00001885
0.00001876
0.00001868
0.00001868
0.00001860
0.00001860
0.00001852
0.00001844
0.00001835
0.00001827
0.00001827
0.00001819
0.00001811
0.00001803
0.00001794
0.00001794
0.00001786
0.00001778
0.00001770
0.00001762
0.00001753
0.00001753
0.00001745
0.00001737
0.00001729
0.00001729
0.00001721
0.00001713
0.00001704
0.00001696
0.00001688
0.00001688
0.00001680
0.00001672
0.00001672
0.00001672
0.00001672
0.00001672
0.00001663
0.00001655
0.00001647
0.00001639
0.00001639
0.00001639
0.00001631
0.00001622
0.00001614
0.00001606
0.00001606
0.00001598
0.00001590
0.00001590
0.00001581
0.00001573
0.00001565
0.00001565
0.00001557
0.00001549
0.00001540
0.00001532
0.00001524
0.00001516
0.00001508
0.00001499
0.00001491
0.00001483
0.00001483
0.00001475
0.00001475
0.00001467
0.00001459
0.00001450
0.00001442
0.00001434
0.00001426
0.00001418
0.00001409
0.00001401
0.00001393
0.00001385
0.00001385
0.00001377
0.00001368
0.00001360
0.00001352
0.00001344
0.00001336
0.00001336
0.00001336
0.00001327
0.00001319
0.00001311
0.00001311
0.00001303
0.00001303
0.00001295
0.00001286
0.00001278
0.00001278
0.00001270
0.00001262
0.00001262
0.00001254
0.00001245
0.00001237
0.00001229
0.00001221
0.00001213
0.00001204
0.00001196
0.00001188
0.00001180
0.00001180
0.00001172
0.00001164
0.00001155
0.00001155
0.00001147
0.00001139
0.00001131
0.00001123
0.00001123
0.00001114
0.00001106
0.00001098
0.00001098
0.00001090
0.00001082
0.00001082
0.00001082
0.00001073
0.00001065
0.00001065
0.00001065
0.00001057
0.00001049
0.00001049
0.00001041
0.00001041
0.00001032
0.00001032
0.00001032
0.00001032
0.00001024
0.00001016
0.00001008
0.00001000
0.00000991
0.00000983
0.00000983
0.00000975
0.00000967
0.00000959
0.00000959
0.00000950
0.00000942
0.00000934
0.00000926
0.00000926
0.00000918
0.00000910
0.00000910
0.00000901
0.00000893
0.00000893
0.00000885
0.00000877
0.00000869
0.00000869
0.00000860
0.00000860
0.00000860
0.00000860
0.00000852
0.00000844
0.00000836
0.00000836
0.00000828
0.00000819
0.00000811
0.00000811
0.00000811
0.00000803
0.00000795
0.00000787
0.00000787
0.00000778
0.00000778
0.00000770
0.00000770
0.00000762
0.00000762
0.00000754
0.00000746
0.00000737
0.00000729
0.00000721
0.00000713
0.00000713
0.00000705
0.00000696
0.00000688
0.00000680
0.00000672
0.00000664
0.00000656
0.00000656
0.00000647
0.00000647
0.00000639
0.00000639
0.00000631
0.00000623
0.00000615
0.00000606
0.00000598
0.00000598
0.00000598
0.00000590
0.00000582
0.00000574
0.00000574
0.00000574
0.00000565
0.00000557
0.00000557
0.00000549
0.00000549
0.00000541
0.00000533
0.00000524
0.00000524
0.00000516
0.00000508
0.00000500
0.00000492
0.00000492
0.00000483
0.00000475
0.00000467
0.00000459
0.00000451
0.00000451
0.00000451
0.00000451
0.00000451
0.00000451
0.00000451
0.00000442
0.00000434
0.00000426
0.00000418
0.00000410
0.00000401
0.00000393
0.00000385
0.00000385
0.00000377
0.00000369
0.00000361
0.00000361
0.00000352
0.00000352
0.00000352
0.00000344
0.00000344
0.00000336
0.00000328
0.00000320
0.00000311
0.00000303
0.00000295
0.00000287
0.00000287
0.00000287
0.00000279
0.00000270
0.00000270
0.00000270
0.00000262
0.00000262
0.00000254
0.00000254
0.00000246
0.00000238
0.00000229
0.00000229
0.00000221
0.00000221
0.00000213
0.00000213
0.00000213
0.00000205
0.00000205
0.00000205
0.00000197
0.00000197
0.00000188
0.00000188
0.00000188
0.00000180
0.00000180
0.00000172
0.00000164
0.00000156
0.00000156
0.00000156
0.00000147
0.00000147
0.00000139
0.00000139
0.00000131
0.00000123
0.00000123
0.00000115
0.00000107
0.00000107
0.00000098
0.00000090
0.00000082
0.00000082
0.00000082
0.00000082
0.00000082
0.00000082
0.00000074
0.00000074
0.00000066
0.00000066
0.00000066
0.00000057
0.00000049
0.00000049
0.00000049
0.00000025
0.00000008
0.00000000
0.00000000
0.00000000
0.00000000
0.00000000
0.00000000
0.00000000
0.00000000
0.00000000
0.00000000
0.00000000
0.00000000
0.00000000
0.00000000
0.00000000
0.00000000
0.00000000
0.00000000
0.00000000
0.00000000
0.00000000
0.00000000
0.00000000
0.00000000
0.00000000
0.00000000
0.00000000
0.00000000
0.00000000
0.00000000
0.00000000
0.00000000
0.00000000
0.00000000
0.00000000
0.00000000
0.00000000
0.00000000
0.00000000
0.00000000
0.00000000
0.00000000
0.00000000
0.00000000
0.00000000
0.00000000
0.00000000
0.00000000
0.00000000
0.00000000
0.00000000
0.00000000
0.00000000
0.00000000
0.00000000
0.00000000
0.00000000
0.00000000
0.00000000
0.00000000
0.00000000
0.00000000
0.00000000
0.00000000
0.00000000
0.00000000
0.00000000
0.00000000
0.00000000
0.00000000
0.00000000
0.00000000
0.00000000
0.00000000
0.00000000
0.00000000
0.00000000
0.00000000
0.00000000
0.00000000
0.00000000
0.00000000
0.00000000
0.00000000
0.00000000
0.00000000
0.00000000
0.00000000
0.00000000
0.00000000
0.00000000
0.00000000
0.00000000
0.00000000
0.00000000
0.00000000
0.00000000
0.00000000
0.00000000
0.00000000
0.00000000
0.00000000
0.00000000
0.00000000
0.00000000
0.00000000
0.00000000
0.00000000
0.00000000
0.00000000
0.00000000
0.00000000
0.00000000
0.00000000
0.00000000
0.00000000
0.00000000
0.00000000
0.00000000
0.00000000
0.00000000
0.00000000
0.00000000
0.00000000
0.00000000
0.00000000
0.00000000
0.00000000
0.00000000
0.00000000
0.00000000
0.00000000
0.00000000
0.00000000
0.00000000
0.00000000
0.00000000
0.00000000
0.00000000
0.00000000
0.00000000
0.00000000
0.00000000
0.00000000
0.00000000
0.00000000
0.00000000
0.00000000
0.00000000
0.00000000
0.00000000
0.00000000
0.00000000
0.00000000
0.00000000
0.00000000
0.00000000
0.00000000
0.00000000
0.00000000
0.00000000
0.00000000
0.00000000
0.00000000
0.00000000
0.00000000
0.00000000
0.00000000
0.00000000
0.00000000
0.00000000
0.00000000
0.00000000
0.00000000
0.00000000
0.00000000
0.00000000
0.00000000
0.00000000
0.00000000
0.00000000
0.00000000
0.00000000
0.00000000
0.00000000
0.00000000
0.00000000
0.00000000
0.00000000
0.00000000
0.00000000
0.00000000
0.00000000
0.00000000
0.00000000
0.00000000
0.00000000
0.00000000
0.00000000
0.00000000
0.00000000
0.00000000
0.00000000
0.00000000
0.00000000
0.00000000
0.00000000
0.00000000
0.00000000
0.00000000
0.00000000
0.00000000
0.00000000
0.00000000
0.00000000
0.00000000
0.00000000
0.00000000
0.00000000
0.00000000
0.00000000
0.00000000
0.00000000
0.00000000
0.00000000
0.00000000
0.00000000
0.00000000
0.00000000
0.00000000
0.00000000
0.00000000
0.00000000
0.00000000
0.00000000
0.00000000
0.00000000
0.00000000
0.00000000
0.00000000
0.00000000
0.00000000
0.00000000
0.00000000
0.00000000
0.00000000
0.00000000
0.00000000
0.00000000
0.00000000
0.00000000
0.00000000
0.00000000
0.00000000
0.00000000
0.00000000
0.00000000
0.00000000
0.00000000
0.00000000
0.00000000
0.00000000
0.00000000
0.00000000
0.00000000
0.00000000
0.00000000
0.00000000
0.00000000
0.00000000
0.00000000
0.00000000
0.00000000
0.00000000
0.00000000
0.00000000
0.00000000
0.00000000
0.00000000
0.00000000
0.00000000
0.00000000
0.00000000
0.00000000
0.00000000
0.00000000
0.00000000
0.00000000
0.00000000
0.00000000
0.00000000
0.00000000
0.00000000
0.00000000
0.00000000
0.00000000
0.00000000
0.00000000
0.00000000
0.00000000
0.00000000
0.00000000
0.00000000
0.00000000
0.00000000
0.00000000
0.00000000
0.00000000
0.00000000
0.00000000
0.00000000
0.00000000
0.00000000
0.00000000
0.00000000
0.00000000
0.00000000
0.00000000
0.00000000
0.00000000
0.00000000
0.00000000
0.00000000
0.00000000
0.00000000
0.00000000
0.00000000
0.00000000
0.00000000
0.00000000
0.00000000
0.00000000
0.00000000
0.00000000
0.00000000
0.00000000
0.00000000
0.00000000
0.00000000
0.00000000
0.00000000
0.00000000
0.00000000
0.00000000
0.00000000
0.00000000
0.00000000
0.00000000
0.00000000
0.00000000
0.00000000
0.00000000
0.00000000
0.00000000
0.00000000
0.00000000
0.00000000
0.00000000
0.00000000
0.00000000
0.00000000
0.00000000
0.00000000
0.00000000
0.00000000
0.00000000
0.00000000
0.00000000
0.00000000
0.00000000
0.00000000
0.00000000
0.00000000
0.00000000
0.00000000
0.00000000
0.00000000
0.00000000
0.00000000
0.00000000
0.00000000
0.00000000
0.00000000
0.00000000
0.00000000
0.00000000
0.00000000
0.00000000
0.00000000
0.00000000
0.00000000
0.00000000
0.00000000
0.00000000
0.00000000
0.00000000
0.00000000
0.00000000
0.00000000
0.00000000
0.00000000
0.00000000
0.00000000
0.00000000
0.00000000
0.00000000
0.00000000
0.00000000
0.00000000
0.00000000
0.00000000
0.00000000
0.00000000
0.00000000
0.00000000
0.00000000
0.00000000
0.00000000
0.00000000
0.00000000
0.00000000
0.00000000
0.00000000
0.00000000
0.00000000
0.00000000
0.00000000
0.00000000
0.00000000
0.00000000
0.00000000
0.00000000
0.00000000
0.00000000
0.00000000
0.00000000
0.00000000
0.00000000
0.00000000
0.00000000
0.00000000
0.00000000
0.00000000
0.00000000
0.00000000
0.00000000
0.00000000
0.00000000
0.00000000
0.00000000
0.00000000
0.00000000
0.00000000
0.00000000
0.00000000
0.00000000
0.00000000
0.00000000
0.00000000
0.00000000
0.00000000
0.00000000
0.00000000
0.00000000
0.00000000
0.00000000
0.00000000
0.00000000
0.00000000
0.00000000
0.00000000
0.00000000
0.00000000
0.00000000
0.00000000
0.00000000
0.00000000
0.00000000
0.00000000
0.00000000
0.00000000
0.00000000
0.00000000
0.00000000
0.00000000
0.00000000
0.00000000
0.00000000
0.00000000
0.00000000
0.00000000
0.00000000
0.00000000
0.00000000
0.00000000
0.00000000
0.00000000
0.00000000
0.00000000
0.00000000
0.00000000
0.00000000
0.00000000
0.00000000
0.00000000
0.00000000
0.00000000
0.00000000
0.00000000
0.00000000
0.00000000
0.00000000
0.00000000
0.00000000
0.00000000
0.00000000
0.00000000
0.00000000
0.00000000
0.00000000
0.00000000
0.00000000
0.00000000
0.00000000
0.00000000
0.00000000
0.00000000
0.00000000
0.00000000
0.00000000
0.00000000
0.00000000
0.00000000
0.00000000
0.00000000
0.00000000
0.00000000
0.00000000
0.00000000
0.00000000
0.00000000
0.00000000
0.00000000
0.00000000
0.00000000
0.00000000
0.00000000
0.00000000
0.00000000
0.00000000
0.00000000
0.00000000
0.00000000
0.00000000
0.00000000
0.00000000
0.00000000
0.00000000
0.00000000
0.00000000
0.00000000
0.00000000
0.00000000
0.00000000
0.00000000
0.00000000
0.00000000
0.00000000
0.00000000
0.00000000
0.00000000
0.00000000
0.00000000
0.00000000
0.00000000
0.00000000
0.00000000
0.00000000
0.00000000
0.00000000
0.00000000
0.00000000
0.00000000
0.00000000
0.00000000
0.00000000
0.00000000
0.00000000
0.00000000
0.00000000
0.00000000
0.00000000
0.00000000
0.00000000
0.00000000
0.00000000
0.00000000
0.00000000
0.00000000
0.00000000
0.00000000
0.00000000
0.00000000
0.00000000
0.00000000
0.00000000
0.00000000
0.00000000
0.00000000
0.00000000
0.00000000
0.00000000
0.00000000
0.00000000
0.00000000
0.00000000
0.00000000
0.00000000
0.00000000
0.00000000
0.00000000
0.00000000
0.00000000
0.00000000
0.00000000
0.00000000
0.00000000
0.00000000
0.00000000
0.00000000
0.00000000
0.00000000
0.00000000
0.00000000
0.00000000
0.00000000
0.00000000
0.00000000
0.00000000
0.00000000
0.00000000
0.00000000
0.00000000
0.00000000
0.00000000
0.00000000
0.00000000
0.00000000
0.00000000
0.00000000
0.00000000
0.00000000
0.00000000
0.00000000
0.00000000
0.00000000
0.00000000
0.00000000
0.00000000
0.00000000
0.00000000
0.00000000
0.00000000
0.00000000
0.00000000
0.00000000
0.00000000
0.00000000
0.00000000
0.00000000
0.00000000
0.00000000
0.00000000
0.00000000
0.00000000
0.00000000
0.00000000
0.00000000
0.00000000
0.00000000
0.00000000
0.00000000
0.00000000
0.00000000
0.00000000
0.00000000
0.00000000
0.00000000
0.00000000
0.00000000
0.00000000
0.00000000
0.00000000
0.00000000
0.00000000
0.00000000
0.00000000
0.00000000
0.00000000
0.00000000
0.00000000
0.00000000
0.00000000
0.00000000
0.00000000
0.00000000
0.00000000
0.00000000
0.00000000
0.00000000
0.00000000
0.00000000
0.00000000
0.00000000
0.00000000
0.00000000
0.00000000
0.00000000
0.00000000
0.00000000
0.00000000
0.00000000
0.00000000
0.00000000
0.00000000
0.00000000
0.00000000
0.00000000
0.00000000
0.00000000
0.00000000
0.00000000
0.00000000
0.00000000
0.00000000
0.00000000
0.00000000
0.00000000
0.00000000
0.00000000
0.00000000
0.00000000
0.00000000
0.00000000
0.00000000
0.00000000
0.00000000
0.00000000
0.00000000
0.00000000
0.00000000
0.00000000
0.00000000
0.00000000
0.00000000
0.00000000
0.00000000
0.00000000
0.00000000
0.00000000
0.00000000
0.00000000
0.00000000
0.00000000
0.00000000
0.00000000
0.00000000
0.00000000
0.00000000
0.00000000
0.00000000
0.00000000
0.00000000
0.00000000
0.00000000
0.00000000
0.00000000
0.00000000
0.00000000
0.00000000
0.00000000
0.00000000
0.00000000
0.00000000
0.00000000
0.00000000
0.00000000
0.00000000
0.00000000
0.00000000
0.00000000
0.00000000
0.00000000
0.00000000
0.00000000
0.00000000
0.00000000
0.00000000
0.00000000
0.00000000
0.00000000
0.00000000
0.00000000
0.00000000
0.00000000
0.00000000
0.00000000
0.00000000
0.00000000
0.00000000
0.00000000
0.00000000
0.00000000
0.00000000
0.00000000
0.00000000
0.00000000
0.00000000
0.00000000
0.00000000
0.00000000
0.00000000
0.00000000
0.00000000
0.00000000
0.00000000
0.00000000
0.00000000
0.00000000
0.00000000
0.00000000
0.00000000
0.00000000
0.00000000
0.00000000
0.00000000
0.00000000
0.00000000
0.00000000
0.00000000
0.00000000
0.00000000
0.00000000
0.00000000
0.00000000
0.00000000
0.00000000
0.00000000
0.00000000
0.00000000
0.00000000
0.00000000
0.00000000
0.00000000
0.00000000
0.00000000
0.00000000
0.00000000
0.00000000
0.00000000
0.00000000
0.00000000
0.00000000
0.00000000
0.00000000
0.00000000
0.00000000
0.00000000
0.00000000
0.00000000
0.00000000
0.00000000
0.00000000
0.00000000
0.00000000
0.00000000
0.00000000
0.00000000
0.00000000
0.00000000
0.00000000
0.00000000
0.00000000
0.00000000
0.00000000
0.00000000
0.00000000
0.00000000
0.00000000
0.00000000
0.00000000
0.00000000
0.00000000
0.00000000
0.00000000
0.00000000
0.00000000
0.00000000
0.00000000
0.00000000
0.00000000
0.00000000
0.00000000
0.00000000
0.00000000
0.00000000
0.00000000
0.00000000
0.00000000
0.00000000
0.00000000
0.00000000
0.00000000
0.00000000
0.00000000
0.00000000
0.00000000
0.00000000
0.00000000
0.00000000
0.00000000
0.00000000
0.00000000
0.00000000
0.00000000
0.00000000
0.00000000
0.00000000
0.00000000
0.00000000
0.00000000
0.00000000
0.00000000
0.00000000
0.00000000
0.00000000
0.00000000
0.00000000
0.00000000
0.00000000
0.00000000
0.00000000
0.00000000
0.00000000
0.00000000
0.00000000
0.00000000
0.00000000
0.00000000
0.00000000
0.00000000
0.00000000
0.00000000
0.00000000
0.00000000
0.00000000
0.00000000
0.00000000
0.00000000
0.00000000
0.00000000
0.00000000
0.00000000
0.00000000
0.00000000
0.00000000
0.00000000
0.00000000
0.00000000
0.00000000
0.00000000
0.00000000
0.00000000
0.00000000
0.00000000
0.00000000
0.00000000
0.00000000
0.00000000
0.00000000
0.00000000
0.00000000
0.00000000
0.00000000
0.00000000
0.00000000
0.00000000
0.00000000
0.00000000
0.00000000
0.00000000
0.00000000
0.00000000
0.00000000
0.00000000
0.00000000
0.00000000
0.00000000
0.00000000
0.00000000
0.00000000
0.00000000
0.00000000
0.00000000
0.00000000
0.00000000
0.00000000
0.00000000
0.00000000
0.00000000
0.00000000
0.00000000
0.00000000
0.00000000
0.00000000
0.00000000
0.00000000
0.00000000
0.00000000
0.00000000
0.00000000
0.00000000
0.00000000
0.00000000
0.00000000
0.00000000
0.00000000
0.00000000
0.00000000
0.00000000
0.00000000
0.00000000
0.00000000
0.00000000
0.00000000
0.00000000
0.00000000
0.00000000
0.00000000
0.00000000
0.00000000
0.00000000
0.00000000
0.00000000
0.00000000
0.00000000
0.00000000
0.00000000
0.00000000
0.00000000
0.00000000
0.00000000
0.00000000
0.00000000
0.00000000
0.00000000
0.00000000
0.00000000
0.00000000
0.00000000
0.00000000
0.00000000
0.00000000
0.00000000
0.00000000
0.00000000
0.00000000
0.00000000
0.00000000
0.00000000
0.00000000
0.00000000
0.00000000
0.00000000
0.00000000
0.00000000
0.00000000
0.00000000
0.00000000
0.00000000
0.00000000
0.00000000
0.00000000
0.00000000
0.00000000
0.00000000
0.00000000
0.00000000
0.00000000
0.00000000
0.00000000
0.00000000
0.00000000
0.00000000
0.00000000
0.00000000
0.00000000
0.00000000
0.00000000
0.00000000
0.00000000
0.00000000
0.00000000
0.00000000
0.00000000
0.00000000
0.00000000
0.00000000
0.00000000
0.00000000
0.00000000
0.00000000
0.00000000
0.00000000
0.00000000
0.00000000
0.00000000
0.00000000
0.00000000
0.00000000
0.00000000
0.00000000
0.00000000
0.00000000
0.00000000
0.00000000
0.00000000
0.00000000
0.00000000
0.00000000
0.00000000
0.00000000
0.00000000
0.00000000
0.00000000
0.00000000
0.00000000
0.00000000
0.00000000
0.00000000
0.00000000
0.00000000
0.00000000
0.00000000
0.00000000
0.00000000
0.00000000
0.00000000
0.00000000
0.00000000
0.00000000
0.00000000
0.00000000
0.00000000
0.00000000
0.00000000
0.00000000
0.00000000
0.00000000
0.00000000
0.00000000
0.00000000
0.00000000
0.00000000
0.00000000
0.00000000
0.00000000
0.00000000
0.00000000
0.00000000
0.00000000
0.00000000
0.00000000
0.00000000
0.00000000
0.00000000
0.00000000
0.00000000
0.00000000
0.00000000
0.00000000
0.00000000
0.00000000
0.00000000
0.00000000
0.00000000
0.00000000
0.00000000
0.00000000
0.00000000
0.00000000
0.00000000
0.00000000
0.00000000
0.00000000
0.00000000
0.00000000
0.00000000
0.00000000
0.00000000
0.00000000
0.00000000
0.00000000
0.00000000
0.00000000
0.00000000
0.00000000
0.00000000
0.00000000
0.00000000
0.00000000
0.00000000
0.00000000
0.00000000
0.00000000
0.00000000
0.00000000
0.00000000
0.00000000
0.00000000
0.00000000
0.00000000
0.00000000
0.00000000
0.00000000
0.00000000
0.00000000
0.00000000
0.00000000
0.00000000
0.00000000
0.00000000
0.00000000
0.00000000
0.00000000
0.00000000
0.00000000
0.00000000
0.00000000
0.00000000
0.00000000
0.00000000
0.00000000
0.00000000
0.00000000
0.00000000
0.00000000
0.00000000
0.00000000
0.00000000
0.00000000
0.00000000
0.00000000
0.00000000
0.00000000
0.00000000
0.00000000
0.00000000
0.00000000
0.00000000
0.00000000
0.00000000
0.00000000
0.00000000
0.00000000
0.00000000
0.00000000
0.00000000
0.00000000
0.00000000
0.00000000
0.00000000
0.00000000
0.00000000
0.00000000
0.00000000
0.00000000
0.00000000
0.00000000
0.00000000
0.00000000
0.00000000
0.00000000
0.00000000
0.00000000
0.00000000
0.00000000
0.00000000
0.00000000
0.00000000
0.00000000
0.00000000
0.00000000
0.00000000
0.00000000
0.00000000
0.00000000
0.00000000
0.00000000
0.00000000
0.00000000
0.00000000
0.00000000
0.00000000
0.00000000
0.00000000
0.00000000
0.00000000
0.00000000
0.00000000
0.00000000
0.00000000
0.00000000
0.00000000
0.00000000
0.00000000
0.00000000
0.00000000
0.00000000
0.00000000
0.00000000
0.00000000
0.00000000
0.00000000
0.00000000
0.00000000
0.00000000
0.00000000
0.00000000
0.00000000
0.00000000
0.00000000
0.00000000
0.00000000
0.00000000
0.00000000
0.00000000
0.00000000
0.00000000
0.00000000
0.00000000
0.00000000
0.00000000
0.00000000
0.00000000
0.00000000
0.00000000
0.00000000
0.00000000
0.00000000
0.00000000
0.00000000
0.00000000
0.00000000
0.00000000
0.00000000
0.00000000
0.00000000
0.00000000
0.00000000
0.00000000
0.00000000
0.00000000
0.00000000
0.00000000
0.00000000
0.00000000
0.00000000
0.00000000
0.00000000
0.00000000
0.00000000
0.00000000
0.00000000
0.00000000
0.00000000
0.00000000
0.00000000
0.00000000
0.00000000
0.00000000
0.00000000
0.00000000
0.00000000
0.00000000
0.00000000
0.00000000
0.00000000
0.00000000
0.00000000
0.00000000
0.00000000
0.00000000
0.00000000
0.00000000
0.00000000
0.00000000
0.00000000
0.00000000
0.00000000
0.00000000
0.00000000
0.00000000
0.00000000
0.00000000
0.00000000
0.00000000
0.00000000
0.00000000
0.00000000
0.00000000
0.00000000
0.00000000
0.00000000
0.00000000
0.00000000
0.00000000
0.00000000
0.00000000
0.00000000
0.00000000
0.00000000
0.00000000
0.00000000
0.00000000
0.00000000
0.00000000
0.00000000
0.00000000
0.00000000
0.00000000
0.00000000
0.00000000
0.00000000
0.00000000
0.00000000
0.00000000
0.00000000
0.00000000
0.00000000
0.00000000
0.00000000
0.00000000
0.00000000
0.00000000
0.00000000
0.00000000
0.00000000
0.00000000
0.00000000
0.00000000
0.00000000
0.00000000
0.00000000
0.00000000
0.00000000
0.00000000
0.00000000
0.00000000
0.00000000
0.00000000
0.00000000
0.00000000
0.00000000
0.00000000
0.00000000
0.00000000
0.00000000
0.00000000
0.00000000
0.00000000
0.00000000
0.00000000
0.00000000
0.00000000
0.00000000
0.00000000
0.00000000
0.00000000
0.00000000
0.00000000
0.00000000
0.00000000
0.00000000
0.00000000
0.00000000
0.00000000
0.00000000
0.00000000
0.00000000
0.00000000
0.00000000
0.00000000
0.00000000
0.00000000
0.00000000
0.00000000
0.00000000
0.00000000
0.00000000
0.00000000
0.00000000
0.00000000
0.00000000
0.00000000
0.00000000
0.00000000
0.00000000
0.00000000
0.00000000
0.00000000
0.00000000
0.00000000
0.00000000
0.00000000
0.00000000
0.00000000
0.00000000
0.00000000
0.00000000
0.00000000
0.00000000
0.00000000
0.00000000
0.00000000
0.00000000
0.00000000
0.00000000
0.00000000
0.00000000
0.00000000
0.00000000
0.00000000
0.00000000
0.00000000
0.00000000
0.00000000
0.00000000
0.00000000
0.00000000
0.00000000
0.00000000
0.00000000
0.00000000
0.00000000
0.00000000
0.00000000
0.00000000
0.00000000
0.00000000
0.00000000
0.00000000
0.00000000
0.00000000
0.00000000
0.00000000
0.00000000
0.00000000
0.00000000
0.00000000
0.00000000
0.00000000
0.00000000
0.00000000
0.00000000
0.00000000
0.00000000
0.00000000
0.00000000
0.00000000
0.00000000
0.00000000
0.00000000
0.00000000
0.00000000
0.00000000
0.00000000
0.00000000
0.00000000
0.00000000
0.00000000
0.00000000
0.00000000
0.00000000
0.00000000
0.00000000
0.00000000
0.00000000
0.00000000
0.00000000
0.00000000
0.00000000
0.00000000
0.00000000
0.00000000
0.00000000
0.00000000
0.00000000
0.00000000
0.00000000
0.00000000
0.00000000
0.00000000
0.00000000
0.00000000
0.00000000
0.00000000
0.00000000
0.00000000
0.00000000
0.00000000
0.00000000
0.00000000
0.00000000
0.00000000
0.00000000
0.00000000
0.00000000
0.00000000
0.00000000
0.00000000
0.00000000
0.00000000
0.00000000
0.00000000
0.00000000
0.00000000
0.00000000
0.00000000
0.00000000
0.00000000
0.00000000
0.00000000
0.00000000
0.00000000
0.00000000
0.00000000
0.00000000
0.00000000
0.00000000
0.00000000
0.00000000
0.00000000
0.00000000
0.00000000
0.00000000
0.00000000
0.00000000
0.00000000
0.00000000
0.00000000
0.00000000
0.00000000
0.00000000
0.00000000
0.00000000
0.00000000
0.00000000
0.00000000
0.00000000
0.00000000
0.00000000
0.00000000
0.00000000
0.00000000
0.00000000
0.00000000
0.00000000
0.00000000
0.00000000
0.00000000
0.00000000
0.00000000
0.00000000
0.00000000
0.00000000
0.00000000
0.00000000
0.00000000
0.00000000
0.00000000
0.00000000
0.00000000
0.00000000
0.00000000
0.00000000
0.00000000
0.00000000
0.00000000
0.00000000
0.00000000
0.00000000
0.00000000
0.00000000
0.00000000
0.00000000
0.00000000
0.00000000
0.00000000
0.00000000
0.00000000
0.00000000
0.00000000
0.00000000
0.00000000
0.00000000
0.00000000
0.00000000
0.00000000
0.00000000
0.00000000
0.00000000
0.00000000
0.00000000
0.00000000
0.00000000
0.00000000
0.00000000
0.00000000
0.00000000
0.00000000
0.00000000
0.00000000
0.00000000
0.00000000
0.00000000
0.00000000
0.00000000
0.00000000
0.00000000
0.00000000
0.00000000
0.00000000
0.00000000
0.00000000
0.00000000
0.00000000
0.00000000
0.00000000
0.00000000
0.00000000
0.00000000
0.00000000
0.00000000
0.00000000
0.00000000
0.00000000
0.00000000
0.00000000
0.00000000
0.00000000
0.00000000
0.00000000
0.00000000
0.00000000
0.00000000
0.00000000
0.00000000
0.00000000
0.00000000
0.00000000
0.00000000
0.00000000
0.00000000
0.00000000
0.00000000
0.00000000
0.00000000
0.00000000
0.00000000
0.00000000
0.00000000
0.00000000
0.00000000
0.00000000
0.00000000
0.00000000
0.00000000
0.00000000
0.00000000
0.00000000
0.00000000
0.00000000
0.00000000
0.00000000
0.00000000
0.00000000
0.00000000
0.00000000
0.00000000
0.00000000
0.00000000
0.00000000
0.00000000
0.00000000
0.00000000
0.00000000
0.00000000
0.00000000
0.00000000
0.00000000
0.00000000
0.00000000
0.00000000
0.00000000
0.00000000
0.00000000
0.00000000
0.00000000
0.00000000
0.00000000
0.00000000
0.00000000
0.00000000
0.00000000
0.00000000
0.00000000
0.00000000
0.00000000
0.00000000
0.00000000
0.00000000
0.00000000
0.00000000
0.00000000
0.00000000
0.00000000
0.00000000
0.00000000
0.00000000
0.00000000
0.00000000
0.00000000
0.00000000
0.00000000
0.00000000
0.00000000
0.00000000
0.00000000
0.00000000
0.00000000
0.00000000
0.00000000
0.00000000
0.00000000
0.00000000
0.00000000
0.00000000
0.00000000
0.00000000
0.00000000
0.00000000
0.00000000
0.00000000
0.00000000
0.00000000
0.00000000
0.00000000
0.00000000
0.00000000
0.00000000
0.00000000
0.00000000
0.00000000
0.00000000
0.00000000
0.00000000
0.00000000
0.00000000
0.00000000
0.00000000
0.00000000
0.00000000
0.00000000
0.00000000
0.00000000
0.00000000
0.00000000
0.00000000
0.00000000
0.00000000
0.00000000
0.00000000
0.00000000
0.00000000
0.00000000
0.00000000
0.00000000
0.00000000
0.00000000
0.00000000
0.00000000
0.00000000
0.00000000
0.00000000
0.00000000
0.00000000
0.00000000
0.00000000
0.00000000
0.00000000
0.00000000
0.00000000
0.00000000
0.00000000
0.00000000
0.00000000
0.00000000
0.00000000
0.00000000
0.00000000
0.00000000
0.00000000
0.00000000
0.00000000
0.00000000
0.00000000
0.00000000
0.00000000
0.00000000
0.00000000
0.00000000
0.00000000
0.00000000
0.00000000
0.00000000
0.00000000
0.00000000
0.00000000
0.00000000
0.00000000
0.00000000
0.00000000
0.00000000
0.00000000
0.00000000
0.00000000
0.00000000
0.00000000
0.00000000
0.00000000
0.00000000
0.00000000
0.00000000
0.00000000
0.00000000
0.00000000
0.00000000
0.00000000
0.00000000
0.00000000
0.00000000
0.00000000
0.00000000
0.00000000
0.00000000
0.00000000
0.00000000
0.00000000
0.00000000
0.00000000
0.00000000
0.00000000
0.00000000
0.00000000
0.00000000
0.00000000
0.00000000
0.00000000
0.00000000
0.00000000
0.00000000
0.00000000
0.00000000
0.00000000
0.00000000
0.00000000
0.00000000
0.00000000
0.00000000
0.00000000
0.00000000
0.00000000
0.00000000
0.00000000
0.00000000
0.00000000
0.00000000
0.00000000
0.00000000
0.00000000
0.00000000
0.00000000
0.00000000
0.00000000
0.00000000
0.00000000
0.00000000
0.00000000
0.00000000
0.00000000
0.00000000
0.00000000
0.00000000
0.00000000
0.00000000
0.00000000
0.00000000
0.00000000
0.00000000
0.00000000
0.00000000
0.00000000
0.00000000
0.00000000
0.00000000
0.00000000
0.00000000
0.00000000
0.00000000
0.00000000
0.00000000
0.00000000
0.00000000
0.00000000
0.00000000
0.00000000
0.00000000
0.00000000
0.00000000
0.00000000
0.00000000
0.00000000
0.00000000
0.00000000
0.00000000
0.00000000
0.00000000
0.00000000
0.00000000
0.00000000
0.00000000
0.00000000
0.00000000
0.00000000
0.00000000
0.00000000
0.00000000
0.00000000
0.00000000
0.00000000
0.00000000
0.00000000
0.00000000
0.00000000
0.00000000
0.00000000
0.00000000
0.00000000
0.00000000
0.00000000
0.00000000
0.00000000
0.00000000
0.00000000
0.00000000
0.00000000
0.00000000
0.00000000
0.00000000
0.00000000
0.00000000
0.00000000
0.00000000
0.00000000
0.00000000
0.00000000
0.00000000
0.00000000
0.00000000
0.00000000
0.00000000
0.00000000
0.00000000
0.00000000
0.00000000
0.00000000
0.00000000
0.00000000
0.00000000
0.00000000
0.00000000
0.00000000
0.00000000
0.00000000
0.00000000
0.00000000
0.00000000
0.00000000
0.00000000
0.00000000
0.00000000
0.00000000
0.00000000
0.00000000
0.00000000
0.00000000
0.00000000
0.00000000
0.00000000
0.00000000
0.00000000
0.00000000
0.00000000
0.00000000
0.00000000
0.00000000
0.00000000
0.00000000
0.00000000
0.00000000
0.00000000
0.00000000
0.00000000
0.00000000
0.00000000
0.00000000
0.00000000
0.00000000
0.00000000
0.00000000
0.00000000
0.00000000
0.00000000
0.00000000
0.00000000
0.00000000
0.00000000
0.00000000
0.00000000
0.00000000
0.00000000
0.00000000
0.00000000
0.00000000
0.00000000
0.00000000
0.00000000
0.00000000
0.00000000
0.00000000
0.00000000
0.00000000
0.00000000
0.00000000
0.00000000
0.00000000
0.00000000
0.00000000
0.00000000
0.00000000
0.00000000
0.00000000
0.00000000
0.00000000
0.00000000
0.00000000
0.00000000
0.00000000
0.00000000
0.00000000
0.00000000
0.00000000
0.00000000
0.00000000
0.00000000
0.00000000
0.00000000
0.00000000
0.00000000
0.00000000
0.00000000
0.00000000
0.00000000
0.00000000
0.00000000
0.00000000
0.00000000
0.00000000
0.00000000
0.00000000
0.00000000
0.00000000
0.00000000
0.00000000
0.00000000
0.00000000
0.00000000
0.00000000
0.00000000
0.00000000
0.00000000
0.00000000
0.00000000
0.00000000
0.00000000
0.00000000
0.00000000
0.00000000
0.00000000
0.00000000
0.00000000
0.00000000
0.00000000
0.00000000
0.00000000
0.00000000
0.00000000
0.00000000
0.00000000
0.00000000
0.00000000
0.00000000
0.00000000
0.00000000
0.00000000
0.00000000
0.00000000
0.00000000
0.00000000
0.00000000
0.00000000
0.00000000
0.00000000
0.00000000
0.00000000
0.00000000
0.00000000
0.00000000
0.00000000
0.00000000
0.00000000
0.00000000
0.00000000
0.00000000
0.00000000
0.00000000
0.00000000
0.00000000
0.00000000
0.00000000
0.00000000
0.00000000
0.00000000
0.00000000
0.00000000
0.00000000
0.00000000
0.00000000
0.00000000
0.00000000
0.00000000
0.00000000
0.00000000
0.00000000
0.00000000
0.00000000
0.00000000
0.00000000
0.00000000
0.00000000
0.00000000
0.00000000
0.00000000
0.00000000
0.00000000
0.00000000
0.00000000
0.00000000
0.00000000
0.00000000
0.00000000
0.00000000
0.00000000
0.00000000
0.00000000
0.00000000
0.00000000
0.00000000
0.00000000
0.00000000
0.00000000
0.00000000
0.00000000
0.00000000
0.00000000
0.00000000
0.00000000
0.00000000
0.00000000
0.00000000
0.00000000
0.00000000
0.00000000
0.00000000
0.00000000
0.00000000
0.00000000
0.00000000
0.00000000
0.00000000
0.00000000
0.00000000
0.00000000
0.00000000
0.00000000
0.00000000
0.00000000
0.00000000
0.00000000
0.00000000
0.00000000
0.00000000
0.00000000
0.00000000
0.00000000
0.00000000
0.00000000
0.00000000
0.00000000
0.00000000
0.00000000
0.00000000
0.00000000
0.00000000
0.00000000
0.00000000
0.00000000
0.00000000
0.00000000
0.00000000
0.00000000
0.00000000
0.00000000
0.00000000
0.00000000
0.00000000
0.00000000
0.00000000
0.00000000
0.00000000
0.00000000
0.00000000
0.00000000
0.00000000
0.00000000
0.00000000
0.00000000
0.00000000
0.00000000
0.00000000
0.00000000
0.00000000
0.00000000
0.00000000
0.00000000
0.00000000
0.00000000
0.00000000
0.00000000
0.00000000
0.00000000
0.00000000
0.00000000
0.00000000
0.00000000
0.00000000
0.00000000
0.00000000
0.00000000
0.00000000
0.00000000
0.00000000
0.00000000
0.00000000
0.00000000
0.00000000
0.00000000
0.00000000
0.00000000
0.00000000
0.00000000
0.00000000
0.00000000
0.00000000
0.00000000
0.00000000
0.00000000
0.00000000
0.00000000
0.00000000
0.00000000
0.00000000
0.00000000
0.00000000
0.00000000
0.00000000
