0.75394501
0.75328178
0.75261884
0.75195620
0.75129384
0.75063178
0.74997001
0.74930853
0.74205327
0.74139529
0.74073761
0.74008021
0.73942311
0.73876630
0.73810979
0.73745356
0.73679763
0.73614199
0.73548664
0.73483158
0.73417681
0.73352234
0.73286816
0.73221427
0.73156067
0.73090736
0.73025435
0.72309046
0.71531617
0.71144450
0.70629921
0.69989401
0.69160975
0.68400682
0.67896223
0.67393574
0.66456731
0.66083576
0.65711472
0.65649556
0.65216997
0.65155315
0.65093662
0.65032039
0.64970445
0.64540133
0.64172437
0.63744781
0.63683800
0.63622848
0.63561925
0.63501032
0.63440167
0.62954304
0.62893702
0.62833130
0.62772587
0.62712073
0.62651588
0.62591132
0.62530706
0.61988182
0.61928047
0.61867942
0.61807866
0.61747819
0.61687801
0.61029532
0.60969865
0.60910226
0.60850617
0.60791038
0.60434200
0.60374825
0.60315479
0.60256161
0.60196873
0.59841759
0.59369907
0.58548662
0.58315101
0.58198481
0.57559770
0.56981662
0.56463833
0.55834347
0.55094839
0.54698652
0.54529282
0.54472884
0.52462027
0.52185729
0.50434735
0.48607200
0.48606178
0.48446530
0.48234074
0.46552730
0.46292517
0.44548995
0.42732641
0.42682724
0.41987323
0.41888393
0.41838972
0.40807869
0.40612928
0.40176077
0.39934372
0.39693396
0.39261682
0.39022779
0.38879770
0.38832158
0.38784576
0.38737023
0.38594539
0.38357650
0.38215867
0.38168664
0.38121491
0.38074347
0.38027232
0.37980146
0.37933089
0.37886061
0.37839063
0.37792094
0.37745154
0.37510892
0.37464127
0.36399075
0.35985840
0.35711556
0.35167018
0.35121742
0.34895799
0.34133054
0.33777035
0.33202779
0.32851693
0.32807935
0.32806913
0.32588590
0.31551240
0.31508358
0.31465505
0.31251677
0.30113762
0.30071872
0.30030012
0.29988180
0.29946378
0.29904605
0.29862861
0.29821147
0.29779461
0.28952641
0.28502653
0.28299189
0.28136942
0.26540166
0.26500845
0.26461553
0.26422291
0.26383057
0.26343853
0.26304678
0.26265532
0.26226416
0.26187328
0.26148270
0.26109241
0.26070241
0.26031271
0.25992329
0.25953417
0.25914534
0.25875680
0.25720585
0.25681877
0.25643199
0.25604549
0.25296403
0.24195153
0.24045167
0.23709582
0.23598187
0.23413142
0.23410398
0.23079103
0.22969197
0.22823065
0.22460214
0.22315716
0.21673182
0.21671284
0.21458566
0.21423215
0.21071311
0.20002960
0.19900673
0.19326885
0.19293343
0.19059549
0.18959714
0.10925479
0.10918006
0.10914941
0.10771085
0.10581078
0.09999524
0.09992080
0.09015712
0.09008297
0.09000912
0.08993555
0.08986228
0.08978930
0.08971662
0.08964422
0.08957212
0.08950031
0.08942879
0.08013012
0.08005890
0.07998796
0.07991732
0.07984697
0.07977691
0.07970714
0.07963766
0.07956848
0.07949959
0.07943099
0.06477422
0.06462563
0.06355372
0.06354059
0.06335230
0.06246634
0.06158767
0.05951508
0.05944677
0.05944064
0.05943451
0.05807272
0.05706299
0.05703876
0.05702854
0.05696053
0.05687733
0.05680961
0.05647536
0.05646048
0.05644442
0.05642778
0.05526742
0.05477437
0.05470694
0.05463980
0.05398650
0.05333786
0.05253451
0.05173787
0.05167102
0.05160447
0.05153820
0.05147223
0.05140655
0.05134116
0.05113828
0.05107318
0.05100838
0.05094386
0.04420325
0.04044368
0.04037945
0.04031553
0.04025189
0.04018854
0.04012549
0.04006273
0.04004142
0.03997895
0.03991677
0.03987298
0.03979942
0.03977782
0.03970455
0.03968966
0.03967652
0.03966426
0.03965288
0.03749854
0.03444716
0.03442701
0.03392579
0.03391587
0.03389981
0.03388347
0.03388201
0.03388113
0.03381925
0.03381341
0.03282644
0.03282352
0.03279608
0.03273449
0.03273011
0.03272573
0.03272135
0.03223415
0.03222364
0.03220350
0.03216905
0.02972222
0.02971346
0.02902804
0.02857674
0.02857149
0.02855602
0.02649714
0.02648400
0.02642270
0.02636169
0.02629805
0.02628492
0.02586076
0.02554549
0.02548478
0.02445519
0.02439477
0.02110488
0.02104475
0.02103978
0.02076568
0.02075079
0.02074583
0.01353727
0.01204413
0.01193699
0.01187715
0.01181760
0.01175834
0.01169938
0.01164070
0.01158232
0.01152423
0.01146643
0.01140892
0.01135170
0.01129478
0.01123815
0.01122151
0.01116517
0.01110912
0.01105337
0.01099790
0.01094273
0.01092755
0.01087267
0.01061082
0.01057579
0.00910980
0.00699545
0.00690029
0.00681009
0.00674528
0.00668311
0.00657422
0.00649540
0.00644140
0.00638769
0.00633427
0.00628114
0.00622830
0.00617576
0.00612350
0.00607154
0.00601550
0.00596383
0.00595974
0.00595565
0.00595157
0.00594748
0.00589610
0.00584502
0.00583976
0.00583451
0.00582925
0.00572796
0.00569205
0.00565732
0.00562375
0.00554551
0.00539576
0.00535197
0.00531081
0.00528483
0.00528191
0.00527899
0.00527607
0.00527199
0.00526586
0.00522149
0.00521798
0.00521390
0.00519580
0.00514734
0.00513362
0.00475150
0.00474391
0.00468845
0.00467736
0.00467415
0.00467269
0.00461897
0.00459007
0.00456409
0.00452644
0.00450162
0.00448207
0.00446951
0.00441872
0.00440967
0.00429787
0.00429144
0.00428502
0.00428356
0.00428152
0.00427364
0.00425233
0.00424269
0.00423773
0.00422109
0.00416767
0.00416417
0.00416067
0.00415716
0.00415687
0.00414607
0.00414257
0.00412359
0.00411717
0.00411221
0.00411075
0.00410695
0.00410345
0.00409907
0.00409645
0.00409382
0.00409119
0.00408856
0.00408594
0.00408331
0.00407601
0.00406988
0.00406725
0.00406521
0.00405996
0.00405820
0.00405645
0.00405470
0.00405295
0.00405120
0.00404945
0.00404770
0.00404594
0.00404419
0.00404244
0.00404069
0.00403894
0.00403719
0.00403543
0.00403368
0.00403193
0.00403018
0.00402843
0.00402668
0.00401529
0.00401091
0.00400916
0.00400595
0.00400537
0.00346065
0.00344606
0.00344401
0.00344372
0.00344285
0.00344080
0.00344051
0.00343964
0.00339614
0.00335294
0.00314130
0.00305869
0.00229679
0.00134660
0.00071169
0.00062703
0.00020814
0.00020668
0.00020638
0.00020492
0.00020346
0.00020201
0.00020171
0.00020025
0.00019879
0.00019733
0.00019588
0.00019442
0.00019412
0.00019383
0.00019354
0.00019208
0.00019179
0.00019033
0.00018887
0.00018858
0.00016931
0.00016201
0.00015909
0.00015880
0.00015793
0.00015647
0.00015617
0.00015617
0.00015617
0.00015617
0.00015530
0.00015442
0.00015355
0.00015267
0.00015180
0.00015092
0.00015004
0.00014917
0.00014829
0.00014742
0.00014654
0.00014567
0.00014479
0.00014391
0.00014304
0.00014216
0.00014129
0.00014041
0.00013954
0.00013866
0.00013778
0.00013691
0.00013603
0.00013516
0.00013428
0.00013341
0.00013253
0.00013165
0.00013078
0.00012990
0.00012903
0.00012815
0.00012728
0.00012640
0.00012552
0.00012465
0.00012377
0.00012290
0.00012202
0.00012114
0.00012027
0.00011939
0.00011852
0.00011764
0.00011677
0.00011589
0.00011501
0.00011414
0.00011326
0.00011239
0.00011151
0.00011064
0.00010976
0.00010888
0.00010801
0.00010713
0.00010626
0.00010538
0.00010451
0.00010363
0.00010275
0.00010188
0.00010100
0.00010013
0.00009925
0.00009838
0.00009750
0.00009662
0.00009575
0.00009487
0.00009400
0.00009370
0.00009341
0.00009341
0.00009312
0.00009283
0.00009254
0.00009225
0.00009195
0.00009166
0.00009166
0.00009137
0.00009137
0.00009137
0.00009137
0.00009108
0.00009079
0.00009049
0.00009049
0.00009020
0.00008991
0.00008991
0.00008962
0.00008933
0.00008903
0.00008874
0.00008845
0.00008845
0.00008816
0.00008816
0.00008787
0.00008787
0.00008757
0.00008757
0.00008728
0.00008728
0.00008699
0.00008670
0.00008641
0.00008641
0.00008611
0.00008611
0.00008582
0.00008553
0.00008524
0.00008524
0.00008495
0.00008495
0.00008466
0.00008436
0.00008407
0.00008378
0.00008349
0.00008320
0.00008320
0.00008320
0.00008290
0.00008290
0.00008261
0.00008232
0.00008232
0.00008203
0.00008174
0.00008144
0.00008144
0.00008115
0.00008086
0.00008086
0.00008057
0.00008057
0.00008028
0.00008028
0.00007998
0.00007969
0.00007969
0.00007940
0.00007911
0.00007882
0.00007882
0.00007853
0.00007823
0.00007823
0.00007794
0.00007794
0.00007765
0.00007736
0.00007707
0.00007707
0.00007677
0.00007648
0.00007619
0.00007590
0.00007590
0.00007590
0.00007561
0.00007561
0.00007561
0.00007531
0.00007531
0.00007502
0.00007473
0.00007473
0.00007444
0.00007415
0.00007385
0.00007385
0.00007356
0.00007356
0.00007356
0.00007327
0.00007298
0.00007269
0.00007239
0.00007239
0.00007210
0.00007181
0.00007181
0.00007181
0.00007152
0.00007152
0.00007152
0.00007123
0.00007094
0.00007064
0.00007035
0.00007006
0.00007006
0.00006977
0.00006948
0.00006918
0.00006889
0.00006889
0.00006860
0.00006860
0.00006831
0.00006802
0.00006802
0.00006772
0.00006743
0.00006743
0.00006714
0.00006685
0.00006656
0.00006656
0.00006626
0.00006626
0.00006597
0.00006597
0.00006568
0.00006568
0.00006539
0.00006510
0.00006481
0.00006481
0.00006451
0.00006422
0.00006422
0.00006393
0.00006393
0.00006364
0.00006364
0.00006335
0.00006305
0.00006305
0.00006276
0.00006276
0.00006247
0.00006218
0.00006218
0.00006218
0.00006189
0.00006159
0.00006130
0.00006130
0.00006101
0.00006072
0.00006043
0.00006043
0.00006013
0.00005984
0.00005955
0.00005926
0.00005897
0.00005867
0.00005867
0.00005838
0.00005809
0.00005780
0.00005780
0.00005751
0.00005751
0.00005722
0.00005692
0.00005692
0.00005663
0.00005634
0.00005634
0.00005634
0.00005605
0.00005605
0.00005576
0.00005546
0.00005546
0.00005517
0.00005488
0.00005488
0.00005459
0.00005430
0.00005400
0.00005371
0.00005371
0.00005342
0.00005342
0.00005313
0.00005313
0.00005284
0.00005284
0.00005254
0.00005225
0.00005196
0.00005167
0.00005167
0.00005167
0.00005138
0.00005138
0.00005109
0.00005079
0.00005050
0.00005021
0.00005021
0.00004992
0.00004992
0.00004963
0.00004933
0.00004904
0.00004904
0.00004875
0.00004846
0.00004846
0.00004817
0.00004787
0.00004758
0.00004758
0.00004758
0.00004729
0.00004729
0.00004700
0.00004700
0.00004671
0.00004671
0.00004641
0.00004641
0.00004612
0.00004612
0.00004583
0.00004583
0.00004583
0.00004554
0.00004525
0.00004495
0.00004466
0.00004437
0.00004437
0.00004408
0.00004408
0.00004379
0.00004379
0.00004350
0.00004350
0.00004320
0.00004320
0.00004291
0.00004291
0.00004291
0.00004291
0.00004291
0.00004262
0.00004233
0.00004233
0.00004204
0.00004174
0.00004145
0.00004145
0.00004116
0.00004087
0.00004058
0.00004058
0.00004028
0.00003999
0.00003999
0.00003999
0.00003970
0.00003941
0.00003941
0.00003912
0.00003912
0.00003882
0.00003882
0.00003853
0.00003853
0.00003824
0.00003824
0.00003795
0.00003795
0.00003766
0.00003766
0.00003737
0.00003737
0.00003737
0.00003707
0.00003678
0.00003678
0.00003649
0.00003620
0.00003620
0.00003591
0.00003561
0.00003561
0.00003561
0.00003561
0.00003532
0.00003503
0.00003503
0.00003503
0.00003065
0.00002656
0.00002277
0.00001927
0.00001051
0.00000613
0.00000000
0.00000000
0.00000000
0.00000000
0.00000000
0.00000000
0.00000000
0.00000000
0.00000000
0.00000000
0.00000000
0.00000000
0.00000000
0.00000000
0.00000000
0.00000000
0.00000000
0.00000000
0.00000000
0.00000000
0.00000000
0.00000000
0.00000000
0.00000000
0.00000000
0.00000000
0.00000000
0.00000000
0.00000000
0.00000000
0.00000000
0.00000000
0.00000000
0.00000000
0.00000000
0.00000000
0.00000000
0.00000000
0.00000000
0.00000000
0.00000000
0.00000000
0.00000000
0.00000000
0.00000000
0.00000000
0.00000000
0.00000000
0.00000000
0.00000000
0.00000000
0.00000000
0.00000000
0.00000000
0.00000000
0.00000000
0.00000000
0.00000000
0.00000000
0.00000000
0.00000000
0.00000000
0.00000000
0.00000000
0.00000000
0.00000000
0.00000000
0.00000000
0.00000000
0.00000000
0.00000000
0.00000000
0.00000000
0.00000000
0.00000000
0.00000000
0.00000000
0.00000000
0.00000000
0.00000000
0.00000000
0.00000000
0.00000000
0.00000000
0.00000000
0.00000000
0.00000000
0.00000000
0.00000000
0.00000000
0.00000000
0.00000000
0.00000000
0.00000000
0.00000000
0.00000000
0.00000000
0.00000000
0.00000000
0.00000000
0.00000000
0.00000000
0.00000000
0.00000000
0.00000000
0.00000000
0.00000000
0.00000000
0.00000000
0.00000000
0.00000000
0.00000000
0.00000000
0.00000000
0.00000000
0.00000000
0.00000000
0.00000000
0.00000000
0.00000000
0.00000000
0.00000000
0.00000000
0.00000000
0.00000000
0.00000000
0.00000000
0.00000000
0.00000000
0.00000000
0.00000000
0.00000000
0.00000000
0.00000000
0.00000000
0.00000000
0.00000000
0.00000000
0.00000000
0.00000000
0.00000000
0.00000000
0.00000000
0.00000000
0.00000000
0.00000000
0.00000000
0.00000000
0.00000000
0.00000000
0.00000000
0.00000000
0.00000000
0.00000000
0.00000000
0.00000000
0.00000000
0.00000000
0.00000000
0.00000000
0.00000000
0.00000000
0.00000000
0.00000000
0.00000000
0.00000000
0.00000000
0.00000000
0.00000000
0.00000000
0.00000000
0.00000000
0.00000000
0.00000000
0.00000000
0.00000000
0.00000000
0.00000000
0.00000000
0.00000000
0.00000000
0.00000000
0.00000000
0.00000000
0.00000000
0.00000000
0.00000000
0.00000000
0.00000000
0.00000000
0.00000000
0.00000000
0.00000000
0.00000000
0.00000000
0.00000000
0.00000000
0.00000000
0.00000000
0.00000000
0.00000000
0.00000000
0.00000000
0.00000000
0.00000000
0.00000000
0.00000000
0.00000000
0.00000000
0.00000000
0.00000000
0.00000000
0.00000000
0.00000000
0.00000000
0.00000000
0.00000000
0.00000000
0.00000000
0.00000000
0.00000000
0.00000000
0.00000000
0.00000000
0.00000000
0.00000000
0.00000000
0.00000000
0.00000000
0.00000000
0.00000000
0.00000000
0.00000000
0.00000000
0.00000000
0.00000000
0.00000000
0.00000000
0.00000000
0.00000000
0.00000000
0.00000000
0.00000000
0.00000000
0.00000000
0.00000000
0.00000000
0.00000000
0.00000000
0.00000000
0.00000000
0.00000000
0.00000000
0.00000000
0.00000000
0.00000000
0.00000000
0.00000000
0.00000000
0.00000000
0.00000000
0.00000000
0.00000000
0.00000000
0.00000000
0.00000000
0.00000000
0.00000000
0.00000000
0.00000000
0.00000000
0.00000000
0.00000000
0.00000000
0.00000000
0.00000000
0.00000000
0.00000000
0.00000000
0.00000000
0.00000000
0.00000000
0.00000000
0.00000000
0.00000000
0.00000000
0.00000000
0.00000000
0.00000000
0.00000000
0.00000000
0.00000000
0.00000000
0.00000000
0.00000000
0.00000000
0.00000000
0.00000000
0.00000000
0.00000000
0.00000000
0.00000000
0.00000000
0.00000000
0.00000000
0.00000000
0.00000000
0.00000000
0.00000000
0.00000000
0.00000000
0.00000000
0.00000000
0.00000000
0.00000000
0.00000000
0.00000000
0.00000000
0.00000000
0.00000000
0.00000000
0.00000000
0.00000000
0.00000000
0.00000000
0.00000000
0.00000000
0.00000000
0.00000000
0.00000000
0.00000000
0.00000000
0.00000000
0.00000000
0.00000000
0.00000000
0.00000000
0.00000000
0.00000000
0.00000000
0.00000000
0.00000000
0.00000000
0.00000000
0.00000000
0.00000000
0.00000000
0.00000000
0.00000000
0.00000000
0.00000000
0.00000000
0.00000000
0.00000000
0.00000000
0.00000000
0.00000000
0.00000000
0.00000000
0.00000000
0.00000000
0.00000000
0.00000000
0.00000000
0.00000000
0.00000000
0.00000000
0.00000000
0.00000000
0.00000000
0.00000000
0.00000000
0.00000000
0.00000000
0.00000000
0.00000000
0.00000000
0.00000000
0.00000000
0.00000000
0.00000000
0.00000000
0.00000000
0.00000000
0.00000000
0.00000000
0.00000000
0.00000000
0.00000000
0.00000000
0.00000000
0.00000000
0.00000000
0.00000000
0.00000000
0.00000000
0.00000000
0.00000000
0.00000000
0.00000000
0.00000000
0.00000000
0.00000000
0.00000000
0.00000000
0.00000000
0.00000000
0.00000000
0.00000000
0.00000000
0.00000000
0.00000000
0.00000000
0.00000000
0.00000000
0.00000000
0.00000000
0.00000000
0.00000000
0.00000000
0.00000000
0.00000000
0.00000000
0.00000000
0.00000000
0.00000000
0.00000000
0.00000000
0.00000000
0.00000000
0.00000000
0.00000000
0.00000000
0.00000000
0.00000000
0.00000000
0.00000000
0.00000000
0.00000000
0.00000000
0.00000000
0.00000000
0.00000000
0.00000000
0.00000000
0.00000000
0.00000000
0.00000000
0.00000000
0.00000000
0.00000000
0.00000000
0.00000000
0.00000000
0.00000000
0.00000000
0.00000000
0.00000000
0.00000000
0.00000000
0.00000000
0.00000000
0.00000000
0.00000000
0.00000000
0.00000000
0.00000000
0.00000000
0.00000000
0.00000000
0.00000000
0.00000000
0.00000000
0.00000000
0.00000000
0.00000000
0.00000000
0.00000000
0.00000000
0.00000000
0.00000000
0.00000000
0.00000000
0.00000000
0.00000000
0.00000000
0.00000000
0.00000000
0.00000000
0.00000000
0.00000000
0.00000000
0.00000000
0.00000000
0.00000000
0.00000000
0.00000000
0.00000000
0.00000000
0.00000000
0.00000000
0.00000000
0.00000000
0.00000000
0.00000000
0.00000000
0.00000000
0.00000000
0.00000000
0.00000000
0.00000000
0.00000000
0.00000000
0.00000000
0.00000000
0.00000000
0.00000000
0.00000000
0.00000000
0.00000000
0.00000000
0.00000000
0.00000000
0.00000000
0.00000000
0.00000000
0.00000000
0.00000000
0.00000000
0.00000000
0.00000000
0.00000000
0.00000000
0.00000000
0.00000000
0.00000000
0.00000000
0.00000000
0.00000000
0.00000000
0.00000000
0.00000000
0.00000000
0.00000000
0.00000000
0.00000000
0.00000000
0.00000000
0.00000000
0.00000000
0.00000000
0.00000000
0.00000000
0.00000000
0.00000000
0.00000000
0.00000000
0.00000000
0.00000000
0.00000000
0.00000000
0.00000000
0.00000000
0.00000000
0.00000000
0.00000000
0.00000000
0.00000000
0.00000000
0.00000000
0.00000000
0.00000000
0.00000000
0.00000000
0.00000000
0.00000000
0.00000000
0.00000000
0.00000000
0.00000000
0.00000000
0.00000000
0.00000000
0.00000000
0.00000000
0.00000000
0.00000000
0.00000000
0.00000000
0.00000000
0.00000000
0.00000000
0.00000000
0.00000000
0.00000000
0.00000000
0.00000000
0.00000000
0.00000000
0.00000000
0.00000000
0.00000000
0.00000000
0.00000000
0.00000000
0.00000000
0.00000000
0.00000000
0.00000000
0.00000000
0.00000000
0.00000000
0.00000000
0.00000000
0.00000000
0.00000000
0.00000000
0.00000000
0.00000000
0.00000000
0.00000000
0.00000000
0.00000000
0.00000000
0.00000000
0.00000000
0.00000000
0.00000000
0.00000000
0.00000000
0.00000000
0.00000000
0.00000000
0.00000000
0.00000000
0.00000000
0.00000000
0.00000000
0.00000000
0.00000000
0.00000000
0.00000000
0.00000000
0.00000000
0.00000000
0.00000000
0.00000000
0.00000000
0.00000000
0.00000000
0.00000000
0.00000000
0.00000000
0.00000000
0.00000000
0.00000000
0.00000000
0.00000000
0.00000000
0.00000000
0.00000000
0.00000000
0.00000000
0.00000000
0.00000000
0.00000000
0.00000000
0.00000000
0.00000000
0.00000000
0.00000000
0.00000000
0.00000000
0.00000000
0.00000000
0.00000000
0.00000000
0.00000000
0.00000000
0.00000000
0.00000000
0.00000000
0.00000000
0.00000000
0.00000000
0.00000000
0.00000000
0.00000000
0.00000000
0.00000000
0.00000000
0.00000000
0.00000000
0.00000000
0.00000000
0.00000000
0.00000000
0.00000000
0.00000000
0.00000000
0.00000000
0.00000000
0.00000000
0.00000000
0.00000000
0.00000000
0.00000000
0.00000000
0.00000000
0.00000000
0.00000000
0.00000000
0.00000000
0.00000000
0.00000000
0.00000000
0.00000000
0.00000000
0.00000000
0.00000000
0.00000000
0.00000000
0.00000000
0.00000000
0.00000000
0.00000000
0.00000000
0.00000000
0.00000000
0.00000000
0.00000000
0.00000000
0.00000000
0.00000000
0.00000000
0.00000000
0.00000000
0.00000000
0.00000000
0.00000000
0.00000000
0.00000000
0.00000000
0.00000000
0.00000000
0.00000000
0.00000000
0.00000000
0.00000000
0.00000000
0.00000000
0.00000000
0.00000000
0.00000000
0.00000000
0.00000000
0.00000000
0.00000000
0.00000000
0.00000000
0.00000000
0.00000000
0.00000000
0.00000000
0.00000000
0.00000000
0.00000000
0.00000000
0.00000000
0.00000000
0.00000000
0.00000000
0.00000000
0.00000000
0.00000000
0.00000000
0.00000000
0.00000000
0.00000000
0.00000000
0.00000000
0.00000000
0.00000000
0.00000000
0.00000000
0.00000000
0.00000000
0.00000000
0.00000000
0.00000000
0.00000000
0.00000000
0.00000000
0.00000000
0.00000000
0.00000000
0.00000000
0.00000000
0.00000000
0.00000000
0.00000000
0.00000000
0.00000000
0.00000000
0.00000000
0.00000000
0.00000000
0.00000000
0.00000000
0.00000000
0.00000000
0.00000000
0.00000000
0.00000000
0.00000000
0.00000000
0.00000000
0.00000000
0.00000000
0.00000000
0.00000000
0.00000000
0.00000000
0.00000000
0.00000000
0.00000000
0.00000000
0.00000000
0.00000000
0.00000000
0.00000000
0.00000000
0.00000000
0.00000000
0.00000000
0.00000000
0.00000000
0.00000000
0.00000000
0.00000000
0.00000000
0.00000000
0.00000000
0.00000000
0.00000000
0.00000000
0.00000000
0.00000000
0.00000000
0.00000000
0.00000000
0.00000000
0.00000000
0.00000000
0.00000000
0.00000000
0.00000000
0.00000000
0.00000000
0.00000000
0.00000000
0.00000000
0.00000000
0.00000000
0.00000000
0.00000000
0.00000000
0.00000000
0.00000000
0.00000000
0.00000000
0.00000000
0.00000000
0.00000000
0.00000000
0.00000000
0.00000000
0.00000000
0.00000000
0.00000000
0.00000000
0.00000000
0.00000000
0.00000000
0.00000000
0.00000000
0.00000000
0.00000000
0.00000000
0.00000000
0.00000000
0.00000000
0.00000000
0.00000000
0.00000000
0.00000000
0.00000000
0.00000000
0.00000000
0.00000000
0.00000000
0.00000000
0.00000000
0.00000000
0.00000000
0.00000000
0.00000000
0.00000000
0.00000000
0.00000000
0.00000000
0.00000000
0.00000000
0.00000000
0.00000000
0.00000000
0.00000000
0.00000000
0.00000000
0.00000000
0.00000000
0.00000000
0.00000000
0.00000000
0.00000000
0.00000000
0.00000000
0.00000000
0.00000000
0.00000000
0.00000000
0.00000000
0.00000000
0.00000000
0.00000000
0.00000000
0.00000000
0.00000000
0.00000000
0.00000000
0.00000000
0.00000000
0.00000000
0.00000000
0.00000000
0.00000000
0.00000000
0.00000000
0.00000000
0.00000000
0.00000000
0.00000000
0.00000000
0.00000000
0.00000000
0.00000000
0.00000000
0.00000000
0.00000000
0.00000000
0.00000000
0.00000000
0.00000000
0.00000000
0.00000000
0.00000000
0.00000000
0.00000000
0.00000000
0.00000000
0.00000000
0.00000000
0.00000000
0.00000000
0.00000000
0.00000000
0.00000000
0.00000000
0.00000000
0.00000000
0.00000000
0.00000000
0.00000000
0.00000000
0.00000000
0.00000000
0.00000000
0.00000000
0.00000000
0.00000000
0.00000000
0.00000000
0.00000000
0.00000000
0.00000000
0.00000000
0.00000000
0.00000000
0.00000000
0.00000000
0.00000000
0.00000000
0.00000000
0.00000000
0.00000000
0.00000000
0.00000000
0.00000000
0.00000000
0.00000000
0.00000000
0.00000000
0.00000000
0.00000000
0.00000000
0.00000000
0.00000000
0.00000000
0.00000000
0.00000000
0.00000000
0.00000000
0.00000000
0.00000000
0.00000000
0.00000000
0.00000000
0.00000000
0.00000000
0.00000000
0.00000000
0.00000000
0.00000000
0.00000000
0.00000000
0.00000000
0.00000000
0.00000000
0.00000000
0.00000000
0.00000000
0.00000000
0.00000000
0.00000000
0.00000000
0.00000000
0.00000000
0.00000000
0.00000000
0.00000000
0.00000000
0.00000000
0.00000000
0.00000000
0.00000000
0.00000000
0.00000000
0.00000000
0.00000000
0.00000000
0.00000000
0.00000000
0.00000000
0.00000000
0.00000000
0.00000000
0.00000000
0.00000000
0.00000000
0.00000000
0.00000000
0.00000000
0.00000000
0.00000000
0.00000000
0.00000000
0.00000000
0.00000000
0.00000000
0.00000000
0.00000000
0.00000000
0.00000000
0.00000000
0.00000000
0.00000000
0.00000000
0.00000000
0.00000000
0.00000000
0.00000000
0.00000000
0.00000000
0.00000000
0.00000000
0.00000000
0.00000000
0.00000000
0.00000000
0.00000000
0.00000000
0.00000000
0.00000000
0.00000000
0.00000000
0.00000000
0.00000000
0.00000000
0.00000000
0.00000000
0.00000000
0.00000000
0.00000000
0.00000000
0.00000000
0.00000000
0.00000000
0.00000000
0.00000000
0.00000000
0.00000000
0.00000000
0.00000000
0.00000000
0.00000000
0.00000000
0.00000000
0.00000000
0.00000000
0.00000000
0.00000000
0.00000000
0.00000000
0.00000000
0.00000000
0.00000000
0.00000000
0.00000000
0.00000000
0.00000000
0.00000000
0.00000000
0.00000000
0.00000000
0.00000000
0.00000000
0.00000000
0.00000000
0.00000000
0.00000000
0.00000000
0.00000000
0.00000000
0.00000000
0.00000000
0.00000000
0.00000000
0.00000000
0.00000000
0.00000000
0.00000000
0.00000000
0.00000000
0.00000000
0.00000000
0.00000000
0.00000000
0.00000000
0.00000000
0.00000000
0.00000000
0.00000000
0.00000000
0.00000000
0.00000000
0.00000000
0.00000000
0.00000000
0.00000000
0.00000000
0.00000000
0.00000000
0.00000000
0.00000000
0.00000000
0.00000000
0.00000000
0.00000000
0.00000000
0.00000000
0.00000000
0.00000000
0.00000000
0.00000000
0.00000000
0.00000000
0.00000000
0.00000000
0.00000000
0.00000000
0.00000000
0.00000000
0.00000000
0.00000000
0.00000000
0.00000000
0.00000000
0.00000000
0.00000000
0.00000000
0.00000000
0.00000000
0.00000000
0.00000000
0.00000000
0.00000000
0.00000000
0.00000000
0.00000000
0.00000000
0.00000000
0.00000000
0.00000000
0.00000000
0.00000000
0.00000000
0.00000000
0.00000000
0.00000000
0.00000000
0.00000000
0.00000000
0.00000000
0.00000000
0.00000000
0.00000000
0.00000000
0.00000000
0.00000000
0.00000000
0.00000000
0.00000000
0.00000000
0.00000000
0.00000000
0.00000000
0.00000000
0.00000000
0.00000000
0.00000000
0.00000000
0.00000000
0.00000000
0.00000000
0.00000000
0.00000000
0.00000000
0.00000000
0.00000000
0.00000000
0.00000000
0.00000000
0.00000000
0.00000000
0.00000000
0.00000000
0.00000000
0.00000000
0.00000000
0.00000000
0.00000000
0.00000000
0.00000000
0.00000000
0.00000000
0.00000000
0.00000000
0.00000000
0.00000000
0.00000000
0.00000000
0.00000000
0.00000000
0.00000000
0.00000000
0.00000000
0.00000000
0.00000000
0.00000000
0.00000000
0.00000000
0.00000000
0.00000000
0.00000000
0.00000000
0.00000000
0.00000000
0.00000000
0.00000000
0.00000000
0.00000000
0.00000000
0.00000000
0.00000000
0.00000000
0.00000000
0.00000000
0.00000000
0.00000000
0.00000000
0.00000000
0.00000000
0.00000000
0.00000000
0.00000000
0.00000000
0.00000000
0.00000000
0.00000000
0.00000000
0.00000000
0.00000000
0.00000000
0.00000000
0.00000000
0.00000000
0.00000000
0.00000000
0.00000000
0.00000000
0.00000000
0.00000000
0.00000000
0.00000000
0.00000000
0.00000000
0.00000000
0.00000000
0.00000000
0.00000000
0.00000000
0.00000000
0.00000000
0.00000000
0.00000000
0.00000000
0.00000000
0.00000000
0.00000000
0.00000000
0.00000000
0.00000000
0.00000000
0.00000000
0.00000000
0.00000000
0.00000000
0.00000000
0.00000000
0.00000000
0.00000000
0.00000000
0.00000000
0.00000000
0.00000000
0.00000000
0.00000000
0.00000000
0.00000000
0.00000000
0.00000000
0.00000000
0.00000000
0.00000000
0.00000000
0.00000000
0.00000000
0.00000000
0.00000000
0.00000000
0.00000000
0.00000000
0.00000000
0.00000000
0.00000000
0.00000000
0.00000000
0.00000000
0.00000000
0.00000000
0.00000000
0.00000000
0.00000000
0.00000000
0.00000000
0.00000000
0.00000000
0.00000000
0.00000000
0.00000000
0.00000000
0.00000000
0.00000000
0.00000000
0.00000000
0.00000000
0.00000000
0.00000000
0.00000000
0.00000000
0.00000000
0.00000000
0.00000000
0.00000000
0.00000000
0.00000000
0.00000000
0.00000000
0.00000000
0.00000000
0.00000000
0.00000000
0.00000000
0.00000000
0.00000000
0.00000000
0.00000000
0.00000000
0.00000000
0.00000000
0.00000000
0.00000000
0.00000000
0.00000000
0.00000000
0.00000000
0.00000000
0.00000000
0.00000000
0.00000000
0.00000000
0.00000000
0.00000000
0.00000000
0.00000000
0.00000000
0.00000000
0.00000000
0.00000000
0.00000000
0.00000000
0.00000000
0.00000000
0.00000000
0.00000000
0.00000000
0.00000000
0.00000000
0.00000000
0.00000000
0.00000000
0.00000000
0.00000000
0.00000000
0.00000000
0.00000000
0.00000000
0.00000000
0.00000000
0.00000000
0.00000000
0.00000000
0.00000000
0.00000000
0.00000000
0.00000000
0.00000000
0.00000000
0.00000000
0.00000000
0.00000000
0.00000000
0.00000000
0.00000000
0.00000000
0.00000000
0.00000000
0.00000000
0.00000000
0.00000000
0.00000000
0.00000000
0.00000000
0.00000000
0.00000000
0.00000000
0.00000000
0.00000000
0.00000000
0.00000000
0.00000000
0.00000000
0.00000000
0.00000000
0.00000000
0.00000000
0.00000000
0.00000000
0.00000000
0.00000000
0.00000000
0.00000000
0.00000000
0.00000000
0.00000000
0.00000000
0.00000000
0.00000000
0.00000000
0.00000000
0.00000000
0.00000000
0.00000000
0.00000000
0.00000000
0.00000000
0.00000000
0.00000000
0.00000000
0.00000000
0.00000000
0.00000000
0.00000000
0.00000000
0.00000000
0.00000000
0.00000000
0.00000000
0.00000000
0.00000000
0.00000000
0.00000000
0.00000000
0.00000000
0.00000000
0.00000000
0.00000000
0.00000000
0.00000000
0.00000000
0.00000000
0.00000000
0.00000000
0.00000000
0.00000000
0.00000000
0.00000000
0.00000000
0.00000000
0.00000000
0.00000000
0.00000000
0.00000000
0.00000000
0.00000000
0.00000000
0.00000000
0.00000000
0.00000000
0.00000000
0.00000000
0.00000000
0.00000000
0.00000000
0.00000000
0.00000000
0.00000000
0.00000000
0.00000000
0.00000000
0.00000000
0.00000000
0.00000000
0.00000000
0.00000000
0.00000000
0.00000000
0.00000000
0.00000000
0.00000000
0.00000000
0.00000000
0.00000000
0.00000000
0.00000000
0.00000000
0.00000000
0.00000000
0.00000000
0.00000000
0.00000000
0.00000000
0.00000000
0.00000000
0.00000000
0.00000000
0.00000000
0.00000000
0.00000000
0.00000000
0.00000000
0.00000000
0.00000000
0.00000000
0.00000000
0.00000000
0.00000000
0.00000000
0.00000000
0.00000000
0.00000000
0.00000000
0.00000000
0.00000000
0.00000000
0.00000000
0.00000000
0.00000000
0.00000000
0.00000000
0.00000000
0.00000000
0.00000000
0.00000000
0.00000000
0.00000000
0.00000000
0.00000000
0.00000000
0.00000000
0.00000000
0.00000000
0.00000000
0.00000000
0.00000000
0.00000000
0.00000000
0.00000000
0.00000000
0.00000000
0.00000000
0.00000000
0.00000000
0.00000000
0.00000000
0.00000000
0.00000000
0.00000000
0.00000000
0.00000000
0.00000000
0.00000000
0.00000000
0.00000000
0.00000000
0.00000000
0.00000000
0.00000000
0.00000000
0.00000000
0.00000000
0.00000000
0.00000000
0.00000000
0.00000000
0.00000000
0.00000000
0.00000000
0.00000000
0.00000000
0.00000000
0.00000000
0.00000000
0.00000000
0.00000000
0.00000000
0.00000000
