3649
3651
3648
3647
3646
3645
3642
3640
3650
5765
6495
3639
3644
5712
6309
5767
4634
6536
6535
6212
5071
6653
6732
4652
4650
4182
5379
5954
5953
5952
5951
5950
5949
3362
4843
3156
6637
5493
2604
5299
4272
1829
5977
5125
6586
4019
4018
6451
6152
6559
6758
6760
5202
693
6410
6298
1210
5207
5622
5623
5508
6024
3820
4957
3676
6026
2279
4726
5475
5559
3027
5013
6525
2195
6505
6504
5613
2070
5754
3616
3163
6502
5062
3600
2194
6618
5469
375
2075
447
439
4836
5975
5452
2242
6447
4485
4214
4773
6695
6494
3607
5555
6189
6052
6399
4287
2291
5303
5302
6011
4124
5604
3021
5912
4574
5365
3261
4499
6293
3952
694
6629
5108
3992
4878
4091
5095
2120
4884
4666
4277
6661
6405
3932
4250
44
5172
5709
6462
3348
4087
4088
5997
3152
5351
6022
4160
6419
5464
5724
5057
3631
4672
1677
1488
5701
6634
2583
3921
3939
3940
1686
6543
4545
5763
5510
704
6746
3041
6606
5002
4325
3775
6515
6369
6516
6444
5208
4705
5312
3585
6486
4738
6120
5966
5663
3598
3415
2467
5315
2137
6004
5135
5295
5684
4858
2315
4978
3391
5468
4994
6287
5718
6156
647
4740
5219
1958
5760
6317
3834
884
5454
4863
6562
4931
5928
5087
5942
4245
6487
5971
491
4897
6673
5424
5965
3047
6378
6310
2135
2274
5220
5669
2190
2180
2179
2178
2177
6138
3257
6448
6532
6250
5749
6005
5502
2188
5058
6426
6651
6160
5987
3945
3850
4693
6254
4835
5956
3028
5084
6037
4475
2078
5503
922
6412
5606
4706
3563
6430
5355
5941
6714
6198
4990
3770
5059
3879
5621
3390
6533
6693
3022
6213
2333
1633
6477
2490
6649
6668
6130
1811
3900
695
398
4248
2482
3032
5495
2438
6667
2442
3256
5863
5869
5864
5865
5861
5867
5860
5859
5858
5868
5857
5862
5866
5875
5880
5878
5877
5876
5874
5870
5871
5873
5872
5958
6077
3872
6717
6787
6244
4875
4876
851
2472
2480
2465
4577
4576
5068
2341
4625
6777
5586
2090
6306
2608
4713
3818
5815
5563
2307
5601
4624
5174
5744
6383
257
4797
5885
1856
5617
3341
3340
3308
5459
4281
883
6781
3470
3444
6809
2336
6178
6235
1961
6443
1794
4756
2248
3477
3397
4690
4915
4945
4237
4201
4134
5361
3382
5390
4015
5432
5487
6521
3462
3458
6808
4082
6522
4767
6599
6807
6806
6805
3608
3588
6782
4913
5368
6544
1387
865
698
697
3581
4673
5984
2424
5982
6779
5132
5979
5589
1490
679
5986
5899
6678
5320
5602
3056
758
3758
4838
6565
4831
5990
1825
1826
1967
5483
5006
1827
4217
895
6390
498
6766
6197
6615
5314
3116
6583
3686
3262
1991
4502
1990
6389
6388
2255
1956
1985
1963
4571
1666
3821
2988
6659
3923
6612
6086
6017
6433
4623
4933
3559
3403
4535
4543
4556
4557
1495
4993
5526
5528
5529
5751
5525
3042
2256
6654
6753
6588
6666
4902
3084
3888
6058
3882
3883
3885
3886
3884
5998
5963
4083
6057
3674
6427
6801
6000
6802
6513
6514
6699
6644
6620
4586
6687
6545
5478
4730
700
6591
5934
6737
4497
6765
6681
2071
6164
5284
5304
3424
4243
1491
5948
5743
5624
696
6413
2107
2356
2370
2371
2372
2384
2401
2403
84
4203
6751
1979
854
5547
5545
402
6071
3006
5414
702
5682
6503
6397
3614
5283
4926
6672
4246
2161
6561
5847
6512
6155
4523
4402
6789
6553
5632
5649
3778
6718
6757
6795
6788
3941
1699
6294
6051
4260
4988
5944
6585
5702
6611
5497
1982
1962
4784
4812
4825
4818
4814
4813
3762
4508
3865
5588
303
5406
5396
298
6021
6472
3108
5527
5947
1898
5145
6743
6752
3549
6683
6600
6581
6574
6685
6605
6570
6804
6803
1901
492
5891
6166
6170
6176
6175
719
5630
6172
248
4845
5318
247
5940
4185
4177
5005
4258
5676
1652
6793
5935
3697
2607
6219
5190
2432
6060
5620
3291
3782
3781
3783
6092
6094
6093
6255
2611
5607
6619
4791
5069
4020
3294
3290
4789
2623
4854
3113
6233
3901
6680
5937
5681
3187
4766
3916
4489
4570
6508
4498
6321
5472
5471
4731
1058
3196
801
3694
3546
2241
6195
6407
3853
6460
4972
2163
5399
6663
1192
3827
3911
2076
6523
6489
3184
2244
546
5590
6394
6267
3889
3476
358
4709
4328
4526
1420
6492
3045
3852
379
3628
1793
5574
2563
5366
3874
3746
3401
6232
5163
5591
2310
5999
6115
2986
2335
3854
3917
3109
4762
5791
6109
5567
6300
5480
4891
5558
6246
1679
5653
2456
3001
4924
4267
4512
1429
5973
4921
5537
705
266
5352
770
3130
3690
5344
5539
4288
2139
4118
6377
6686
4349
5616
5121
4790
3039
1029
4620
6764
4908
2546
6043
3497
6123
6576
3404
519
3026
3764
6785
5974
2052
5933
2050
1978
5881
5161
5160
5164
5159
4787
3918
3387
6226
1032
2298
3548
3826
5014
3568
2028
4116
3841
6415
6676
6741
5713
2140
740
3212
6290
6374
1897
6418
4219
4859
4752
6708
5680
6044
5311
2390
6116
5442
1077
4283
1972
5659
4696
847
1394
2446
6315
762
5650
3445
394
3010
6431
663
878
306
6127
1797
4715
6073
376
757
6203
4651
5923
2441
4943
3408
5714
267
2200
5109
3688
5968
6540
1031
2528
4370
4294
2398
6239
4527
4717
1629
4718
6792
6284
3772
3774
5428
4919
3582
433
4750
6408
2296
4799
4192
1900
6702
6277
6319
1245
3930
259
5801
6706
3277
4944
6066
3343
3510
1767
4748
4747
265
3405
5690
6485
1393
499
150
4227
6674
5349
5348
4895
5957
1194
4727
5088
4578
5137
3449
6217
5465
6363
3154
6763
6429
3161
1834
5627
3842
4934
6154
6286
2421
1485
6459
6461
6745
66
5308
4755
6162
4734
3769
5651
2470
5105
469
1500
5596
3186
6613
4917
3279
3278
3706
3419
3947
4202
1770
81
5066
783
6511
957
1694
5310
4575
2187
2170
6110
5593
4401
3696
6566
1698
4567
6163
6072
6498
4631
5707
101
3266
3299
6679
6281
2060
4764
229
3753
4724
4723
6114
2380
5317
531
5520
6173
6385
5360
296
1057
5524
3412
6641
1197
4889
4645
1414
1999
1665
6280
5143
1388
2087
432
4758
2379
3465
4638
4210
6694
3657
4911
2046
3096
1142
5456
1839
6003
4533
2105
4552
3306
745
4796
3875
3955
1676
6270
3473
2381
1763
3383
5126
3311
4918
5668
3468
4081
5710
4218
3693
4824
3440
6081
2521
4721
4722
4251
891
3428
6675
4665
5633
6227
4271
2092
4946
5560
5427
5415
3777
746
3029
6241
3914
6571
95
3385
5619
2191
5010
5009
1212
1938
4235
5544
5130
3275
3276
2308
256
3638
3061
6210
5496
3912
5455
6274
4757
5670
6358
5327
5766
2350
2998
5770
1205
299
528
4716
321
1026
6089
5628
5223
6040
3437
6554
5309
6207
5900
3329
2383
1678
3653
3009
5477
6422
6420
4529
539
4664
2539
227
226
4473
6055
4903
4542
3785
6140
6794
6268
318
4544
4103
395
205
5131
5129
5128
6575
4830
302
3438
4532
4280
5422
3626
819
4021
820
4024
822
3625
5542
4125
3551
3073
4985
5206
6610
4092
4865
5629
3864
4890
1878
6194
6756
6677
1412
2596
5402
6786
5776
2646
2493
4240
2402
3060
3743
4289
5985
4187
2648
4355
3071
5319
3140
3141
1202
2196
3100
5494
5988
2488
2368
5358
6712
254
3630
54
5893
3132
3031
2571
5067
6607
2532
2048
1947
3776
6091
2357
6014
2353
2354
6129
2339
4751
5371
6179
659
1798
4234
5167
1149
3243
4904
5573
2632
6563
1223
6434
5614
4912
2376
2600
5492
3310
4205
3309
5411
3691
43
5644
1169
1170
2494
65
556
1887
6639
2360
4643
2647
4190
5380
4090
3859
320
4989
397
2297
2143
5331
6530
3287
4936
2631
6368
2100
3283
870
4247
5157
3858
6245
3951
3023
5122
281
2387
2112
4356
4357
4358
2477
6411
129
5479
9
2338
3439
3374
6598
4833
5382
2288
4095
4368
5516
717
4261
5580
5603
3260
1424
6762
5346
4958
6404
3717
3732
3714
214
6470
5353
4867
5389
113
3448
5572
91
6713
3164
4935
5647
4905
829
5764
4403
4405
6744
5916
6499
5994
2263
5959
3098
6041
6015
6376
6473
1540
3712
5154
5155
5153
5398
1345
6395
4851
5177
3615
6183
5996
5995
5419
5297
4837
6157
5779
4085
5775
3756
2182
5737
1924
5367
3153
3077
5426
3036
2116
3386
3838
514
6199
5759
4213
3508
3273
5809
5178
5175
5176
5298
3245
2394
1214
5804
5811
5807
5808
5805
1480
5810
6657
4371
3413
5523
3633
2348
6484
1965
219
5584
6064
1376
6266
332
3773
3355
3602
3149
3064
2447
1410
5513
348
1521
3052
6027
6780
1789
1787
1782
1426
4659
6465
5148
5771
5772
5773
1427
2454
1207
5386
6253
3268
5626
4923
6387
6359
2475
5983
825
4200
5611
5747
3739
6483
2281
4012
1783
5482
5489
1790
3596
1927
3079
2264
4807
1968
2278
6592
4175
6013
6362
2397
4369
3017
3929
5813
5072
4553
3737
3721
3719
3722
3738
3742
3720
3725
3724
3736
3735
3726
3727
3728
3734
3729
3730
3731
3733
3723
3718
3741
3740
3713
3715
3716
2094
3080
1781
3131
6724
6568
6391
6283
5300
6272
2393
4222
2471
3599
6128
6482
987
652
2396
1322
5431
3754
3593
6038
1502
6594
6386
3822
4808
3025
5540
4840
4605
2377
1765
5708
5517
5405
6269
1762
4275
6493
6161
4873
5011
6299
6790
3378
4007
5667
3210
5385
3099
3014
838
4810
4803
40
5091
5321
5915
5213
6739
3679
3617
3471
5806
5146
2584
4148
2209
6750
6621
1974
5752
6458
2329
2622
686
4916
4216
2324
6221
5719
2072
5535
4265
4212
4714
4555
4655
776
6595
5652
5553
6177
3086
4084
4761
2004
5600
5568
6382
4554
5927
5115
2305
4308
4309
1846
4860
314
6549
4987
5610
6501
2069
4232
4728
5488
3191
5446
272
2621
2428
3016
3337
502
3678
1819
2058
858
2436
5430
3466
497
1975
6529
5474
874
3685
4841
6564
6023
6050
1671
3862
2189
3054
5685
1945
4256
6184
3011
6380
3330
857
4639
4171
5696
3072
6291
4736
6381
6158
6159
4653
3357
3399
5423
1168
5004
1988
6432
6520
6313
4284
3604
5501
3692
333
2373
2484
2485
2486
3066
4129
6645
5417
1389
4991
4259
3461
6196
4992
5086
6608
4531
6630
5397
1806
1497
5557
5932
3768
5930
5498
5214
4299
6720
6670
5112
843
5551
2104
1976
3809
3816
3815
3814
3807
6656
5722
5403
2000
1832
1236
2093
4474
3800
5929
5931
253
5416
5418
2098
866
5114
682
3829
4537
6593
2555
2003
4568
893
2610
4864
6204
5694
4910
5599
1398
788
2597
4558
4754
6541
5499
2423
5922
3167
134
2286
2240
5345
3356
4834
2417
2313
5521
6406
3222
3220
3223
3224
3221
5490
6048
4268
6616
2420
6500
4948
6628
3267
3051
3013
4753
4794
3219
6139
4930
2099
2374
4821
5748
4292
648
5212
6148
6435
5116
6436
2419
2422
2176
2449
5061
1791
760
3200
4300
6643
5326
4547
5118
6010
3093
6059
5700
6421
6424
6423
6297
2331
726
1823
713
4174
3069
6076
4959
110
6688
4976
4973
4974
4975
4966
5322
786
3030
5074
5075
5076
5077
5078
5082
6597
4742
4241
4795
5936
1983
2250
1946
4610
5354
3467
4110
2171
2185
802
3194
5612
2243
6454
5538
5378
6450
6049
231
1413
766
4541
4128
4986
828
2057
6589
2478
4759
6534
4609
6723
6296
2508
2501
2509
5798
5738
5554
3789
3817
3813
3796
4816
1399
4857
2435
2437
5198
6481
6531
5443
756
3018
2086
6278
2451
793
5362
4826
5721
2316
2317
3675
5323
5324
5325
6402
6361
6033
4800
366
3857
1813
5761
5762
2481
4476
2172
3359
3361
3202
1995
6234
5577
1397
3793
885
436
867
1496
6538
3587
4939
4224
6547
3024
1404
4793
1498
2283
4295
5211
4569
3043
6205
712
4849
3876
4481
4480
3263
827
991
976
932
931
1003
1001
988
1000
997
996
918
994
993
989
990
992
1355
4121
4120
4663
6104
4633
560
3394
3393
4909
2216
5473
6105
3877
6614
3856
5203
3358
6102
2285
995
4788
2299
4999
2275
5578
877
876
3270
6262
6550
1640
4906
6646
2617
5505
6355
4882
4661
710
3591
886
889
888
890
111
5993
5043
3101
3899
3562
970
3081
4105
1215
4879
6371
6370
6372
6012
6373
4598
2055
5543
743
5341
5216
5215
3380
3446
2262
2214
1895
1330
4949
6360
2318
2319
76
3063
5646
6704
4660
4984
6705
2202
2133
824
6509
5060
6510
3360
4307
6349
5919
211
4612
6252
5173
803
5007
5008
5720
4798
5585
5745
5746
5579
2340
5964
4850
1836
1833
3332
2589
1103
5401
3792
119
3326
3327
3062
3325
1673
6240
6466
5294
6761
5917
5918
6660
5992
5046
1336
1350
1346
1347
1364
1348
1344
1351
3803
3801
6396
812
3427
5715
875
1668
6469
5909
1674
1548
6468
2444
4792
796
6007
3795
3788
3787
3808
2113
1971
664
6103
501
5395
3571
4746
1980
4303
4010
6276
3905
2183
362
262
5883
1195
3749
5301
5625
4354
6528
6517
813
517
4199
2594
1334
6636
6032
1198
4842
1372
1373
655
3516
3677
3786
5774
6111
6455
6456
331
4914
1499
4022
4023
4122
4510
5409
5408
3804
4198
3806
3805
3797
4585
6131
4195
815
816
821
1560
5388
3707
3519
6133
6132
196
690
3878
4404
5165
3819
5410
3802
5648
6733
1690
1824
4648
5357
6590
337
2254
3177
3702
3935
1487
5288
5289
5290
5287
1352
3137
5347
6295
2165
1992
2538
5571
5040
2463
2462
6271
2459
1349
767
5104
2246
4995
3698
6020
5699
5697
5693
1808
1807
3701
3552
6134
6135
5166
204
5285
6108
2253
2287
1209
4196
654
2198
6228
6582
5413
818
3699
1304
3178
3181
3182
3673
3447
3067
814
6187
6188
689
534
4779
4781
4778
4777
4774
4776
4775
3798
3898
3076
2527
3711
3710
3708
1618
896
3173
2365
1628
2352
2399
106
2375
107
85
1182
2355
5191
120
1354
1353
3619
4719
4563
5656
6257
2166
2506
6759
3207
4780
4772
2148
6308
6036
6445
3709
823
6556
897
4204
3168
3456
6074
2059
6446
2450
5741
1474
6186
1682
3919
4809
5169
6770
6772
6773
5093
872
6775
6771
4282
6767
6304
6776
6768
6488
6769
6774
4080
6318
5449
3429
323
1045
261
5717
2330
282
898
899
455
6096
4518
4520
4517
4519
4516
4515
4522
4306
4130
322
6025
4244
4238
3208
5447
5884
6740
3547
3190
3652
2440
759
5683
4239
3402
4123
2251
6800
6061
1363
1362
2282
6537
3504
545
3110
4829
4827
6416
6507
3518
1939
6303
5716
6579
2427
1366
3455
4193
232
2605
5481
6471
5981
2074
6596
6379
830
3553
3389
3005
3189
3620
5445
998
6167
6171
3129
6729
6727
4820
3943
6731
3922
977
6437
724
2425
6174
3605
3004
5110
5111
3942
6449
6034
6185
4927
1831
6145
2483
2439
2212
1359
1333
1395
5679
5138
840
1672
83
881
3209
4893
3426
5855
5856
6442
3474
6684
6211
6791
454
5458
6275
6190
5548
6778
3307
6243
4548
2215
365
3578
5803
2131
3812
6524
4899
6719
2987
4528
6748
6180
6747
4815
6730
3368
5698
6083
4768
4928
4119
6279
4209
4894
6567
369
979
5569
2084
2364
2081
2204
2205
2206
2203
4880
5090
401
2066
1993
1994
1641
1329
1042
974
982
971
6452
3636
3635
1680
6721
6305
1645
4264
5894
2056
6085
3128
6631
6288
6251
5500
860
1328
6480
3328
1909
1910
1911
4302
5329
5333
5339
5338
5336
5335
5334
2304
6095
2312
526
2276
1004
341
6569
5735
2091
4183
5882
443
4886
1418
6070
2271
775
711
2211
3637
518
3843
3844
3845
3846
3847
6056
1360
1361
1341
1342
6734
3937
1331
2199
6557
217
1339
6208
3396
5103
5506
5141
1358
1380
5461
2227
1183
1035
1503
4667
2476
5463
464
5205
466
4832
5739
4896
6709
4565
768
5042
3759
6045
4262
2114
2169
5047
6087
6749
4819
3881
3896
5677
5924
5978
6320
3144
3621
5421
708
4592
4981
5961
3435
50
1774
1775
1773
3363
1365
1374
1327
1332
3748
5180
529
378
4524
6090
3269
5711
3142
6248
1631
6236
6237
4514
371
1326
5350
6784
1931
6642
2342
6401
2067
1796
3956
5045
3398
2618
334
4763
5654
1799
3038
5286
3203
2334
6078
6079
6080
6065
4521
5113
4310
5370
5296
6216
5425
5755
3924
5199
3075
3372
1779
773
5196
5195
6491
1384
4086
1987
1772
2047
3395
2552
2553
4496
6008
1382
1343
1383
1379
2164
1340
1959
2997
3745
1148
4534
1335
6440
4025
3592
2136
778
1263
2201
4550
1587
6367
38
426
4504
4697
4695
4700
4699
4698
4208
5549
6701
4735
4002
2548
493
1152
5645
714
6783
5023
2404
32
2392
2210
3627
2294
791
792
790
3525
5054
650
5049
5048
5053
3384
701
3106
1970
2207
5672
5671
5050
5792
649
5179
4922
2252
554
3183
3292
3293
3296
2126
2125
2124
2119
5055
3204
4564
6285
4662
4597
1814
2382
4011
511
3897
3584
5618
6755
3863
769
5898
4817
5485
2615
5343
390
6542
981
5384
5723
234
5594
6722
5364
6716
3463
4942
4220
5293
3950
3873
5188
5192
5186
5187
3133
4962
4596
5224
5703
4712
4979
2129
5052
5051
6019
5032
5462
2573
5022
5021
5033
5034
5035
5201
5200
2616
5020
5897
5019
5026
5025
5030
5029
5027
5024
6584
5036
5016
5037
5039
6715
4593
2620
5031
811
2464
2592
1955
4279
62
5218
4649
3623
2994
4188
973
6006
5450
5750
6075
3422
4960
404
3606
4622
3583
4233
3541
3125
5914
703
4970
428
6587
807
3569
6632
3092
5015
5197
6479
5017
1964
3201
5028
5655
2097
5210
5991
804
3545
3543
357
5675
2118
6453
293
6439
4276
5756
4881
5522
3225
1237
5980
1661
2564
2562
1504
3134
2433
2461
6113
0
456
771
6069
5369
2533
5587
3165
5085
4785
4530
3860
845
3040
716
1430
4274
4925
782
6206
4252
553
3416
4630
4242
2153
3544
4131
4505
4506
2579
3997
5960
707
3044
5038
5063
4883
1044
2272
6062
3136
3238
1925
3070
1874
288
3689
5147
5144
5142
5018
4536
3020
6063
2578
5094
3272
500
3217
3033
3078
1242
1239
1240
1241
1243
985
4640
5316
1224
5733
6665
6662
2123
3407
5328
1199
3254
1458
87
3480
1203
3483
3482
1217
5330
4291
2547
5509
3576
4844
407
808
431
6638
19
3612
1222
3611
5556
6165
4186
413
3211
1920
1255
1253
1021
1254
1250
1251
1256
1249
887
3034
2277
6084
1252
4704
1033
1247
6572
2295
1246
3007
16
1675
4099
3460
1933
3567
1940
3135
4257
122
5734
1186
5946
3506
6698
522
1216
52
5945
1227
3556
1936
2507
2259
5119
139
1818
4365
1973
406
6046
5073
5156
128
3083
5448
1830
3145
6082
6428
1028
3258
6398
2535
6655
6192
4907
316
6191
3944
1873
3107
2537
3143
1477
1926
1881
6669
5605
848
4364
4363
4360
5943
6573
999
3218
3215
3226
6039
5204
978
980
983
3370
5181
6519
3216
6247
6441
1117
5742
3579
3555
2088
2311
810
6392
1478
5476
4304
6200
6201
6467
4572
1795
4180
1338
1325
3524
6366
4588
4589
45
4591
3111
2181
6273
5080
5079
2505
919
2111
5194
1812
3655
4627
2590
5363
4361
1244
1761
3138
3271
3127
3213
4805
3654
37
41
6136
4362
6137
2186
525
4191
4169
6001
836
233
4539
363
6117
5757
2270
2115
3744
1493
6414
2358
5453
805
3492
3365
3227
2426
1908
3126
4490
2273
806
3418
6009
4494
1185
1381
512
3300
5184
1650
5185
4013
665
4194
4482
4337
4338
5056
6292
270
4197
2197
343
1238
3515
3925
5457
6728
3123
3230
2586
2156
3240
5070
6249
4654
4483
458
3410
6738
4549
5962
6478
6289
5491
515
6282
4501
5182
3999
3957
3839
3840
4112
2549
3331
4546
1014
5356
5221
4344
1150
1151
1147
1153
1155
444
5123
3339
6209
423
5092
1196
5637
2085
2606
6307
460
445
446
5550
4559
109
3479
6703
6220
6384
4583
3580
651
3241
3417
3228
3233
5337
435
3367
3373
3366
5332
4611
1809
6118
6119
181
4108
2138
4929
448
4221
1043
5688
4016
4856
6476
3229
4176
2429
3103
2389
364
2290
677
6601
3019
3590
3414
3282
2495
5519
4359
5901
2577
3481
3012
2080
297
1949
930
744
5460
3520
1213
5117
2245
732
5486
2609
4694
3851
1687
3150
99
5098
2409
4628
2077
4629
4608
246
1226
5507
692
4270
4335
6314
1013
1986
3478
2582
1792
2591
5911
3334
5065
1884
4229
3906
2567
2568
2570
1248
3557
1539
675
2526
6301
4848
6518
3895
4345
200
1191
2603
3927
3855
2320
6031
6551
6357
6030
5581
4562
2157
2149
2395
1039
4290
2503
3082
3087
2249
1784
2247
2257
2101
5064
2173
1892
5640
4286
3959
6710
4947
6552
6548
910
6664
731
5730
2561
2560
1050
5727
2566
2565
1041
1165
1166
5429
1167
1188
1164
4980
4285
3015
1051
1049
1054
1053
2569
3618
3335
3794
3529
3530
3527
4603
2598
1648
1052
1549
3566
5890
5888
5889
3333
1893
956
3231
3589
79
6438
535
1486
5340
3560
383
1225
6754
4143
1526
1916
4839
4253
4269
2418
159
1422
3234
434
5887
2332
5967
6457
5976
415
1055
3539
3523
2134
3528
4961
3537
3526
2001
4254
1369
4346
4348
1425
541
520
5642
5641
5639
5643
5638
5635
5634
3469
4525
674
1475
6375
4207
244
739
3489
688
691
6121
853
6193
1681
4898
3487
6356
5546
6106
3121
527
3280
3281
3286
3894
3810
2110
3521
1915
1914
1337
4104
2349
2082
1048
4017
425
1888
3112
5886
3542
1816
5470
3
3531
3535
3536
3538
3540
3298
3835
3836
457
3784
3252
1206
1842
1617
1040
4674
489
73
4293
3122
2301
1208
3915
374
4266
3902
774
3420
3421
873
3094
2386
3352
3909
559
157
3867
4560
1788
4744
537
1417
5081
2576
135
2575
2260
6088
396
4106
907
4983
5595
2630
252
747
2073
3058
93
3986
1423
942
5910
3124
6711
4149
5920
1368
3658
3811
4100
3887
392
4729
131
4206
4804
4273
2083
4158
1056
1869
1937
3236
3235
1654
4009
662
5895
5896
6539
3475
4566
3486
4139
4888
3351
3353
3893
4644
4172
4173
4166
5955
2554
4769
3522
4170
6316
4157
2460
5892
1890
3431
4760
986
36
521
3597
368
5222
3572
3055
5636
48
4006
1977
3065
3037
3988
673
4133
2122
4998
4802
449
4573
3946
5373
1386
212
3459
1828
4330
2524
2523
4314
2522
4317
4352
4351
4318
4350
2517
4343
2519
4311
4340
4320
4339
4313
4322
4332
4331
4324
4329
2518
4312
1670
3870
3869
2574
2572
3757
2557
2511
2556
2512
2513
2515
2510
3613
2516
5134
4822
1220
3503
3501
6016
1012
1375
4641
1845
1952
195
3892
1656
4668
671
4683
4679
4682
4688
4689
4675
4676
4691
4670
4692
4677
4684
4681
4686
4680
4678
4685
4801
3453
4669
4687
2152
2587
291
3472
2328
243
268
1835
1642
738
3008
5695
852
5753
3274
1882
2346
4
734
736
82
3253
4152
4298
3239
1154
3035
325
540
3176
5658
2011
3574
3880
372
4823
3494
5412
2366
5802
4115
1626
3297
2452
3984
203
6798
6797
6526
4297
3828
1181
5400
6144
2344
2412
2411
2413
389
1204
377
4336
1951
1378
2414
3295
755
421
3175
427
2491
1400
3205
1941
1002
6222
6223
6224
3336
1501
2234
2010
12
6242
2536
3507
6035
155
2049
6147
4141
5451
4647
754
3586
2325
6311
3305
3237
307
1505
4400
1190
5387
2061
3837
1476
177
3285
2445
1766
1885
191
1841
6796
4965
6417
831
2391
3102
749
4249
3499
3364
3381
3242
112
5106
3371
3904
5692
1482
777
3931
163
6400
370
5484
220
1691
542
4301
4140
3561
4347
224
3088
1180
5689
4847
4846
5183
5152
5149
2363
388
720
5790
5789
5787
5786
5785
5784
5782
5780
5781
4127
3104
3949
4226
6633
3995
1879
1489
1370
2130
5657
164
5597
186
2193
3983
3554
5598
3766
3760
2225
2588
1392
5083
2458
3259
3832
185
3976
3558
5193
510
5407
975
4703
4855
3376
2504
4077
92
2385
5691
6146
2306
6393
835
967
834
966
963
964
962
965
2531
532
5732
4868
1211
5097
4004
5783
189
916
6735
6736
1007
2378
1047
826
5150
2208
1601
5904
5903
5902
4743
2043
2326
3288
3248
6707
3430
4334
46
6799
3780
5504
1837
2581
3830
1401
290
2314
102
508
2991
2990
42
3498
972
1030
5420
1552
2154
1660
2443
3573
737
3994
543
2550
133
1894
837
2595
3002
5736
6474
5777
3761
5392
3656
5140
5913
5170
5133
335
4319
2514
4321
794
1840
2530
1847
4932
4877
666
2132
264
2009
4806
3166
5136
305
968
2231
88
658
3928
2230
330
245
5391
5393
1408
1377
3495
1419
4132
441
1406
3048
657
1437
1436
4725
2232
4114
2184
2489
1175
339
1561
405
3866
984
1907
1179
4107
121
3068
3978
180
2068
5687
4887
2233
3085
2534
3577
2013
3871
2284
3985
184
3755
1411
1320
3347
1201
3441
3053
5615
4479
779
359
3493
959
271
6002
4964
1435
5541
4342
467
5583
4982
781
3174
4513
3496
5107
187
3206
3147
5096
4178
289
1409
1862
1580
3485
1564
222
3375
468
4828
326
4150
2002
5778
2408
941
3484
2416
3868
255
4708
2457
352
718
5044
961
2155
4341
5359
1371
809
4509
1494
5158
2502
6
4495
6054
5404
3162
1989
4626
2192
3913
4102
4008
130
2158
2159
3379
3920
1651
5846
5853
5848
5854
5852
5851
5850
4323
800
2117
6490
3509
2062
940
3244
2585
4493
2292
1891
1768
1913
263
3833
1396
3392
6506
1899
5849
3747
3752
4869
4113
1921
709
5788
799
182
2405
1321
2280
1804
1922
2499
1838
4707
295
6181
6182
4590
817
4255
4950
1193
1553
6409
2217
912
5124
544
1872
3511
5664
4551
3610
403
2497
4500
39
3513
3464
558
5151
4000
1685
3264
5758
1854
2551
3388
6047
1156
140
2127
669
3409
2448
3488
2455
151
6403
2500
3624
4223
3089
4581
2079
2479
2619
2544
4580
645
2345
1695
1997
3564
6555
1996
90
3249
3074
5989
1867
2053
2520
2415
2430
2410
1588
2361
4184
1630
1954
2268
60
1184
442
146
4811
6558
2558
1693
319
3603
4225
2614
2613
2599
1769
4874
4507
4637
3432
4739
2258
213
5631
3948
4635
136
842
3500
6260
6018
2434
490
440
3993
2496
2388
1822
2466
1460
2542
2540
4656
871
894
1115
1655
154
3159
3160
3157
2144
3097
3502
4963
2224
2593
6365
2219
1957
4582
661
6577
1450
1451
236
1020
89
960
5879
2601
5514
6617
4154
832
5101
5102
1667
5582
1657
5466
3457
429
3903
147
5906
6682
4861
1764
6725
4167
892
3155
6697
3570
2498
1771
5814
3057
1800
453
569
566
568
551
567
570
562
563
274
4741
761
868
1157
1111
1006
4587
2541
338
4595
2051
5089
4584
4136
516
3831
4538
4326
687
4165
1658
1639
1016
3973
1473
3318
6168
4937
55
5768
3289
5313
1555
5769
4215
565
6692
1005
6742
2054
3704
1415
1803
3411
391
138
4137
3284
1219
3791
849
552
2473
4353
1960
2529
2492
561
6700
3771
2543
4231
4230
1880
1821
3601
4228
152
4211
1649
4168
3975
2089
58
1449
1810
6141
4145
414
797
5562
1114
4511
125
4594
5666
1455
1481
1483
2309
1454
1448
4561
3790
4142
1018
3972
549
3962
3974
1432
2235
1815
723
4658
3406
548
1541
2359
1929
3634
4153
1589
5552
206
564
1662
3967
3963
3964
3965
3968
3961
31
3350
3970
3344
3346
3996
3971
699
4164
3342
1367
4316
78
74
722
422
1647
2559
3000
410
324
1025
902
1848
676
735
3442
4144
132
209
1356
850
795
1162
5908
17
1112
3180
742
2323
3377
3979
1109
6126
6124
6125
4771
3933
2431
2369
61
3683
3799
1943
4315
153
114
6042
706
4646
2362
741
3969
3966
4711
550
424
3575
437
2407
300
1357
2322
137
4135
3980
165
80
3680
1659
4733
4001
4236
1221
1696
882
958
3958
1802
668
729
3301
879
3767
183
494
4737
784
1027
3505
70
3491
3998
4852
251
4642
5561
2223
1875
2347
1176
1177
1113
1942
6497
4074
1592
1620
1619
2065
660
6142
6143
2237
2238
2236
6112
3982
2400
1981
1178
1038
1107
495
6496
4657
1820
496
5905
1407
3682
557
4732
1865
1037
750
3987
34
4126
1889
1886
4151
75
908
2064
1969
3622
680
911
3977
4540
4579
1984
3317
158
1849
1684
4786
839
1780
3681
194
486
969
4147
3953
2239
1116
2218
503
1163
789
3059
4138
1692
207
1600
3425
148
3981
844
4146
1024
2474
3991
3989
15
235
450
1218
1105
798
100
1158
3512
1871
1104
3338
505
198
18
221
4161
4162
4156
4155
3910
242
1391
115
59
2151
1106
3115
3990
145
751
5907
3514
3316
1919
2351
258
3315
4885
3320
149
3049
193
672
275
3090
1923
4159
1022
77
2343
5570
2162
1930
1918
127
3751
6475
6122
1554
4745
5795
2266
2265
4079
4078
4954
4076
5800
5793
3114
4111
1644
4163
787
223
1046
509
3313
47
192
1932
3319
241
1863
53
5139
1174
2545
3091
678
1556
681
327
538
249
4484
5248
1785
5566
2713
833
1522
611
581
4263
929
63
1632
1433
1558
5231
1653
764
3192
1683
1801
5799
1459
162
4487
4486
4488
5241
2327
5794
5797
1877
215
308
3232
629
273
4951
4952
4938
936
1786
218
1110
3349
3345
530
2160
2005
4117
656
1015
785
35
393
1234
1230
3314
471
1231
1229
4333
4327
304
367
360
580
5796
156
880
2213
11
1917
168
294
1324
524
2289
915
5661
1568
772
4953
3050
2174
104
240
934
1452
1613
172
4920
5660
1861
2468
5662
1896
283
1456
2103
1457
4089
1428
1232
4956
4101
1017
939
1868
1853
1233
667
3312
3684
3321
3323
312
2
5686
3354
670
329
276
4003
506
841
280
472
2228
909
3443
71
277
1537
928
1852
4005
4955
438
4181
1011
86
1697
1390
1805
1171
4969
4783
1586
1527
1624
555
573
1876
2261
921
3666
1855
4093
1235
1928
4098
5435
3663
117
4094
179
4866
3664
1434
1536
547
287
1593
1595
1598
5434
725
167
1864
1010
1870
914
3322
96
913
3849
1009
387
170
1858
4968
945
123
3197
1857
6338
938
586
385
4892
6330
5260
409
5253
419
4710
5257
1817
3660
1594
1597
1599
399
1453
3193
475
97
3848
4971
5228
5250
3938
5249
5236
7
3926
5237
4967
4770
3095
5229
3198
309
937
5812
384
613
5536
5234
5238
411
3188
1851
336
5235
6346
6342
3185
6332
6339
6334
6341
6333
4872
6343
6331
6345
6329
3195
6328
6327
6326
4782
6325
6324
6323
6322
6337
6336
6348
6344
3369
6340
3199
6335
6347
5099
587
171
2525
5240
730
4491
3659
2321
473
4492
3662
1883
3436
1912
361
10
5232
98
1905
3661
1850
5242
2999
752
753
2709
381
1200
1572
1573
1567
5252
412
210
5243
356
5255
5259
5245
5258
4900
5246
3433
513
2469
3324
175
5227
5247
5251
5256
64
49
5254
4097
1099
418
250
103
5244
3046
3434
5261
5233
1574
1559
1582
1023
1570
1566
5273
1944
2746
1520
2220
1525
1506
2785
2787
2786
2791
2789
2790
2792
2793
2794
2795
2788
2784
2844
2783
2853
2852
2851
2850
2778
2849
2848
2841
2847
2846
2845
2780
2781
5239
3665
5268
2808
2761
2762
2836
2835
2834
2763
2764
2833
2832
2765
2831
2830
2829
2766
2837
2838
2839
2760
2652
2651
2749
2750
2751
2752
2650
2753
2767
2649
2755
2756
2757
2758
2759
2843
2842
2840
2754
2828
2768
2827
2805
2804
2803
2802
2771
2801
2800
2799
2798
2797
2796
2772
2773
2782
2774
2775
2779
2770
2806
2807
2769
2826
2825
2824
2725
2718
2664
2663
2717
2662
2661
2716
2660
2659
2715
2723
2657
2656
2727
2953
2655
2654
2653
2728
2665
2729
2666
2668
2724
2722
2721
2679
2678
2677
2777
1524
2720
2676
2675
2674
2673
2719
2726
2672
2671
2670
2669
2667
2731
2658
2712
2819
2818
2817
2816
2732
2733
2734
2735
2748
2815
2814
2705
2776
2813
2812
2714
2811
2810
2809
2747
2745
2740
2707
2708
2821
2823
2820
2739
2706
2822
2742
2743
2744
2741
2909
2910
2911
2906
2904
2907
2905
2912
2903
2902
2901
2900
2899
2898
2908
2913
2919
2915
2932
2931
2930
2929
2928
2927
2926
2925
2924
2923
2922
2921
2920
2897
2918
2917
2916
2914
2896
2891
2894
2872
2871
2870
2869
2868
2867
2866
2865
2864
2863
2862
2861
2860
2859
2858
2857
2942
2701
2963
2964
2965
2966
2700
2967
2968
2969
2970
2971
2972
2730
2699
2698
2895
2736
2893
2697
2892
2737
2890
2889
2703
2888
2962
2960
2940
2939
2938
2937
2936
2935
2934
2933
2944
2945
2946
2947
2948
2949
2950
2951
2952
2954
2955
2956
2957
2958
2959
2961
2941
2887
2696
2974
2975
2976
2686
2685
2684
2977
2978
2683
2979
2682
2681
2680
5820
5817
5818
5819
5821
5822
5823
5824
5825
5826
5827
5829
5830
5831
5832
5828
5840
5834
5835
5836
5837
5838
5839
5844
5841
5843
5842
5833
2981
2856
2980
2983
2982
2973
2855
2854
2874
2873
2984
2943
2985
2690
2711
2710
2704
2702
2695
2694
2693
2692
2691
2876
2689
2688
2687
2738
2877
2875
2878
2882
2883
2884
2881
2885
2886
2879
2880
1627
5816
5845
5394
3960
5531
5532
3667
5226
5217
3669
5275
5277
5270
5281
5269
3672
5276
4901
5278
72
5100
5230
3668
5271
5267
5265
3671
3670
1402
1416
5264
1866
400
459
5225
5
1542
1550
1519
1517
1518
1442
5272
5280
1551
430
386
5266
1403
452
199
1565
1860
126
1438
1688
1596
5274
301
1859
628
1547
1546
1516
1616
1615
1612
1530
4189
4765
315
5263
5041
3490
5439
5438
5440
5436
5437
5279
3907
5262
5433
3908
3255
5441
5282
380
1507
1511
1515
1844
1421
1778
1843
328
780
313
1512
1669
1689
311
1513
1903
1935
14
310
216
105
3517
208
504
1562
4096
1514
1590
1591
1602
237
1585
1510
13
1563
1509
1528
1621
863
862
2226
1625
1173
1611
1906
1934
2167
1523
1902
1
1172
278
1904
846
354
924
108
166
474
1385
355
748
1583
1584
1622
1623
1610
923
1529
1637
1635
1638
1634
1636
1603
1604
1605
1614
1606
1609
1608
1607
160
1557
292
161
1569
1575
286
1571
373
1576
1578
1577
2635
584
582
638
578
585
583
630
1581
2644
2641
350
2634
2633
2637
2639
2636
2645
1579
2222
2221
169
1534
1535
1545
1543
1544
1445
1472
1444
285
1440
2229
1464
1439
118
8
1538
1441
2629
864
176
51
1443
1447
1508
351
342
2628
2627
2624
279
2128
2640
507
1479
346
345
2638
2642
2643
2626
344
2625
1467
349
116
1484
347
900
1533
1531
1532
3303
3302
3304
721
317
269
3265
935
173
3687
284
1462
260
463
1431
4109
1470
1469
1471
1468
1465
1463
1461
1466
124
920
1446
408
174
353
420
2150
57
2300
3214
202
141
144
142
143
2303
610
29
728
6351
6352
6353
6354
4996
4997
5000
5001
28
1646
33
2302
178
2042
606
593
596
598
478
1286
1257
1285
461
602
603
1008
485
479
2015
482
2016
462
641
595
614
601
605
608
609
612
572
481
2034
2037
2035
2027
2026
2014
2039
2017
2019
2038
2023
2024
2018
1319
2022
480
2030
597
476
2036
2031
477
2020
2025
1323
2040
2032
483
2021
1300
2041
2044
1643
27
2008
2029
536
2045
484
533
20
21
22
2006
2007
23
2012
190
24
25
2033
26
1283
1282
1281
1284
1314
1312
1311
1313
1272
1296
1290
1292
1293
1294
1301
1269
1307
1274
1273
1271
1308
1187
1266
1265
1276
1268
1267
1259
1309
1310
1306
1315
1303
1264
1302
1316
1277
1275
1317
1297
1261
1260
1262
1291
1270
1278
1287
1258
239
238
1298
197
1299
470
727
1295
417
416
228
5925
3632
3763
3003
4621
4618
5926
6364
5706
6560
6231
2109
5592
5705
5012
3594
2095
5678
6225
3151
6229
6150
5342
3148
3550
6650
6648
1067
1069
1086
1088
1089
1063
1074
1070
1076
1087
1075
1073
1059
1064
1071
1068
1072
1062
1065
1081
1060
1066
1189
1085
1090
1091
1092
1093
1094
1061
5731
5725
5728
5307
3118
1743
1741
1739
1745
1746
1728
1755
1078
1084
1083
1405
1080
1082
1710
1079
1702
1711
1707
1706
589
1735
1736
1716
1737
1758
1759
1734
1717
1718
1731
56
944
1122
188
1132
1121
340
1120
951
1123
1124
1133
1128
1131
1125
1119
1127
1118
869
953
1135
1748
1744
948
1130
943
1129
1701
1747
1749
1750
1751
1752
1753
1754
1760
1757
1700
653
1705
523
1703
1756
1742
1712
1289
1713
1714
1715
1719
1720
1721
1722
1723
1724
1725
1726
1740
1727
1280
1730
1738
1708
1729
1709
1279
1732
1733
1704
646
1288
1145
1159
1134
225
1136
950
382
1139
1140
1137
949
947
954
1101
67
1102
952
955
946
1146
1019
1138
488
1096
1100
487
1141
1161
1160
1098
1097
594
592
607
618
600
604
599
591
1144
1143
733
615
906
904
905
1126
1095
903
715
1036
1034
901
6647
6100
6625
6627
685
6202
4604
4278
5969
2337
6099
5575
684
4613
6238
5576
4367
1998
590
4070
4050
6696
6107
4632
6098
6097
6691
6690
3565
6101
5381
6527
5383
5162
6151
2102
6153
2106
5939
5938
6425
5003
2121
6463
6256
5292
5305
6635
4940
6626
5209
6624
6623
6658
6622
3641
3643
4179
1966
6604
6603
6602
2406
6028
6029
3251
3250
6053
4871
4870
5291
4749
5306
5609
3609
3861
5608
4296
6215
6312
4048
5533
5534
4702
4701
1776
1777
5511
5512
4072
855
4065
636
627
4055
4615
5729
620
4064
632
635
623
4061
624
3400
642
4059
465
4063
622
2142
2141
626
3891
4058
4071
4046
631
621
4036
633
625
4049
5726
5168
5674
3450
637
577
619
4060
4027
4045
4057
575
4030
576
634
4614
4034
6609
6218
6580
3823
6214
3451
230
68
3629
2168
3532
69
765
2453
4053
451
3534
4052
617
644
588
616
3533
2989
4054
4028
4029
3890
4047
2367
3105
2175
94
4068
4067
3695
4073
3247
4042
3139
4044
579
4062
3246
4051
4026
4043
643
1108
639
574
4069
640
1318
4014
4035
4040
4037
4038
4066
4039
4032
4031
4056
4041
4033
3824
3825
3452
6464
5673
6068
5970
925
926
30
6259
6261
933
927
4395
6263
6264
6258
2992
2993
4451
4372
4387
4470
4412
4413
4414
4415
4416
4417
4418
4419
4420
4422
4411
4423
4424
4425
4426
4383
4427
4428
4429
4430
4431
4421
4410
4378
4408
4377
4376
4375
4374
4373
4388
4389
4390
4391
4392
4393
4380
763
4396
4397
4398
4399
4386
4381
4432
4382
4406
4379
4409
4407
4434
4384
4457
4458
4461
4447
4448
4449
4450
4452
4453
4454
4455
4456
4459
4460
4462
4463
201
4464
4465
4477
4466
4467
4468
917
4469
4472
4445
4444
4446
4443
2267
4385
4433
4435
4436
4437
4441
4442
4438
4440
4439
4471
3700
571
5376
4600
6689
3117
3119
5377
3120
3705
4599
3703
5444
5171
3934
6265
4601
859
2996
1950
1953
1948
856
1492
2995
861
2147
2293
3170
1228
5518
3172
3169
3171
1664
1663
2146
3454
5127
