44
331
285
259
81
330
43
332
329
286
40
283
326
47
289
48
290
327
288
46
293
51
335
260
292
257
336
52
50
334
263
296
339
55
295
264
56
340
54
338
267
59
299
343
58
268
300
344
266
298
303
62
347
302
61
348
346
270
306
65
271
307
66
305
64
69
310
274
351
273
70
352
311
350
68
355
314
73
277
72
278
356
315
354
276
280
281
318
359
76
77
123
360
319
75
82
153
79
78
80
322
323
85
363
321
424
110
364
324
362
88
367
87
366
342
91
370
90
369
358
373
94
93
372
312
97
376
96
375
317
100
379
101
378
83
220
382
104
103
381
107
385
106
384
308
111
109
108
261
262
114
113
388
387
112
391
117
390
116
115
120
119
394
393
118
124
122
397
121
396
400
127
399
126
398
403
130
402
129
401
133
406
132
405
131
136
409
408
135
407
139
412
411
138
410
415
142
141
414
140
145
418
144
417
143
421
420
148
147
419
425
423
150
151
149
154
428
427
156
426
157
431
430
159
429
160
434
433
162
432
163
437
436
165
435
166
440
439
168
438
169
443
442
171
441
172
446
445
173
444
176
449
41
256
39
177
450
448
175
253
252
254
453
180
36
454
181
35
37
179
249
457
184
32
33
185
248
458
250
183
188
461
245
29
246
189
462
28
187
460
192
465
25
242
243
193
466
24
191
464
469
196
21
239
22
470
197
238
468
240
200
18
235
236
19
201
199
232
15
198
14
231
233
16
204
205
203
11
228
202
227
10
12
229
208
209
207
224
225
7
221
6
8
219
223
3
212
216
4
211
215
0
217
214
213
472
473
1
499
451
476
496
475
497
195
493
479
494
478
26
482
490
481
491
456
487
485
486
488
484
31
