39
169
40
87
172
85
173
81
176
78
6
82
88
5
2
3
179
91
180
92
183
76
184
95
96
187
188
99
100
191
192
9
10
72
73
75
70
29
26
28
32
102
33
105
210
106
42
35
204
43
207
209
201
47
46
127
50
197
51
57
198
195
218
196
158
213
214
155
217
160
221
163
67
164
167
166
151
128
66
153
61
60
54
56
63
64
53
55
0
150
247
25
133
246
130
131
135
243
244
242
238
138
141
139
143
145
146
147
236
237
233
232
230
228
225
227
224
223
109
13
110
14
124
113
123
114
117
120
24
17
18
21
122
19
156
23
239
118
206
203
80
77
193
103
216
199
116
171
86
121
69
36
137
154
111
98
134
30
107
108
182
22
190
235
15
220
185
94
162
49
11
175
126
148
212
211
90
89
241
177
7
