84
162
2
5
48
154
161
224
92
215
33
45
28
30
25
61
22
23
142
246
122
121
191
182
117
94
72
40
109
231
243
71
96
32
16
39
41
149
42
47
49
26
202
101
204
35
91
177
88
97
95
64
100
85
102
83
86
80
55
148
77
151
145
138
155
150
156
158
201
164
166
128
78
175
170
179
181
180
183
184
54
227
53
27
21
105
29
106
110
111
112
115
116
118
123
219
217
73
127
218
129
213
214
194
17
195
208
236
209
235
238
206
210
239
20
172
242
19
248
15
13
36
249
10
8
250
200
4
0
198
9
196
74
75
67
68
65
62
60
228
232
56
233
7
82
59
223
139
140
220
132
131
124
136
188
187
189
185
167
169
134
126
173
176
66
212
193
222
133
163
230
207
174
107
144
226
197
119
57
50
11
1
152
241
98
245
