64
166
210
179
47
161
119
218
188
33
50
194
225
224
181
164
207
45
36
37
156
155
130
100
0
135
76
29
143
232
115
56
20
96
15
87
11
175
126
60
110
148
139
41
72
214
204
203
104
103
3
4
185
184
84
247
191
79
197
53
235
67
160
131
28
16
222
219
114
24
144
7
73
111
147
97
42
95
244
242
40
125
116
61
240
238
132
27
151
215
157
21
129
226
153
32
231
109
172
178
169
57
88
120
140
19
136
138
14
8
124
248
167
82
245
173
65
85
80
105
209
195
159
202
59
205
78
128
220
176
234
233
55
122
154
75
236
237
227
117
94
150
49
71
146
68
34
108
142
171
44
39
199
229
113
162
26
89
98
92
134
31
186
216
22
52
62
102
13
18
192
213
10
1
189
190
183
182
5
