249
60
61
247
2
64
117
3
65
6
145
234
116
114
9
171
10
120
121
13
14
124
211
17
18
128
129
127
195
132
133
21
22
172
168
25
26
110
167
113
164
175
163
176
160
109
104
69
101
70
105
98
97
108
94
243
93
91
83
90
86
239
216
238
235
236
214
213
56
220
219
55
222
210
223
52
51
73
74
207
206
204
203
77
78
80
28
48
29
47
32
44
43
33
201
41
232
38
230
35
191
229
194
198
226
225
156
136
137
158
178
190
155
179
140
141
144
143
148
182
183
149
152
187
186
184
87
89
154
246
196
200
79
153
202
244
241
240
68
67
0
106
227
75
103
150
166
58
147
62
72
54
197
36
159
119
84
208
82
122
138
30
39
99
134
20
174
162
233
217
11
96
130
131
189
50
181
126
16
15
8
46
24
