14
90
25
83
192
41
94
114
73
71
96
141
10
61
98
202
62
111
75
15
13
172
113
33
72
93
107
53
134
7
130
200
184
177
88
104
34
194
166
150
2
56
67
69
237
235
222
30
185
199
117
149
159
160
103
101
169
124
144
24
143
223
248
50
118
176
218
212
242
9
227
190
244
66
245
233
70
19
115
152
6
80
87
164
119
116
18
195
126
179
228
136
22
205
42
181
125
230
11
0
231
240
241
211
49
239
201
140
226
203
236
238
40
12
37
32
208
76
198
85
82
92
100
105
38
102
44
58
31
29
8
108
110
21
183
138
186
206
189
193
197
187
182
204
167
158
129
174
137
122
35
175
171
168
68
165
162
120
139
133
27
51
154
142
127
28
207
209
178
224
55
221
89
46
215
59
219
243
249
247
148
20
163
47
214
57
54
39
65
63
99
97
1
157
216
234
151
86
106
