405
36
91
345
344
404
348
341
33
35
159
339
340
39
351
211
350
38
352
86
84
92
10
88
82
81
79
407
80
95
96
94
76
75
98
99
469
101
72
42
104
102
43
41
410
411
105
409
408
78
414
108
413
14
107
11
13
18
12
15
111
417
336
8
416
19
268
338
334
7
112
110
4
420
22
5
1
23
21
419
26
25
423
335
337
456
29
28
369
346
32
424
31
30
45
46
48
114
115
459
49
51
462
118
458
210
52
463
455
119
55
466
53
54
465
470
468
452
58
122
451
59
123
121
453
448
473
62
126
449
474
446
63
127
61
477
130
66
476
161
0
162
131
67
129
165
158
70
69
497
229
73
166
499
134
170
135
169
400
480
399
481
401
479
138
139
137
484
331
155
485
154
330
483
156
214
151
327
488
396
150
326
215
395
489
323
147
492
218
173
493
320
144
148
324
141
496
143
319
174
285
392
219
217
316
176
315
391
317
393
179
222
427
388
178
223
221
181
428
387
226
431
184
384
313
209
230
227
312
432
383
185
183
385
207
206
205
309
443
188
442
310
307
444
189
439
438
441
440
192
435
434
436
193
191
196
233
380
195
381
234
232
377
231
378
374
237
375
236
397
371
372
240
373
370
241
239
238
495
142
244
243
242
390
56
247
246
64
168
171
250
249
186
328
329
253
252
212
125
124
256
255
117
116
152
259
258
429
430
425
262
261
471
472
333
265
264
490
491
487
269
267
266
366
367
273
363
199
272
364
275
200
198
360
197
359
361
202
203
278
281
277
353
279
355
356
282
284
357
358
288
287
286
289
303
304
302
305
306
292
293
291
299
290
300
296
295
297
