122
115
114
121
118
117
240
126
32
127
239
130
231
131
236
234
235
233
229
213
214
212
210
134
135
33
30
36
37
138
139
226
225
227
222
82
183
218
219
221
148
26
27
25
23
142
143
145
149
53
49
50
54
56
57
59
61
46
45
41
40
42
243
152
244
199
63
248
247
162
64
66
67
69
70
21
156
157
161
160
165
73
166
74
77
78
81
79
169
85
170
86
89
173
90
174
94
93
97
197
98
99
102
2
103
3
6
5
9
8
12
106
107
13
16
110
17
111
190
195
194
196
191
200
187
186
182
203
204
177
178
180
207
206
0
1
124
144
217
155
241
146
129
72
216
201
44
172
193
104
141
39
83
60
137
35
109
154
181
24
133
47
189
232
164
29
19
168
96
91
176
76
238
185
209
125
87
15
246
