237
45
48
60
52
118
198
53
56
192
245
27
59
117
113
120
63
224
65
19
71
158
79
72
77
110
78
112
107
93
111
92
104
82
83
84
90
123
115
124
89
87
126
168
164
127
133
148
144
199
163
244
34
161
159
33
20
22
172
28
14
97
219
102
4
103
225
29
21
228
229
15
39
10
16
37
11
46
44
175
7
178
3
247
58
1
217
38
215
188
193
140
189
143
186
139
130
197
131
183
200
181
155
149
204
150
151
153
136
207
234
106
214
210
211
212
203
205
221
156
177
184
170
32
17
137
218
235
0
147
249
180
70
190
43
171
69
86
40
157
109
152
134
222
135
26
76
166
145
146
195
208
85
165
238
179
57
50
121
94
100
101
9
176
8
5
226
