232
135
231
233
138
131
182
139
132
177
129
180
176
178
183
173
186
171
126
187
248
190
160
191
125
123
122
120
119
117
116
115
112
114
164
194
195
165
168
167
236
198
199
237
203
142
143
43
239
241
242
244
247
245
145
40
44
109
108
47
105
106
49
103
52
206
219
207
53
55
56
210
211
59
74
62
64
63
214
67
215
68
218
70
73
71
77
222
78
223
226
227
100
81
3
84
1
0
4
99
95
87
34
96
36
31
32
39
90
92
29
28
7
149
152
159
155
153
156
158
8
9
12
25
24
22
15
21
18
16
91
89
172
37
144
20
45
48
201
61
150
147
141
170
212
196
94
35
146
228
193
65
111
200
136
217
41
220
79
60
76
86
181
234
163
204
184
101
19
27
189
98
10
82
208
174
225
5
