43
73
28
240
70
243
244
76
77
32
27
80
81
23
34
22
18
35
84
41
85
40
37
42
246
66
247
65
4
46
2
47
3
7
5
50
51
9
10
54
55
56
59
14
15
62
19
67
161
159
164
156
165
72
153
167
108
150
149
141
168
146
145
171
172
140
137
175
134
176
133
179
180
87
91
183
184
95
96
187
188
99
100
103
104
191
107
192
195
237
233
196
230
199
231
200
203
229
204
132
207
129
128
208
125
211
124
212
226
215
225
216
222
121
120
220
116
110
218
112
117
217
61
63
86
88
238
236
138
198
30
223
0
127
74
98
48
68
71
94
194
177
44
36
249
57
190
114
82
118
155
227
79
115
105
163
131
147
182
24
209
174
16
152
21
169
93
241
157
158
142
185
201
213
123
122
8
206
11
