99
119
96
122
100
101
126
104
127
105
108
223
87
224
225
0
5
120
79
8
116
6
158
113
45
7
112
114
228
89
91
229
93
90
19
83
40
78
77
174
175
247
149
134
243
13
33
11
12
47
41
46
169
16
17
231
234
22
23
235
129
26
130
27
236
30
34
182
39
239
42
51
242
50
58
194
179
64
181
53
55
59
63
210
212
209
67
215
68
216
219
72
135
73
76
133
171
144
206
141
168
145
81
147
151
165
164
154
161
157
203
136
202
143
199
193
197
190
184
189
185
188
124
155
31
246
160
218
54
52
249
187
74
102
201
94
106
57
71
117
70
80
138
204
118
150
153
163
191
172
220
227
221
28
230
123
110
146
66
25
37
211
21
38
213
196
176
167
60
62
10
15
240
208
238
