118
134
136
122
117
60
133
137
125
140
126
141
129
144
130
83
145
61
65
57
66
56
53
69
70
52
49
74
48
75
45
38
76
42
41
79
82
37
35
84
87
3
88
34
31
91
30
92
95
27
26
96
23
99
22
100
18
103
104
106
109
8
110
10
113
13
114
14
119
16
20
9
1
183
187
4
249
190
191
246
244
194
169
146
197
243
240
200
184
239
204
203
236
150
151
180
179
207
208
176
175
233
232
211
212
172
171
229
228
167
166
225
224
163
162
221
220
218
159
216
215
156
155
153
78
247
71
39
0
132
124
195
54
120
198
97
51
205
214
168
161
112
143
67
47
202
158
107
139
64
44
152
193
223
217
32
177
165
147
24
227
230
234
189
182
210
15
29
102
94
115
86
127
173
185
58
90
89
237
242
11
