125
126
127
128
132
69
116
133
29
173
130
131
136
246
248
247
137
249
150
138
2
4
26
3
141
135
142
140
144
145
146
149
107
147
30
153
154
31
27
152
34
6
35
33
7
8
38
11
39
12
40
10
15
36
16
14
20
19
21
17
24
25
22
23
44
43
45
87
174
48
49
47
158
170
157
169
159
168
175
165
163
164
203
243
160
223
241
178
240
179
180
208
183
242
184
182
171
172
176
156
53
51
52
54
185
55
187
189
188
191
193
192
197
195
196
199
201
202
58
206
207
204
59
60
110
56
63
211
65
212
213
64
217
68
215
78
70
66
219
218
94
220
224
225
89
73
74
72
77
76
80
81
82
83
86
85
91
90
95
229
230
96
228
227
98
100
102
103
105
106
111
109
115
114
120
118
122
121
97
209
93
92
62
112
237
233
234
236
235
232
239
