10
37
13
38
14
34
42
41
33
31
28
17
18
147
27
150
151
54
51
154
185
157
61
158
57
58
62
43
65
142
66
143
146
140
226
212
69
49
222
70
46
73
96
74
86
92
95
91
87
109
111
107
241
77
78
83
82
81
105
99
100
102
103
214
192
218
219
221
184
225
196
189
195
188
199
181
180
200
177
21
22
246
243
176
6
240
249
247
2
25
128
3
172
137
173
127
124
139
136
134
131
133
203
161
204
162
207
209
112
110
229
115
116
230
119
121
237
233
234
236
165
169
166
168
208
120
194
190
129
216
26
23
48
45
0
90
71
64
215
52
117
223
182
122
32
153
68
159
228
59
193
206
40
149
79
84
132
211
75
20
174
163
98
113
201
170
186
232
12
4
16
15
244
242
8
238
