226
191
129
46
68
69
169
0
61
143
120
20
12
5
150
185
35
44
171
56
133
237
124
179
222
39
78
139
50
232
87
115
108
107
213
94
206
201
175
248
196
31
146
64
182
23
84
127
162
158
219
59
229
228
54
29
207
90
119
13
77
1
70
73
202
205
242
95
247
188
100
53
112
200
93
36
216
111
186
40
233
121
140
118
195
28
138
155
104
81
178
65
43
32
130
47
174
76
212
149
8
14
168
166
223
2
9
11
83
98
177
66
245
181
203
109
163
88
241
240
161
234
80
131
159
128
157
173
218
126
113
63
153
152
238
239
224
75
96
51
148
71
49
230
145
37
116
190
142
122
184
58
194
193
86
27
199
34
197
30
135
25
221
92
22
42
208
103
215
15
18
17
106
105
3
4
211
210
137
136
6
