62
111
65
112
59
203
115
109
116
118
75
66
69
58
70
72
74
199
200
202
196
78
166
81
82
163
167
162
159
148
158
156
155
170
171
152
149
174
103
175
99
106
102
100
94
197
206
178
179
205
143
182
55
146
93
54
230
185
123
51
121
120
124
227
83
226
86
223
14
89
231
28
140
49
46
29
45
32
26
35
42
38
39
41
188
138
21
191
193
194
213
23
211
209
208
214
217
219
20
18
15
17
127
135
128
134
131
130
11
90
10
222
7
6
3
4
0
234
249
233
237
246
245
238
242
241
108
104
144
139
151
53
85
215
25
98
31
34
73
183
145
68
212
169
91
220
44
61
192
180
141
36
187
248
80
56
136
114
216
153
76
176
133
132
107
88
48
52
97
172
13
126
239
24
9
235
244
