23
68
145
216
74
103
37
169
116
32
35
87
126
132
45
90
51
80
178
17
14
189
202
41
15
58
125
221
96
5
123
139
121
50
173
95
86
213
146
149
13
8
10
12
207
21
54
70
152
71
29
179
175
196
187
69
93
184
102
117
233
19
225
165
164
64
170
167
108
215
115
244
84
231
81
16
242
94
137
42
112
56
106
97
30
219
183
206
57
48
107
245
195
77
138
140
236
174
248
79
9
78
49
40
222
120
53
232
101
141
127
190
243
2
227
197
75
47
161
148
208
237
100
88
182
246
60
185
247
33
31
11
147
36
234
205
91
62
168
129
166
155
180
150
61
153
211
220
105
142
124
223
154
204
193
1
0
6
3
249
239
172
181
111
224
119
212
188
55
110
113
92
122
65
85
135
83
130
39
20
44
241
240
34
24
198
67
218
203
163
201
134
226
217
228
214
176
157
43
158
192
191
27
63
171
114
128
76
66
210
143
22
230
131
118
