91
99
78
107
41
80
103
88
13
221
135
116
75
32
131
217
139
59
33
9
3
104
85
14
35
156
90
20
49
234
124
243
164
204
154
122
176
174
97
66
34
21
211
26
125
82
11
191
137
67
186
98
144
145
40
8
166
130
225
246
195
193
81
224
214
71
64
4
180
121
37
28
205
208
108
227
155
127
22
5
215
177
60
86
140
149
247
240
76
112
89
70
106
62
203
196
153
185
207
94
201
172
50
212
230
51
45
192
42
36
198
6
79
197
69
199
209
242
165
226
189
87
132
232
233
136
77
235
39
160
126
188
231
111
244
134
162
123
175
143
245
44
147
55
63
65
157
72
53
158
163
170
57
43
83
167
73
173
93
102
105
25
23
101
7
115
10
182
27
1
12
169
152
159
248
249
138
202
56
17
206
118
120
113
218
220
237
31
238
190
219
222
0
114
150
19
148
109
84
18
146
210
47
16
142
151
171
