14
12
54
51
123
32
34
112
69
92
94
113
111
231
169
39
17
85
108
7
157
45
9
71
218
16
24
53
201
213
48
42
47
50
129
212
38
119
75
100
232
206
227
211
88
204
180
109
77
74
33
98
121
19
11
134
49
81
8
64
197
135
237
149
152
155
127
167
161
194
46
70
101
166
97
190
104
159
176
141
107
244
189
72
137
13
193
219
171
168
43
44
214
26
6
10
131
132
224
192
188
191
215
143
91
87
249
246
90
73
185
200
57
78
207
181
115
178
67
242
82
125
234
15
139
162
3
23
229
86
209
174
233
150
230
226
225
223
220
118
21
56
52
36
146
133
199
68
20
29
22
27
248
99
179
144
241
222
243
240
114
65
247
103
110
235
221
238
170
130
25
250
18
173
172
198
164
195
160
205
203
153
210
208
40
120
95
105
136
84
66
63
59
62
76
138
151
147
165
216
186
182
0
1
2
4
183
79
93
28
142
175
117
55
126
145
124
