177
233
31
101
235
148
184
183
187
172
14
104
61
10
230
33
36
167
35
247
51
198
214
41
42
164
140
46
45
238
53
50
52
56
241
57
242
244
121
60
62
166
161
171
160
147
199
173
79
246
106
75
74
158
69
157
77
65
66
119
117
82
83
84
88
202
89
203
124
154
127
150
8
22
111
17
228
130
131
110
4
112
116
30
226
27
26
225
23
2
1
21
18
9
13
16
100
99
105
134
137
193
189
180
197
141
146
145
207
97
208
96
93
210
211
91
215
219
216
221
222
223
67
64
176
175
155
239
195
136
12
6
0
139
125
132
250
85
70
185
115
114
196
54
28
29
168
25
192
213
38
217
37
102
43
200
229
95
98
90
129
206
142
144
59
47
249
76
123
243
169
