177
2
5
120
227
105
16
39
166
171
11
160
210
110
245
24
42
236
124
68
221
116
78
85
215
99
93
28
153
240
129
58
202
49
35
188
194
231
149
64
206
136
142
81
75
74
113
180
174
96
224
46
191
163
61
218
8
185
102
101
167
235
157
211
15
17
198
92
145
128
109
106
244
241
249
1
168
119
237
232
82
34
139
130
91
31
197
36
230
148
86
50
135
205
154
65
14
150
214
125
20
25
201
57
69
71
123
121
207
209
83
97
176
165
247
179
146
204
162
90
80
133
158
132
156
173
77
127
220
170
238
108
104
103
151
73
243
242
228
216
88
51
184
192
225
63
48
117
144
40
45
30
140
37
138
33
200
115
67
26
19
196
56
55
212
233
222
189
13
22
187
112
182
94
10
3
60
59
6
