211
210
212
18
42
36
214
127
208
217
207
218
221
204
203
222
200
225
226
46
47
229
48
39
166
52
53
131
132
56
57
135
136
232
233
124
123
236
237
60
61
240
40
9
64
35
31
67
68
30
49
72
73
198
195
77
78
138
140
81
141
82
85
120
86
118
89
32
90
95
94
27
26
96
244
143
144
245
248
23
249
22
2
19
17
0
194
147
148
5
6
151
152
191
190
155
156
187
186
159
160
183
99
163
164
98
119
102
168
103
106
171
107
172
110
115
111
114
175
180
176
179
8
14
13
11
10
178
37
38
58
130
76
182
75
169
150
149
129
199
104
167
51
112
145
65
158
201
125
121
70
188
215
142
45
108
154
227
88
29
43
185
193
223
134
230
79
24
173
21
63
83
117
54
205
234
238
16
100
162
219
1
247
246
243
