483
484
123
124
239
487
240
127
235
238
278
187
128
490
232
491
231
233
275
229
228
440
279
494
280
225
495
283
184
442
314
286
181
441
443
173
179
287
426
446
447
175
131
188
132
106
135
170
224
425
148
221
136
220
176
151
498
429
191
437
33
499
436
192
430
433
147
432
434
149
154
144
145
152
195
196
155
423
2
88
3
86
158
199
85
82
159
200
91
202
92
203
205
398
94
108
206
397
208
419
420
209
421
422
418
415
401
105
81
97
102
98
109
137
414
101
402
411
479
100
410
167
407
141
112
140
406
113
405
404
70
215
166
476
164
161
163
218
217
160
212
116
211
118
473
7
472
6
329
348
330
469
10
456
34
468
36
11
244
460
462
461
14
248
76
465
245
247
15
79
365
75
251
369
370
366
252
73
72
367
255
69
290
289
68
256
258
65
39
373
64
40
374
259
328
325
452
351
43
333
453
451
347
44
334
354
324
355
352
353
47
358
337
344
362
359
361
48
338
343
341
340
342
339
51
52
30
292
315
293
29
320
312
27
55
321
26
319
25
56
22
61
21
272
59
18
271
262
296
269
297
268
263
266
267
300
309
298
299
449
308
304
303
306
16
385
378
377
375
316
381
382
380
394
386
393
391
389
390
392
60
62
58
57
63
77
171
168
80
183
477
114
117
119
121
242
243
496
345
350
357
0
198
214
216
249
331
412
413
222
139
110
104
103
323
234
335
318
317
427
274
400
96
95
90
260
261
492
438
194
478
53
178
457
177
310
156
444
445
448
466
38
471
470
41
264
189
190
372
67
130
282
126
302
31
387
142
185
294
388
49
180
182
454
50
46
174
172
45
384
463
475
474
464
19
363
4
5
364
8
13
12
488
