208
85
209
207
205
211
214
212
215
217
218
202
221
201
147
198
224
225
228
84
88
229
82
232
233
78
75
81
236
150
237
144
143
141
140
138
135
151
240
134
39
241
131
167
130
89
170
92
171
93
166
164
163
174
118
175
178
96
179
95
182
99
183
100
103
101
154
115
155
119
160
158
61
244
57
245
248
186
187
197
56
54
51
62
0
2
3
190
191
194
71
74
48
66
109
65
106
69
110
113
8
7
122
127
123
126
19
11
12
14
15
17
20
22
25
23
36
45
44
40
43
42
33
27
31
30
159
157
196
104
114
249
55
108
146
149
35
70
5
6
195
192
121
64
124
112
47
204
91
67
139
37
180
32
60
185
152
162
28
176
189
222
77
230
133
50
98
53
129
128
105
18
79
235
239
247
9
219
117
243
