379
108
185
109
78
102
167
383
188
276
20
384
55
173
112
174
13
113
114
348
192
62
347
117
388
389
118
291
352
97
353
103
459
99
393
92
392
471
204
177
207
176
396
98
458
210
397
457
90
182
87
186
93
455
462
287
463
86
213
163
214
168
466
30
143
147
227
467
140
305
141
469
309
217
286
150
412
283
218
148
152
310
136
222
279
278
223
225
156
137
292
228
157
273
201
271
200
160
294
295
196
492
473
77
277
296
494
73
298
476
477
72
79
190
409
479
197
413
83
299
410
88
417
497
69
68
498
418
482
66
483
61
487
184
304
320
8
249
391
4
327
189
2
408
1
253
246
269
3
6
266
16
191
268
135
27
132
58
104
15
377
12
131
57
105
34
380
374
21
452
451
19
439
31
53
36
52
26
436
448
447
35
128
358
442
445
443
127
359
433
432
124
49
264
257
122
48
120
342
259
260
398
263
430
362
429
363
244
428
401
243
400
365
403
407
239
369
311
366
420
370
421
399
236
315
39
232
220
233
424
319
46
425
40
318
44
45
240
41
43
323
350
427
28
343
326
339
324
325
338
335
330
336
337
123
331
333
332
334
162
161
159
84
82
91
165
230
256
96
64
237
303
180
470
10
495
255
499
153
378
490
301
387
385
376
282
107
328
406
405
354
416
321
419
340
234
202
133
434
435
138
209
404
211
212
272
215
216
317
316
431
206
411
422
423
195
116
115
60
59
453
129
130
444
172
50
56
54
51
193
126
71
70
308
465
142
274
275
461
460
284
355
29
312
440
344
22
23
24
356
373
221
456
219
288
198
450
449
438
437
484
480
481
360
121
252
475
474
179
242
248
