297
151
302
150
152
300
305
301
296
306
156
155
159
309
160
70
162
210
312
327
72
313
254
68
316
328
75
14
76
325
319
18
165
166
320
19
22
322
323
28
23
25
29
0
110
31
33
32
36
113
37
114
40
78
43
65
79
64
62
44
11
47
48
51
50
338
54
82
169
83
55
170
86
59
332
90
87
331
91
269
117
118
10
341
94
121
270
335
95
122
98
273
125
99
126
274
128
109
340
105
345
337
344
191
343
348
129
102
101
1
278
204
279
277
255
334
283
282
284
207
203
224
251
227
250
248
228
244
199
200
7
212
4
195
213
194
192
240
173
238
243
268
9
287
290
291
292
259
258
256
262
265
264
222
220
188
219
187
217
216
214
215
185
183
184
174
176
231
179
177
232
180
235
181
131
146
237
145
132
134
135
142
137
140
138
139
58
60
56
198
2
205
349
288
285
260
246
245
41
27
17
236
3
144
167
74
73
202
93
92
330
153
154
147
346
148
233
303
304
314
89
88
124
143
81
97
242
241
120
38
39
163
34
35
272
267
271
189
42
45
53
318
317
104
85
206
298
116
24
111
209
67
158
280
157
15
21
263
229
106
294
5
6
253
310
311
276
