44
41
205
3
99
17
79
11
180
20
155
25
141
67
146
23
198
199
108
229
96
34
106
111
114
112
53
174
193
227
49
2
185
1
4
249
10
9
8
16
18
19
94
239
238
209
140
63
138
145
126
164
136
43
127
54
246
97
221
5
116
117
120
121
125
78
128
131
132
247
248
235
245
244
80
82
169
241
30
240
237
109
194
91
226
124
107
234
100
233
179
232
31
231
224
222
173
86
47
176
167
178
163
62
160
182
64
159
154
186
220
197
104
202
203
83
208
207
153
90
98
89
188
71
77
135
13
192
70
189
65
217
84
61
56
58
52
51
46
26
24
36
27
28
35
32
39
42
213
214
150
130
148
149
75
134
211
215
191
101
55
175
66
219
165
161
72
40
183
85
68
152
92
14
95
157
137
22
201
200
177
139
