46
194
244
104
31
200
174
42
2
137
155
217
187
20
179
178
248
220
124
114
110
97
59
132
230
87
169
79
93
35
205
24
224
236
128
119
54
159
240
16
164
146
12
69
62
76
39
191
214
5
233
107
184
152
90
89
83
43
199
138
142
25
55
115
170
173
168
123
201
133
1
249
225
94
241
188
51
131
239
237
141
65
47
134
198
36
221
34
44
103
156
127
177
28
167
120
86
227
75
118
147
202
82
21
15
29
206
100
161
209
11
58
68
111
143
145
17
19
81
112
207
109
160
135
78
105
154
85
215
171
57
203
151
125
74
96
148
72
52
60
247
246
234
71
140
48
219
64
157
66
197
165
222
162
27
231
192
101
180
121
41
117
182
22
195
175
38
211
213
228
99
14
129
189
243
32
10
3
186
92
6
