207
154
170
35
177
179
49
40
163
60
193
5
21
104
37
134
226
140
202
87
219
74
97
211
189
129
183
145
81
236
25
26
67
122
53
242
31
30
13
232
109
110
150
149
118
117
215
245
64
63
223
70
57
56
18
17
137
84
43
160
94
186
239
229
206
141
133
174
197
91
201
12
0
180
248
190
196
218
71
157
88
235
203
198
153
151
100
148
114
27
130
214
222
32
108
119
77
24
80
48
126
144
175
103
173
123
113
111
8
52
169
167
208
164
9
11
165
195
246
171
124
106
210
142
162
90
62
138
78
96
155
83
76
131
240
99
243
102
54
213
233
181
85
41
72
205
38
230
47
120
221
227
44
158
116
33
69
29
199
217
136
23
187
92
66
59
16
147
185
176
20
237
192
191
128
225
1
2
50
3
6
