53
88
93
89
94
85
97
185
98
188
189
191
9
193
134
194
181
197
180
198
177
201
176
202
205
173
172
131
169
210
211
166
165
101
102
162
161
105
106
62
69
213
216
158
217
157
154
109
153
110
150
114
149
115
112
118
119
146
143
67
141
122
138
125
126
133
129
68
65
64
29
60
59
73
74
56
55
77
78
31
218
81
82
84
24
52
49
221
48
224
225
45
44
228
229
41
40
232
233
37
36
236
237
28
25
240
241
23
244
20
19
86
247
16
15
248
10
2
0
6
5
1
139
128
206
204
246
190
33
234
124
117
249
103
199
71
215
171
163
113
184
178
39
120
72
91
142
58
43
223
195
155
159
227
75
26
136
152
79
175
231
208
100
61
132
22
144
167
239
107
219
51
18
95
47
46
14
243
7
