23
39
36
42
161
43
46
26
27
47
50
30
51
31
34
33
119
54
55
53
58
74
21
59
62
77
78
63
81
66
84
80
85
67
70
71
73
185
88
118
115
89
92
113
93
112
96
122
123
97
126
100
127
101
130
104
131
105
108
109
134
133
137
136
140
139
143
142
146
145
124
111
69
28
98
99
87
24
64
40
94
60
120
48
116
37
56
128
44
106
102
103
91
90
149
148
152
151
155
154
158
157
160
162
165
18
5
166
17
19
15
14
169
168
172
171
175
174
178
177
181
180
184
186
189
188
192
191
195
194
198
197
201
200
204
203
207
206
210
209
213
212
216
215
219
218
222
221
225
224
228
227
182
183
9
11
6
12
229
2
1
3
247
248
232
244
243
233
240
236
239
237
235
234
0
246
241
230
7
