111
237
240
115
181
114
118
241
233
119
234
122
35
123
230
126
229
33
127
226
225
30
27
222
221
24
23
25
165
20
168
218
217
164
214
169
108
34
161
75
71
158
246
76
194
156
245
243
154
38
144
39
151
107
150
173
176
193
175
179
78
182
19
197
198
200
204
104
103
143
147
140
138
136
205
99
98
100
95
83
79
17
14
82
13
65
68
185
186
190
189
188
64
211
210
208
61
60
58
56
55
53
51
42
43
48
47
46
249
10
9
0
3
6
89
86
92
90
130
133
128
129
4
5
171
131
84
70
149
145
105
91
202
29
206
174
163
69
142
139
132
135
88
85
146
170
248
247
72
207
235
109
203
62
106
232
45
213
184
227
166
120
96
160
113
178
28
94
67
159
40
32
196
224
37
52
152
80
101
219
11
1
191
18
49
50
8
215
