76
46
185
11
55
210
224
229
158
144
7
152
128
112
134
50
90
162
3
19
241
96
74
73
53
249
26
27
85
41
166
120
116
182
195
69
191
148
245
205
62
220
34
33
58
81
137
109
170
169
61
10
93
131
179
14
66
155
240
237
143
140
230
89
42
45
246
248
196
244
192
0
201
68
70
100
183
221
123
28
209
151
22
25
190
225
88
216
217
147
84
108
231
63
175
211
40
202
159
18
113
119
4
6
165
163
124
101
242
243
167
82
238
174
203
91
214
197
67
226
59
199
80
111
160
157
78
122
117
233
115
234
153
72
218
181
105
49
149
130
95
126
145
208
223
43
186
106
142
32
172
52
139
38
184
21
136
87
23
64
194
213
98
17
188
189
102
103
56
1
132
133
9
30
178
13
