171
105
146
147
47
23
112
184
93
86
128
208
38
21
69
70
5
6
124
123
82
218
98
132
191
194
52
62
140
28
237
238
118
180
152
153
233
43
78
198
58
57
136
176
14
13
74
167
102
34
90
108
66
188
160
226
18
143
221
115
121
120
0
247
53
148
24
97
154
157
48
242
199
1
12
9
183
127
211
137
8
246
214
65
89
101
229
35
177
202
243
245
46
40
234
239
175
56
85
109
27
71
81
96
170
217
187
203
49
232
75
131
151
149
166
164
31
59
163
161
195
133
4
2
249
107
79
104
77
190
155
197
134
200
215
129
204
125
182
63
42
61
241
240
230
73
113
99
144
68
142
209
219
207
44
169
88
32
138
36
83
95
117
26
92
173
51
20
193
111
159
30
15
54
212
225
185
227
17
16
179
178
235
236
222
223
10
