146
81
157
131
27
39
36
183
102
111
104
106
130
139
119
68
20
2
89
166
158
62
149
160
29
120
170
28
57
155
69
88
223
121
135
181
175
245
117
96
82
184
143
43
109
19
66
222
100
224
215
42
112
214
0
17
47
80
126
211
156
219
206
242
45
221
24
54
97
145
9
218
198
203
7
5
23
8
182
122
53
194
188
123
114
22
44
189
72
65
200
169
148
64
180
217
228
171
38
49
124
202
151
56
116
51
60
31
239
77
193
179
248
134
91
153
14
10
147
132
110
78
209
236
34
63
59
128
234
21
244
172
48
127
176
101
46
32
75
18
240
247
118
246
229
58
140
142
37
173
41
105
168
159
187
73
144
141
174
30
138
129
76
52
93
79
55
190
15
108
177
71
197
199
115
249
213
225
136
178
207
61
90
164
216
11
25
150
3
204
1
67
226
133
12
210
16
6
107
208
85
241
227
231
205
165
235
185
237
201
87
152
50
33
35
13
167
113
