696
341
702
693
102
708
187
338
697
699
698
705
339
340
701
706
238
223
99
344
711
103
712
345
710
343
101
335
334
336
106
348
715
337
347
716
107
714
105
351
331
104
352
330
350
332
110
719
349
720
111
718
109
355
327
717
356
326
328
354
723
114
329
724
115
722
113
359
323
112
322
360
358
324
118
727
357
728
119
726
117
363
319
116
364
362
318
320
122
731
321
732
121
730
123
315
367
729
314
368
316
366
735
365
317
736
734
311
371
733
312
370
374
739
308
373
738
309
310
377
305
742
306
376
741
740
745
380
302
744
379
303
743
383
299
382
300
381
301
298
386
295
385
296
297
384
294
291
389
292
388
293
387
290
392
287
288
391
286
289
390
284
282
222
283
190
184
690
188
186
689
183
191
163
189
226
194
180
279
686
219
96
227
195
218
95
278
685
179
230
198
215
92
275
682
176
231
199
175
91
274
214
681
234
202
211
271
88
678
172
235
237
233
203
210
270
171
206
207
677
87
89
679
168
167
169
241
674
84
267
170
164
242
266
673
83
85
240
245
80
263
160
670
264
161
246
669
79
671
244
81
157
156
158
249
76
260
666
159
250
75
665
259
77
261
248
72
153
662
253
256
663
154
255
254
257
252
71
73
660
657
659
150
68
661
69
151
65
658
393
656
66
209
212
396
62
653
395
63
654
273
399
59
650
398
651
60
174
402
56
647
648
57
401
268
405
644
53
645
54
404
228
408
641
50
51
642
407
277
411
47
638
48
410
639
93
414
44
635
636
45
413
280
417
41
632
416
42
633
178
38
629
420
419
39
630
97
626
423
35
627
422
36
196
624
748
426
32
425
747
33
1
29
429
0
428
30
205
4
432
26
3
431
27
691
7
435
23
434
24
6
225
20
438
10
9
437
21
688
17
441
13
440
12
18
182
16
14
15
444
443
667
220
447
446
676
683
675
201
200
450
449
193
165
166
192
216
453
452
147
148
451
454
621
124
620
623
622
457
144
456
143
145
460
127
617
146
126
461
616
459
618
130
140
458
139
131
129
141
464
613
128
465
612
463
614
134
136
135
468
609
467
610
138
137
133
471
606
470
607
469
608
472
603
475
474
604
605
473
602
478
599
477
479
600
476
601
482
596
483
597
598
595
481
592
486
485
593
484
594
487
589
490
590
489
488
591
491
494
586
587
493
588
492
585
497
582
496
583
495
584
498
501
579
500
580
581
499
578
504
575
503
576
502
577
505
508
572
507
573
506
574
509
512
569
511
570
571
510
568
515
565
514
566
513
567
516
519
562
518
563
520
517
564
522
559
560
524
561
523
558
555
527
526
556
525
557
554
551
530
529
552
528
553
550
533
547
532
548
531
549
534
537
544
536
545
535
546
538
541
540
542
