8
9
286
397
209
123
210
398
393
208
206
283
213
401
12
402
324
13
214
216
217
405
218
219
16
346
17
120
408
478
124
453
409
391
411
433
224
414
347
349
415
352
223
222
221
296
353
343
430
432
342
340
454
418
227
457
228
419
450
4
5
449
448
458
3
446
445
300
422
444
303
423
355
305
425
98
299
325
356
427
359
21
328
381
383
289
20
360
19
18
329
331
293
387
313
292
332
362
388
386
279
466
102
336
309
337
73
184
310
308
143
276
181
186
280
472
189
179
275
118
190
468
469
462
378
463
465
473
464
461
61
101
476
475
115
27
97
479
481
81
83
26
105
482
365
24
23
106
78
367
74
129
76
109
372
369
51
110
376
375
112
113
70
126
114
69
231
272
94
193
93
194
271
232
66
65
268
63
64
269
60
265
58
197
316
57
317
264
198
55
52
53
54
201
130
202
320
321
204
203
484
233
485
133
86
134
87
487
488
90
491
492
140
236
30
237
144
31
496
137
164
0
499
497
34
37
163
162
240
165
241
38
40
41
39
243
244
245
441
261
440
260
436
248
44
437
251
45
439
438
48
252
47
49
254
257
255
256
258
147
148
159
176
150
167
158
168
151
171
170
175
174
173
155
154
88
92
135
139
138
249
77
80
429
426
32
371
334
335
368
366
128
125
297
377
187
183
495
494
389
287
108
417
416
413
470
82
142
152
153
459
327
326
281
384
84
348
91
89
350
278
406
407
195
196
322
182
434
435
180
230
132
319
318
178
273
315
72
71
442
451
452
306
225
226
247
357
312
311
399
420
96
294
239
238
266
35
291
392
394
145
161
395
396
235
262
302
304
67
68
199
285
42
43
200
374
156
28
29
157
104
99
100
404
103
380
345
339
191
338
116
117
15
14
10
1
2
363
