75
40
57
103
149
38
39
23
29
95
19
31
230
58
173
199
104
101
87
146
129
200
243
78
13
54
48
46
55
56
28
92
240
190
238
81
180
94
111
194
148
185
193
159
109
68
198
36
179
165
49
89
140
118
76
161
160
227
64
11
47
175
26
113
181
62
63
218
219
216
144
204
138
191
157
43
33
206
208
45
44
97
127
66
65
203
24
70
170
71
77
74
85
86
88
80
96
100
25
15
105
196
220
99
112
164
145
163
126
116
120
187
0
7
8
53
12
1
14
215
2
142
137
34
130
133
128
217
22
229
119
231
27
226
156
223
247
222
152
124
153
151
125
122
246
245
235
234
236
233
20
18
176
115
17
141
5
91
189
67
249
150
213
166
207
202
214
42
72
73
195
182
32
221
184
210
172
232
241
4
244
