20
17
171
22
24
16
26
189
225
201
19
29
183
124
4
28
159
237
18
21
177
93
181
195
179
25
219
30
65
82
23
6
105
5
99
63
64
69
3
138
87
164
165
161
228
197
207
227
229
89
203
92
196
198
206
205
55
13
231
101
95
233
100
103
96
97
236
235
136
31
140
139
126
148
123
128
192
213
191
190
150
167
166
152
215
185
188
184
218
217
71
239
240
74
209
107
109
108
173
208
175
172
84
221
222
86
121
129
131
122
117
120
130
134
146
155
145
153
141
142
158
156
75
76
77
78
111
112
113
114
0
73
66
210
220
182
163
85
238
151
168
91
15
32
125
154
27
144
94
104
106
133
226
119
176
186
