28
27
21
321
25
26
30
29
24
358
357
19
195
179
22
111
81
105
114
282
285
288
312
135
141
245
99
87
93
153
159
63
279
309
69
75
20
267
258
255
270
239
18
171
17
170
334
148
337
201
117
123
345
351
354
264
261
1
315
291
7
6
2
11
249
251
131
303
273
297
339
327
207
221
210
192
186
187
216
217
214
230
225
226
231
233
232
119
118
120
151
152
276
66
96
174
204
300
182
248
189
242
144
126
162
342
138
318
102
306
90
330
108
348
84
324
224
72
198
294
78
167
134
156
155
157
183
184
360
15
235
253
333
4
23
228
16
33
362
361
194
181
132
133
113
196
286
89
104
289
283
127
128
356
355
110
220
241
106
281
124
125
218
238
100
298
97
98
77
257
92
212
166
274
277
209
278
145
83
82
71
95
94
205
163
164
203
168
86
200
160
161
65
292
293
302
80
79
352
353
272
305
308
266
121
311
269
325
313
314
115
329
328
172
335
176
259
332
296
262
67
244
191
322
320
247
341
340
316
344
343
149
346
177
140
130
73
137
136
12
223
14
3
350
142
