25
273
283
24
158
268
27
29
20
26
308
113
123
148
173
88
83
153
199
213
128
243
263
253
238
233
228
16
303
184
203
258
133
108
205
23
103
118
21
110
298
68
94
293
143
279
209
194
223
119
189
248
15
164
289
74
288
63
22
218
17
98
73
3
278
93
62
181
172
179
171
2
1
4
140
138
78
79
220
13
28
71
296
126
104
107
100
250
40
39
37
8
38
65
188
191
129
154
174
144
115
114
186
229
269
224
260
259
254
239
214
193
84
163
245
30
275
211
235
208
134
284
285
201
159
198
90
265
264
299
310
309
149
150
304
281
69
124
294
5
169
306
305
156
176
240
241
237
76
75
105
120
86
131
249
67
225
247
142
95
146
145
166
135
274
82
195
196
81
187
122
300
301
89
161
178
102
231
230
204
271
109
270
101
215
216
222
255
256
290
19
6
