69
103
100
127
81
74
108
146
141
87
177
145
192
246
78
218
98
134
133
229
205
170
67
242
240
226
96
216
156
223
135
243
121
248
84
119
396
178
1811
168
490
21
132
180
228
234
204
191
104
576
238
68
389
187
1392
1772
252
23
27
161
1479
167
144
917
200
777
199
152
154
241
16
1739
155
153
195
160
24
37
20
236
468
909
225
224
230
227
1152
1385
86
29
18
32
142
1472
1379
871
64
967
90
206
245
912
101
1796
172
171
85
4
31
914
181
182
179
3
916
923
19
868
1243
39
143
189
232
924
28
1338
420
235
126
186
214
184
219
1535
82
6
212
921
251
237
864
35
166
1238
1443
105
22
30
165
863
116
46
25
12
231
919
124
213
247
183
185
928
1436
1435
723
250
249
188
222
148
147
935
1256
926
36
936
26
17
716
715
1411
1798
1186
0
54
254
162
190
159
1339
1307
931
933
1249
940
1803
220
719
1263
107
5
1346
128
1233
221
151
1877
1225
860
1251
1245
694
1089
136
718
1228
861
1017
1843
714
938
432
725
866
865
211
217
164
701
1258
856
1220
1240
711
702
1094
1221
1022
1021
198
196
131
1093
1465
1818
736
1735
706
707
852
851
704
703
853
1265
1194
207
139
193
843
1795
1791
1708
1591
1887
1067
848
699
692
691
845
1260
839
849
1879
1799
1783
60
1834
1299
666
1777
753
821
1281
841
1079
1279
1784
1253
1886
837
879
1794
1456
1375
203
1806
1805
844
173
1623
1882
1627
836
1787
1786
1274
1943
1779
1074
1247
1268
1447
1458
1084
1235
1924
1891
1663
1519
984
1097
1454
1460
1774
1286
1242
1072
1270
1096
1782
1062
1904
1076
1276
48
1938
1734
1092
1091
1948
1925
1077
1277
1775
1055
1898
1278
1291
1449
1848
1903
1082
1081
1909
1069
1101
1467
1104
1911
1064
1065
1109
1060
1293
1108
1920
1893
1931
943
1919
1926
1289
1917
768
1451
1555
1157
1351
1058
1295
1288
1900
1906
1057
1463
1936
1296
1053
682
1200
1116
1284
1283
1940
1364
1907
1052
1889
1895
1941
1121
1929
1358
1902
1470
1896
1914
1369
1363
1945
1946
1461
1933
1371
1475
659
1922
1113
1139
1114
1474
1928
1468
1353
1481
1884
1367
1934
758
828
1841
1530
1529
827
752
1915
1360
1129
1366
1124
1118
1106
1145
1836
1134
1839
760
1542
816
1522
1921
1374
1373
1112
1829
1099
1526
1527
1127
1533
1823
1832
1547
755
1150
1553
1831
756
809
803
1111
1341
1105
1540
1132
1816
1131
748
1827
1155
1531
1746
1362
581
1303
1213
1619
1534
689
974
1331
745
1634
741
1143
1148
684
1544
743
1820
740
1551
1136
744
1147
1545
1538
1137
1819
878
1821
1141
1808
677
731
730
1814
1809
733
687
1614
1626
1625
1853
1355
1639
1629
1618
883
1336
728
1044
680
679
1348
671
670
1631
1846
895
1350
1192
1601
1755
1860
735
734
729
1349
675
1850
1851
664
1607
1636
663
890
1197
1594
674
1596
1602
1038
1343
1412
1752
1743
1049
1598
1599
1641
902
656
1858
1205
1612
1742
1744
1204
903
667
1748
1184
1855
662
1750
1638
1616
1753
1643
1865
1615
1190
1759
1751
1763
1212
1189
1606
1757
1177
1191
1179
1646
1868
1747
1604
1862
1650
1768
1603
1223
1172
1648
1766
1611
1762
1760
1770
1872
1875
1652
1166
1873
1867
1216
1655
1863
669
977
1857
1659
621
1161
1217
1661
1870
1653
1159
1657
1224
1403
1230
1876
1209
1174
1168
1208
1397
626
625
1404
1410
1408
1181
972
640
885
1210
1424
897
629
1187
1390
1419
1163
1483
1430
628
1202
636
962
1423
624
623
1400
1201
1182
1417
892
634
1326
1383
647
1395
969
1401
641
1377
1731
1393
1304
633
955
1405
1406
1328
1170
1414
1569
1314
1388
1382
950
637
1311
953
1175
1312
638
1727
1321
1329
970
1726
652
964
654
1319
1722
1316
1025
650
957
645
1324
946
959
960
945
965
1709
644
948
886
1432
1309
1703
1710
874
1031
1438
1020
1024
1426
1701
1715
1026
1019
1431
873
875
1439
1030
1700
832
773
1562
1042
1421
1719
1720
1446
1028
1557
1036
1705
1428
1567
766
881
780
1434
1029
1445
824
1714
1712
1724
830
1564
1574
991
814
1047
1033
894
791
817
1580
770
1416
1565
888
876
899
904
819
1040
986
539
1729
825
772
785
764
1572
1587
1723
980
806
1560
1585
798
763
1576
1583
1582
1577
801
812
807
805
799
988
1004
544
534
811
796
775
546
813
784
590
788
993
789
989
998
1009
1003
982
521
536
782
981
1011
1584
1589
999
795
995
1006
537
527
1515
1000
1002
541
542
516
522
585
529
595
514
583
526
531
528
543
518
1007
1013
524
519
1508
1507
608
593
525
1511
523
587
1517
607
517
1008
513
1495
1682
598
603
1510
602
592
1490
1504
1502
1509
591
596
1506
600
615
1512
594
614
597
611
1497
605
610
1499
1493
1485
1687
1688
604
1676
1675
606
616
617
612
1494
1670
1500
1492
1487
1665
1695
1694
1300
1301
1317
1323
1334
793
787
1543
1549
1333
564
578
558
1666
1673
1674
1691
574
573
569
571
551
1697
1696
1690
1667
1698
579
580
1677
1683
1668
952
556
566
1678
557
1686
1679
1685
1672
563
562
1680
1684
548
553
549
559
567
1707
1717
554
555
560
561
253
140
138
137
1045
1086
130
129
1261
1035
1737
1298
1477
58
56
239
1231
907
906
149
150
157
158
163
55
169
175
176
738
201
202
208
210
532
45
174
1950
911
910
893
887
870
869
858
857
855
854
846
840
834
833
829
826
975
1654
1656
771
1660
1662
778
779
1267
1254
786
1250
1248
792
1246
1244
802
1252
804
1226
1801
1140
655
657
1144
658
1146
1793
1792
1790
1789
661
194
1802
197
1154
1781
1780
1482
1733
1732
1214
1215
762
761
757
1269
751
750
749
1271
747
1199
746
1651
335
1275
631
619
620
696
1513
1514
695
1845
1844
1102
697
1103
1837
467
1520
1521
1365
1523
1524
1825
1381
1380
120
1378
123
1087
125
1088
1305
1196
1195
1306
1610
244
1609
686
685
115
1546
88
426
1396
1880
1881
83
1592
941
942
77
1552
1888
1402
72
1813
70
1554
1119
648
419
929
930
1043
1037
649
1173
1767
52
50
49
47
709
710
44
1559
1558
1165
678
1015
1016
1913
1912
1905
1899
215
672
431
1758
1622
1621
1427
1070
1764
1830
1828
1824
979
1125
1570
1571
712
713
512
511
1441
1442
996
15
720
1126
1459
722
721
990
726
1575
1581
1579
