27
21
29
26
23
25
22
24
20
28
30
201
211
246
81
297
279
234
132
141
99
129
171
159
63
300
75
19
69
87
111
153
165
286
97
285
5
93
147
264
273
255
261
7
291
107
34
8
249
268
1
117
123
135
6
125
119
230
218
241
200
219
220
181
177
178
189
188
194
238
144
168
243
156
150
84
271
197
227
174
110
208
215
282
185
72
258
90
162
78
102
276
252
138
66
114
231
294
204
222
223
192
288
289
287
121
127
4
17
95
18
15
31
32
0
166
167
151
170
172
180
202
92
89
232
86
302
105
106
175
226
142
190
235
77
229
74
73
244
71
70
145
68
67
183
130
131
83
187
133
299
298
248
210
212
140
164
237
239
253
195
65
206
269
267
256
103
104
80
263
262
160
278
277
213
100
101
158
137
136
296
295
260
217
33
274
155
113
251
116
198
115
280
149
148
283
265
266
292
109
