28
29
26
27
25
24
78
357
30
163
16
20
267
315
309
261
19
15
297
249
23
345
5
22
135
339
333
150
4
21
321
123
117
311
263
17
273
266
265
314
313
312
3
351
18
66
105
302
301
291
354
111
353
0
69
75
6
76
107
319
141
317
320
110
109
108
255
133
225
303
210
147
346
148
149
347
257
129
231
132
134
233
259
260
236
232
234
227
323
324
322
230
228
119
327
219
36
277
122
275
278
274
329
189
341
342
285
344
287
330
328
286
288
289
221
71
269
223
72
270
305
208
191
193
211
209
306
304
307
335
251
164
254
334
161
64
143
293
296
144
294
63
65
68
173
174
175
171
172
125
126
128
124
137
139
115
116
140
362
87
361
359
89
88
90
99
246
243
244
101
245
104
103
102
181
155
156
154
153
182
180
177
178
213
96
95
94
93
215
216
217
218
168
169
237
166
170
239
240
241
242
205
279
183
281
185
206
203
187
186
280
283
284
198
85
84
82
86
196
195
197
200
194
159
224
253
299
142
121
77
336
268
201
348
70
113
352
184
292
295
207
45
53
226
229
131
343
