26
28
27
24
25
29
526
30
18
23
21
1802
15
16
94
1323
1568
1789
87
17
1054
1791
1573
1215
1827
1395
1795
842
415
519
1431
1179
1784
1287
1611
22
847
1777
853
1251
1186
420
1683
1294
1755
1719
410
6
89
1798
740
1330
1183
1142
1782
82
1359
1325
1793
355
1299
1772
1191
96
1135
745
1803
1190
531
567
403
1690
1787
1800
408
91
1130
1765
1695
1366
1188
1140
1195
1332
1685
1335
1289
1327
3
84
1770
413
1780
1337
77
86
1202
1361
924
1371
1334
1760
1779
315
1807
351
1193
67
1775
1339
1198
919
1207
1200
1342
444
79
322
538
1814
72
1757
401
1758
418
922
1762
915
917
1344
533
396
411
914
1205
1768
1819
327
317
543
1203
1212
1692
406
399
1812
910
912
1697
332
1349
882
1346
391
1826
617
1687
540
550
545
1352
907
394
1357
389
1694
1824
903
887
535
905
1351
1805
622
19
1356
902
555
668
738
898
174
733
900
1702
880
257
1372
1810
743
1699
734
1104
562
1647
542
1467
610
664
893
875
673
557
1099
1817
1706
835
1654
547
1474
627
873
753
1100
454
1704
1711
840
868
552
624
1709
1525
221
748
657
634
554
830
1469
1649
1479
1097
666
559
661
1092
629
671
845
645
851
1520
447
1659
605
861
612
760
1438
889
565
659
755
856
1087
137
1679
1443
652
1513
844
1433
656
765
636
607
1088
843
877
654
804
649
1518
631
772
870
619
640
1224
1075
643
614
1754
1081
778
1436
1672
1441
1061
1677
648
647
1440
1671
2
1506
863
767
362
1666
1434
820
1667
1674
1275
251
1175
1318
1445
1265
774
762
822
1511
780
1661
141
1662
865
1282
1448
825
1503
1450
325
827
1656
1168
769
1669
1453
1452
776
1516
1270
1277
250
1167
142
319
4
243
699
832
1460
1521
1263
1457
99
1523
1272
324
1284
1455
757
833
20
423
63
837
1279
1528
1530
1465
459
246
694
706
1280
1258
75
495
106
1575
329
1676
1505
1117
1368
253
1267
499
336
337
687
265
1747
1268
701
111
514
254
101
334
1144
708
521
682
258
506
1038
341
796
1752
1742
1255
118
1373
502
1149
722
113
1110
703
689
1156
108
577
528
677
1260
696
266
344
123
710
727
574
262
750
1651
1664
1658
1151
1019
103
1163
270
269
348
349
1596
684
569
1735
523
130
579
715
720
277
1170
1309
679
516
1158
1740
691
110
572
278
576
1146
518
1024
125
511
120
1165
1017
1031
1632
115
713
584
1153
504
509
132
274
1321
1177
586
1730
430
1026
122
1314
1012
581
425
127
1313
591
360
361
718
589
1561
1566
1311
1728
736
1306
731
1733
1828
725
588
359
134
1571
1556
353
598
741
593
1014
1028
1005
596
1021
600
601
729
1549
1007
1564
723
1301
810
227
1001
1302
358
1726
1000
1563
1115
1297
1122
1009
1559
1554
1613
1542
1016
1296
1046
1108
1486
1095
1582
1080
1639
1745
1835
1002
1481
1618
1840
1738
1085
1634
1043
1577
1552
1003
1547
1830
1551
1129
1073
363
1491
1078
1837
1627
1540
1539
1090
1039
241
1476
1845
1498
1587
1644
1077
1623
1222
181
365
370
1051
1637
1852
1842
1493
1227
1471
494
465
236
1229
1477
1844
1622
1858
179
1120
1234
1847
1849
186
1127
1488
1484
1058
1500
1049
172
487
1615
801
1056
375
1642
1036
1495
1854
1063
1041
808
1047
1132
1860
1134
1489
1362
1069
1585
1856
377
1496
492
184
966
372
191
1369
1584
1370
482
485
1592
789
803
1246
193
1594
1589
1402
1731
1822
1407
973
480
198
1601
1597
1603
367
196
1397
490
791
1241
177
1599
470
1066
442
475
1236
980
1248
478
1243
206
379
463
1414
798
449
1409
971
1404
432
234
866
473
229
978
1231
468
456
203
427
793
232
1238
472
1399
964
1419
239
858
985
800
451
461
224
225
222
1426
483
1148
992
976
1411
1421
214
439
1406
434
969
217
1416
452
983
458
981
1418
811
209
143
144
437
211
990
446
805
997
1609
1423
988
1429
994
815
139
1428
995
385
1298
1131
816
194
70
1716
786
1125
188
146
374
1535
1384
345
340
1353
1348
1713
1749
1744
1708
615
884
189
1316
382
1606
151
1379
1391
1538
1531
764
1462
626
1463
1218
1220
1225
1380
1383
692
1722
261
1166
1387
1386
1375
1392
1636
1629
158
1382
1626
1619
1393
159
164
153
148
219
213
1641
155
946
156
166
169
160
1631
1630
1624
1625
951
933
958
928
956
308
931
938
940
162
953
943
936
935
949
961
313
161
168
960
301
163
290
296
285
303
948
306
292
298
283
310
280
942
947
289
311
294
829
1118
954
941
1182
1096
287
299
293
281
288
300
286
894
80
73
71
68
66
64
790
785
783
1675
397
1209
1211
1065
1233
496
498
501
503
508
513
1240
1245
1252
1254
1053
1259
1034
436
1809
393
441
182
1119
9
1816
1114
388
1107
429
630
175
1821
435
176
1815
1773
205
818
1138
1767
1139
1510
1509
1579
812
1580
199
1578
817
806
1133
1515
1137
1544
895
891
885
1508
872
1533
237
813
788
781
255
1604
752
1608
267
1620
1646
926
1718
384
1160
1161
1681
398
216
422
466
1181
530
1214
1217
564
711
1250
1458
675
1262
1304
1721
1723
698
98
1172
686
1102
1763
1068
968
1861
1083
1291
669
201
1832
1044
638
5
603
1029
1033
1833
1839
1831
1838
1027
604
1030
1023
1032
609
12
0
171
1106
828
1285
1482
1483
824
823
1111
1112
641
1492
1105
642
1124
644
1274
426
839
838
1715
1714
1478
1093
1094
1707
1701
1501
1502
386
1663
207
208
380
212
259
1072
846
135
136
1076
1725
608
1082
1204
149
150
1526
1532
779
1536
777
1537
724
1048
320
226
1319
1320
1042
342
343
1226
571
570
346
347
102
566
1447
1446
950
1064
272
1060
1059
594
1732
1737
1743
583
1746
582
1750
1070
1751
849
850
1307
1853
1851
945
665
297
291
1590
1591
276
275
264
263
248
247
244
1570
1174
1173
477
1364
1363
1424
860
1430
1355
1354
726
987
1545
1439
1546
330
1347
732
1341
1004
1394
848
333
854
1377
339
1557
305
304
1558
1378
930
1388
1389
1390
929
1786
