118
29
253
178
113
308
128
88
133
173
73
25
26
24
269
108
103
78
93
68
273
168
143
288
289
283
278
234
28
218
138
238
268
293
20
204
63
304
83
153
98
30
248
123
158
124
258
243
17
148
203
149
184
264
198
186
208
2
214
300
298
216
193
228
1
10
7
167
223
165
233
189
263
199
303
19
18
225
23
27
102
245
145
84
229
140
191
104
154
220
79
94
90
74
195
285
170
259
64
69
160
280
174
110
109
129
254
250
180
240
239
115
295
294
119
120
135
275
209
210
310
309
311
163
5
6
16
100
21
15
22
32
290
87
156
176
246
76
306
305
261
201
247
126
86
249
206
236
219
106
172
130
131
266
277
139
197
188
279
95
287
255
92
187
89
271
182
144
50
65
137
81
159
151
302
217
70
114
117
3
231
230
4
227
