28
26
24
20
27
25
22
30
19
29
23
21
6
123
89
148
140
112
142
141
297
4
147
5
75
129
117
280
0
150
16
135
17
244
273
267
139
137
3
69
15
275
105
269
299
302
300
298
277
268
270
143
144
279
176
265
281
90
261
249
195
225
88
169
18
111
255
291
197
285
114
113
227
125
175
107
293
229
294
292
110
127
126
171
198
196
200
266
263
287
160
290
286
162
71
257
70
259
256
159
161
163
131
170
77
132
78
167
246
119
188
247
121
245
251
250
253
218
180
181
182
178
217
187
215
216
183
184
185
224
65
212
211
63
223
220
64
66
207
208
209
233
83
234
232
231
81
84
86
82
101
102
104
100
103
99
205
241
204
202
206
242
240
239
238
190
153
191
189
192
155
158
157
156
93
94
95
165
76
230
278
282
87
130
222
96
72
109
149
122
173
118
243
38
32
260
258
128
213
288
254
