26
18
28
29
123
30
23
22
27
227
81
25
150
159
19
147
189
173
153
345
132
129
24
6
100
7
141
255
5
267
258
270
31
261
251
87
117
183
107
120
165
303
42
75
273
309
317
63
1
248
279
282
321
297
10
70
327
111
8
342
339
135
285
291
333
351
362
360
359
181
211
210
214
221
220
206
247
242
198
197
95
236
235
234
144
143
347
354
110
330
78
254
114
320
84
312
288
192
138
300
66
73
239
336
176
203
98
186
230
126
217
264
162
90
306
324
156
294
276
168
103
178
177
207
200
245
224
9
20
357
21
17
232
16
349
283
287
284
0
119
121
290
289
115
295
293
193
229
113
228
88
187
226
86
249
223
169
185
96
109
105
106
218
102
175
215
171
244
157
238
237
280
271
272
76
274
275
278
163
277
104
257
131
208
161
240
205
94
93
50
343
68
202
155
92
356
355
64
302
80
79
166
151
83
305
311
195
326
328
127
307
146
72
190
32
331
298
338
337
259
140
124
149
262
341
334
69
323
314
268
269
315
253
252
142
134
133
136
180
179
266
265
318
353
