29
25
27
28
30
26
42
183
186
105
75
162
159
16
84
81
124
117
129
195
189
10
291
303
333
321
327
336
111
171
339
138
147
6
273
63
276
135
238
5
153
207
70
95
1
49
201
245
352
249
255
15
261
48
345
89
267
8
141
359
165
280
285
20
19
263
87
297
309
181
225
224
217
216
215
319
316
317
99
284
101
236
234
233
248
257
258
288
287
362
306
66
348
270
252
156
330
221
168
312
178
342
228
300
73
132
114
108
355
204
120
192
241
127
324
198
11
174
210
78
294
98
144
150
151
149
36
17
35
213
21
22
282
18
91
103
265
244
0
118
119
360
361
116
232
231
247
296
199
230
299
113
194
227
191
226
358
357
85
301
107
109
222
184
286
219
289
182
351
353
77
278
163
277
74
161
166
212
211
242
72
158
240
209
208
97
304
206
155
68
275
94
203
202
292
64
146
83
308
142
143
123
314
315
197
140
80
254
268
332
256
334
271
259
121
122
173
137
338
170
251
341
343
23
24
188
126
125
329
131
323
310
326
311
133
3
4
180
179
347
349
176
