30
16
22
28
201
25
21
18
29
219
194
177
165
17
11
20
89
189
193
237
195
26
131
225
238
6
105
240
23
99
2
4
93
24
213
170
215
197
3
1
63
171
67
87
88
68
101
95
227
173
98
96
176
104
226
198
214
217
231
233
232
236
169
167
162
39
183
159
160
161
188
107
185
187
110
106
32
7
55
56
125
203
206
207
129
179
180
130
123
209
128
212
221
220
158
111
113
157
114
153
135
80
79
137
140
136
78
77
121
150
148
122
151
117
74
86
85
73
72
82
145
143
141
146
239
175
132
191
70
84
222
103
178
119
90
112
65
127
211
19
228
196
152
205
155
154
94
108
76
27
216
15
234
139
5
