29
16
24
18
13
308
313
17
297
110
12
217
230
95
279
224
88
286
292
235
30
281
103
3
192
91
9
10
90
309
0
86
304
83
6
240
299
121
5
78
288
128
294
79
115
301
159
76
71
166
133
139
108
146
315
387
101
394
322
210
399
327
389
317
67
151
296
283
144
65
158
334
329
70
69
156
163
324
149
137
142
204
141
319
106
199
225
99
197
232
113
238
202
233
126
194
228
187
131
195
190
124
220
221
185
117
119
214
180
344
331
178
336
349
337
346
341
342
422
348
415
419
326
401
406
412
396
414
407
410
365
391
403
161
154
172
384
147
183
175
379
380
377
306
372
382
362
370
367
355
358
360
81
168
74
352
357
363
23
48
216
215
209
208
249
267
247
272
262
256
254
244
251
259
252
265
264
263
270
269
274
277
276
275
312
404
345
31
369
381
188
176
127
290
114
112
97
98
417
411
26
398
206
213
93
173
170
212
339
28
27
223
22
21
20
19
311
72
353
25
129
15
242
374
408
402
409
266
291
287
375
289
116
171
332
245
84
135
136
261
111
64
280
258
227
237
231
182
421
1
420
4
386
