30
73
93
26
25
118
29
108
98
123
163
198
223
63
133
253
218
283
174
5
243
173
89
22
288
293
92
248
128
138
263
204
298
203
28
273
278
303
153
21
23
304
19
83
17
238
239
183
18
308
78
79
1
143
20
113
213
115
209
188
194
193
268
104
289
233
168
16
103
179
178
228
230
170
161
159
151
69
149
262
39
6
15
13
259
261
87
147
144
71
254
270
49
200
184
185
109
245
244
94
139
250
99
154
235
190
189
284
65
164
165
224
275
274
220
279
265
215
294
295
300
299
134
129
310
309
125
120
119
211
208
75
85
27
24
105
3
4
91
88
90
40
305
0
176
169
271
156
74
72
199
67
206
219
116
234
195
255
256
130
135
38
141
286
285
117
252
180
290
291
81
162
127
272
214
264
229
146
145
280
111
96
95
100
152
226
240
