30
28
27
26
29
17
20
15
1717
1611
16
24
23
21
283
19
204
607
640
685
614
1647
1039
25
290
1041
1251
1287
1539
1618
1575
1712
1323
1215
1755
1503
645
117
678
1715
1046
1222
1623
619
1330
612
686
1359
1179
1510
1654
1613
295
722
1710
288
1708
626
715
1227
1217
6
302
605
1515
1505
1335
1325
1649
1659
1366
647
652
1703
642
281
610
307
631
313
531
637
1705
1361
1371
567
1512
300
617
1707
624
293
286
305
1517
1698
726
1700
657
1507
1513
1219
538
1696
1378
615
199
459
1693
629
1373
664
298
5
1691
310
291
622
543
533
1682
1520
1328
451
635
520
1333
1368
659
1224
627
1689
671
1525
628
1332
513
1524
495
146
527
446
456
206
666
1229
654
1337
649
1340
1664
522
439
194
449
1684
1363
515
1030
925
1231
1
444
508
1657
721
1342
1370
1675
1236
22
1522
1023
1669
1463
139
529
135
1651
63
1662
524
1456
920
1680
719
1719
1529
733
734
151
144
1527
1025
1656
1375
70
1455
1667
1380
1058
1018
745
1032
1673
1382
158
517
75
65
1661
673
656
1666
712
1622
1009
1027
1385
1063
738
668
163
1782
1387
169
512
1615
1069
82
661
1294
540
724
1646
505
1346
156
77
545
1022
874
731
1016
1608
1620
1299
535
729
1289
1002
1234
1627
1020
1241
1213
736
149
72
550
161
1014
498
1603
912
1639
510
1604
167
89
503
1634
84
1007
764
1208
154
94
1116
271
1644
918
1013
142
1829
555
67
434
1005
79
757
755
159
165
91
913
542
923
502
1011
96
266
276
501
1834
548
916
1800
547
750
762
1072
1839
454
1306
387
1201
1206
197
18
1451
1349
432
557
1344
552
1458
1301
192
437
769
1444
1077
908
1196
1211
559
1311
394
1431
195
1467
1189
1204
1395
776
1351
124
895
901
1443
399
1296
190
389
130
1439
1318
819
909
346
1446
1194
773
1199
1313
185
976
822
1197
1182
1402
406
1434
865
589
705
774
1441
1308
1192
1187
827
829
401
1453
826
1632
1407
1186
339
183
1397
1320
778
1791
1315
1242
1303
834
1637
396
766
1625
1392
371
831
1409
836
1106
858
700
767
442
1310
1404
1630
841
838
1390
1414
839
760
707
694
333
1635
430
754
1798
391
1582
687
1803
1415
1587
846
850
1036
1577
702
1805
1399
848
1564
784
897
810
403
886
904
1810
178
682
676
408
187
1115
892
1411
1406
1557
695
789
881
1043
1599
704
1048
899
888
987
1594
697
413
1552
180
689
1546
690
1416
683
1038
171
1851
415
883
1729
1051
1589
949
1846
1559
348
1050
1053
418
315
1541
994
1423
1239
1601
1571
1055
1060
878
876
341
1596
1584
1566
1841
8
322
1066
1548
1056
1722
1736
1784
1347
871
1591
1836
1127
1741
1592
1554
1061
1246
1777
1419
1726
1573
334
1479
989
869
1247
1474
349
1734
862
256
329
1561
863
1721
1579
1249
1772
996
982
1731
1426
1831
851
1244
336
991
1838
1765
376
1733
975
1428
344
1238
969
934
176
1154
1543
1738
1549
984
369
1770
1745
1746
337
929
1758
1105
986
1147
939
383
1486
1858
1536
466
1556
1763
979
1532
1481
471
378
1775
1762
1853
1531
364
941
268
461
1152
1159
1093
1285
1768
936
1098
946
1848
1280
478
971
1145
1773
1166
357
275
1088
974
263
599
1815
1780
1150
592
1081
473
931
1171
264
967
972
1170
1108
1111
1103
1843
1855
1075
966
1157
259
1079
1471
1086
468
1096
1787
1860
1178
1164
1095
1155
352
317
585
324
1123
1084
1120
359
252
251
1162
332
331
1091
575
1175
944
1478
1128
1476
580
325
594
1168
1167
366
1483
587
573
1132
1135
568
948
1491
483
951
956
385
463
582
1273
1140
1139
1278
953
373
1488
1268
1490
577
361
485
475
791
796
1817
1493
570
1000
480
1495
961
1261
960
1812
1501
786
801
1283
1255
1421
843
717
1568
781
1827
112
119
1276
487
1266
793
1807
808
1819
1275
794
105
4
814
247
1753
1750
244
416
1814
1271
803
1259
126
798
132
1270
816
1253
107
420
805
100
355
493
861
488
1264
812
114
1263
1258
226
102
128
127
368
121
565
1130
86
584
261
906
1448
109
110
116
1356
1125
1824
424
1292
1459
1677
1297
1466
429
595
1672
602
562
1686
398
743
1850
879
427
447
490
771
1498
470
1418
173
765
174
1794
1801
1796
231
219
233
238
213
938
937
214
218
211
236
241
237
208
747
239
1119
959
203
216
221
229
223
228
234
215
374
412
417
963
1353
93
965
88
1348
1600
81
253
1641
68
1643
852
136
138
1124
1636
141
1117
1393
443
1112
148
1389
1388
143
1225
1754
1749
1747
1742
1737
710
708
917
1220
1528
1232
910
905
703
297
304
309
243
1790
1468
1783
255
250
1816
1788
1823
1475
1470
1821
1789
1822
249
1469
182
320
1432
560
866
554
860
1438
553
859
1433
1437
566
872
1339
867
597
1500
354
1534
998
740
1569
714
1586
958
692
977
741
1606
312
853
644
202
1004
327
603
669
800
1034
927
492
921
500
1724
894
74
525
890
1701
856
824
1688
817
564
1209
1826
279
1383
1358
1322
98
1184
1143
1142
1137
278
1113
1100
1760
1089
1074
1068
752
435
381
1436
1430
410
425
273
380
1785
572
458
482
1793
254
1862
571
382
386
0
658
1683
423
821
209
210
820
1679
1678
422
1676
421
1674
1133
1671
1670
815
1802
175
636
1101
1102
638
181
833
184
832
1109
1110
411
1121
1281
1122
1496
405
1508
970
162
164
1714
166
1713
168
170
633
634
1262
813
1260
1256
807
1254
1514
1290
1757
1756
600
601
1059
1752
1751
759
1460
1461
1462
1064
123
1065
125
1744
1743
1326
1304
1317
728
224
103
104
864
588
1761
590
1551
1550
1464
1465
1553
1045
870
954
788
787
351
1243
780
779
356
1537
343
342
1540
1237
1235
1658
1538
362
1519
245
749
308
314
318
319
153
1082
147
1076
1727
1728
748
134
1739
1740
844
845
693
1191
681
269
1422
37
270
39
1598
902
1597
680
980
1163
1355
896
679
1593
1173
1012
1781
1015
1450
1449
1574
1472
1021
968
497
496
258
257
711
1174
1006
1610
1180
3
1177
1176
7
943
