156
585
617
678
164
619
5629
699
733
695
629
709
772
708
731
631
618
664
748
571
589
603
572
3802
610
718
739
736
700
594
1514
165
758
714
697
712
647
163
666
765
587
637
646
595
680
157
729
648
5630
3798
752
726
650
2242
616
690
632
579
749
691
162
3354
3799
584
3804
753
745
724
601
615
158
779
732
609
583
835
716
5631
767
834
693
623
764
682
643
750
730
608
590
573
811
696
677
667
766
760
622
684
611
2795
702
580
824
777
669
607
734
771
829
614
3803
727
621
638
776
576
606
774
605
743
778
775
1516
670
713
789
740
661
636
679
645
721
719
762
698
2216
592
627
689
3800
2689
692
1408
504
591
798
755
161
725
633
817
780
665
673
160
738
644
2687
672
613
649
2246
475
816
683
782
688
768
578
596
2678
846
626
770
703
785
801
651
658
813
795
805
337
88
741
3801
634
641
737
1277
706
2248
2676
2175
660
196
728
2794
155
761
825
759
582
1355
747
2793
763
4702
85
1276
1268
1289
3071
1279
1583
3083
1298
3936
1571
1615
1542
1257
343
3075
3074
307
212
188
134
1274
3047
15
100
469
1957
172
1146
3046
1580
1894
3078
3050
1290
3933
2145
6
1261
3937
2278
1388
489
3049
2983
3069
1567
2239
3068
1281
3085
3073
322
331
287
1860
2243
840
1283
499
984
1264
1126
4661
3086
231
983
291
668
16
1184
935
575
659
1405
620
642
624
674
705
808
967
675
814
280
237
5679
5303
2796
694
3604
676
823
1404
982
720
663
786
655
810
797
588
1112
992
144
2682
1322
1403
467
159
225
1999
1617
3611
2245
5601
286
577
472
113
2681
792
593
802
833
1392
52
628
831
2241
827
818
92
20
850
525
2791
1635
5389
3811
1539
3098
14
5609
1455
412
353
167
3809
1456
49
969
6406
2011
1044
3273
270
327
1877
5186
1685
954
1570
1177
2912
1167
822
2907
4
1425
215
1125
4658
1566
239
1555
6816
1531
114
1565
21
841
897
2437
821
2930
0
4854
6807
81
2312
2576
3812
1548
911
1136
907
3320
2672
1574
871
875
2023
478
13
1561
3499
879
993
933
3934
395
2209
2485
460
1381
1480
2151
479
407
3057
362
1474
882
329
3174
1937
496
1532
1496
581
1254
932
671
6416
938
625
4766
531
3379
232
1344
3249
4287
530
574
1145
268
486
536
541
2845
3100
1050
304
746
1678
1194
972
22
784
783
806
180
681
3156
4487
1964
1214
4469
5968
803
6802
1776
3087
5130
1535
1662
3290
271
2623
3769
2516
216
6347
1711
150
102
2834
3980
2322
219
2021
3062
2433
4551
3162
1901
2013
2166
1972
2846
5967
5109
3070
868
6800
1318
220
1086
599
557
1744
1842
711
656
1869
336
6815
604
189
4378
2301
545
3871
107
393
715
1832
815
1837
33
6812
2022
1780
3669
1188
2436
602
402
804
3257
1579
6082
3870
1312
3559
173
244
3697
1081
950
884
3011
4694
5481
1376
51
3026
5353
3428
2585
5678
3497
1714
1412
3795
1689
1721
434
2091
3076
1781
3567
1536
4653
387
2804
128
1053
1028
2426
1029
1117
50
2411
3440
4354
1393
1389
4974
2007
37
1465
415
2244
1676
79
69
1669
781
3574
2913
302
819
1294
6673
2102
3449
1135
2873
1614
4779
89
4886
4235
2357
4478
538
6684
5898
3484
1088
1235
4196
3482
1337
347
1632
2691
4893
2251
4387
4020
4023
2017
227
925
2663
501
1383
6765
55
1639
3469
1847
5648
2817
4465
4481
6595
4012
4313
3501
4146
1933
468
2482
3757
40
5019
2491
3853
5973
2159
527
6229
943
1840
3173
2376
4545
1133
1139
5470
2076
3742
265
1334
4754
1374
2968
2086
2056
2085
3182
2755
3859
5848
388
1966
2381
5422
3444
6117
1066
3838
5013
2192
2498
6023
198
3159
2078
209
6020
6417
1036
498
2972
1031
996
1449
5239
4136
5809
5946
1180
2406
4279
5066
1286
1273
2405
4111
5102
2929
2368
2069
991
4712
640
1109
1040
1399
3187
4499
5516
744
2070
5643
2494
3117
6612
2499
1692
2264
1761
5444
1620
3563
2178
1710
3868
1768
3335
2128
2176
6817
3691
1061
2976
2352
3890
2065
2137
4311
3560
2390
5445
1833
4259
3976
3390
494
2079
1077
1975
3228
5075
1810
4029
2367
3138
3709
952
3397
2571
5963
54
4606
5257
5453
5048
2777
1245
4988
3959
1497
4559
3413
2507
195
4238
2238
3376
333
1046
1665
210
4076
2779
3300
1057
2093
1771
3396
5492
5416
913
1041
5162
912
5610
3056
1070
5969
1035
3386
4541
1350
3374
1518
4142
1831
2853
4032
1037
3239
1977
1758
1247
3304
6944
1737
4117
124
2707
1962
6624
1584
482
1625
5953
3707
2862
3063
1063
2718
5529
2084
4344
6398
4517
3417
1115
3829
5653
5781
2947
3898
4308
3683
1682
4492
4491
3536
4332
1913
2287
986
513
5633
1185
5794
540
565
5837
4213
2119
1064
537
957
1495
1438
1213
4290
5207
461
550
1723
2262
4174
5771
4677
1846
4218
562
4035
4509
1330
139
2387
2147
4907
998
2435
1152
4969
192
1006
3336
1192
6217
6623
1019
6255
3858
1909
5358
1719
6110
3649
6607
3034
851
5339
252
455
5867
1123
2705
5817
2831
2349
293
1002
148
6597
6343
1441
137
3821
1256
1693
6320
4328
275
2631
3445
1095
401
5205
4870
4877
4774
4514
2160
4638
853
437
2466
1970
3245
6062
6713
2089
6647
208
4876
398
4800
1982
570
5295
1473
1056
5443
2645
2195
6004
989
3456
147
376
2115
539
1251
6611
6608
4266
4264
4261
4263
6609
4265
5714
2148
4516
4890
569
1335
4872
4660
1429
4716
4445
2514
274
2455
6438
4527
2515
1668
5979
1961
6534
5974
5440
3203
4476
4095
2837
4799
400
1722
859
1470
5725
1239
289
1142
372
896
1038
5441
3666
6493
2057
3894
3975
4173
4172
2529
5442
2174
3041
519
5425
4170
5047
3400
4646
1308
1307
2040
5959
735
2996
3969
5322
2716
6232
849
174
1551
2113
2288
2732
2562
1164
1267
1774
820
5062
2512
4337
2735
2950
1032
345
3235
2415
1560
309
988
374
895
1364
553
1883
1990
3783
4751
462
1165
5911
3222
1884
1458
1991
223
450
5555
310
3895
2746
1285
249
2756
2105
1292
769
6646
3314
3847
6271
6384
630
4783
4782
4072
3079
2150
6515
549
5788
4444
848
4587
1304
182
1148
2706
722
793
4672
4175
3493
3938
4579
6742
4777
2347
799
1871
5041
1789
5539
2307
2063
5475
5478
44
652
1270
2172
1401
1887
481
2265
1988
723
4001
4367
3446
1520
3214
710
2674
6328
2240
742
2686
4490
1242
2684
1998
796
1907
2203
3872
754
830
5042
787
1354
154
2679
6179
532
3458
686
3442
3353
3780
4039
3448
2131
422
809
3970
1492
4945
6435
1280
5002
3055
598
1243
3312
5913
1431
3443
4017
1422
5396
887
2339
3827
3155
2394
1106
281
5734
1524
3287
5708
1491
417
1241
1893
3373
1885
6704
1319
1362
1886
978
1418
1059
3051
1094
1914
2170
3746
1878
4840
3553
2090
528
1231
1042
5091
4168
4015
547
2769
3556
1430
4529
1068
3704
1187
1062
1504
1485
2564
1754
1608
4093
224
2811
4270
2766
1303
2015
45
3216
3201
3943
1113
3058
4935
1835
3589
2664
491
1651
3188
2827
1390
4982
4531
418
567
2110
5090
1220
4471
5544
1182
43
282
2519
5799
421
6362
2745
4538
5031
2910
1143
2528
4696
2772
2520
977
3830
6942
2875
1421
3277
3212
2188
3517
533
61
6639
1596
3807
3524
2329
1339
183
1218
2806
2836
1997
1967
524
3422
2108
4504
3867
2583
408
3869
5007
1137
2100
1013
1457
903
328
1428
3081
2052
2154
1477
3720
5536
2805
430
4520
1181
349
4316
4667
2129
3692
5393
2273
2662
4930
535
83
2419
2531
5535
4226
980
3368
3588
4107
2803
1140
1326
3590
1965
4808
4426
2783
1250
2114
2697
4769
1779
4532
2036
4827
1205
4022
480
2916
1773
1110
1836
357
136
166
4768
1221
73
296
2457
5659
4452
555
3913
5558
5689
1329
12
914
3473
6203
3917
321
1753
5951
6422
2026
2045
3250
3463
1595
354
3629
1511
4169
894
204
3467
367
1739
234
235
2606
3426
2167
1607
2747
1616
3040
6619
4710
2053
3363
1096
2422
1813
3655
4530
1875
1336
1637
3196
1343
433
4129
2460
523
2324
4968
1413
1206
3210
1325
3504
4079
3033
2066
3848
2314
2164
3771
1716
330
2124
2879
1994
2759
1333
4410
3551
111
3850
3539
2652
2135
1755
1342
4837
3820
1352
1183
1509
2284
2034
2611
3523
3195
1229
6129
1973
4818
999
2315
3401
5225
979
1233
2106
2363
3854
3000
2812
2120
1193
3403
3527
4647
4126
300
356
1734
2272
1718
2073
2161
6168
1114
2221
3244
2891
5525
2992
1346
1752
4006
116
364
5480
3164
2385
1891
1655
4951
3008
2059
1365
1311
1942
1938
247
1593
130
1897
888
1769
1001
880
2742
1202
2633
2472
2292
4821
1748
5236
1189
1791
122
1611
3299
1592
1186
1384
105
1603
261
346
4105
5641
2054
2109
2050
1604
4946
3407
2187
4080
4960
2302
3581
3178
366
2651
2896
2821
193
3405
4152
3240
2309
568
444
1823
2627
2362
3756
2513
1215
3955
970
303
3409
1190
5104
5200
169
6905
3721
1650
3708
233
1591
2486
6563
2095
2943
170
1974
257
2461
1588
2098
2618
1411
1822
4104
3762
5620
3677
2402
1759
259
3387
2096
3144
179
1735
269
126
5764
5313
4240
3348
123
2966
892
3736
4418
2741
2590
3638
5234
5528
5766
313
3414
1760
2780
3794
2291
5174
891
3410
1600
1763
1331
1699
2179
6261
1000
1717
2626
1419
243
4194
1487
3631
1930
3906
2275
1826
3241
3243
1586
2784
2313
885
1226
1363
2823
2340
900
1698
48
297
1209
2132
2790
3673
1905
3529
5619
2327
5144
1397
284
1700
2714
2112
4199
5176
2383
3384
4964
4244
3003
4395
3599
1196
278
448
384
4992
4615
320
6413
4993
5732
97
2107
3461
4394
2173
1332
3766
99
1947
439
1736
38
1927
1528
1328
1207
470
2952
2142
2569
3503
2399
3676
3922
266
2410
3924
3678
1738
1382
3679
4617
2051
1522
3630
3460
334
3367
5798
2509
2448
6730
2256
295
253
1704
4103
117
2333
3715
1882
3193
3528
3371
4981
365
3521
2297
2134
2266
2403
1746
1102
2855
2577
2534
2300
4049
1101
1443
299
4834
238
1802
2962
168
3672
5926
2099
2180
3625
488
3722
1224
1223
1976
2316
2279
3927
2493
5040
2511
2749
1701
4894
2575
3301
1702
2181
2620
262
2504
1794
2155
923
3338
1920
1366
2280
197
368
371
2289
31
2311
904
1386
413
1415
2763
477
2290
889
319
335
2190
2453
5807
906
3255
1526
2255
1359
922
414
4464
3616
185
5997
2634
4948
1301
2384
4626
2234
338
41
2139
3185
348
428
476
2933
2987
3415
2665
2775
2547
2914
2603
1989
2574
1174
2612
1387
1039
1890
385
2143
294
2980
2196
2954
2994
1908
2356
383
446
2893
1801
279
344
2751
2268
1171
339
4329
2152
2355
2274
2351
451
77
2028
924
2261
4830
442
1513
6311
3881
3329
2610
5510
542
316
905
370
1918
2149
4463
1003
1541
2991
1144
1466
2332
1778
864
490
1881
2868
3957
2282
4462
2533
940
4943
2709
1175
82
2592
3184
863
1910
1111
95
133
2895
1460
2554
2977
2117
352
2565
1427
1889
1916
2960
2501
454
4544
5080
4212
3985
2978
4374
3532
1172
1818
325
3053
3690
1879
1673
1195
121
1983
2235
2799
901
459
2211
1597
2281
509
3339
4708
2975
2877
2198
317
2863
2392
2556
1026
497
463
341
2295
3365
6130
350
2967
375
1468
471
2341
2141
453
74
1888
2140
2029
4448
1857
1169
78
2979
2985
1045
3695
1854
1679
1868
2654
3561
6567
1680
1168
298
2163
4078
2988
2971
2566
3819
854
6463
1817
2820
3475
1858
3772
108
4011
3739
1788
4474
1432
2981
5071
2236
3734
5198
3730
1217
63
2345
5956
4591
500
4778
6213
2127
2974
1895
858
6323
1461
276
2549
1547
326
1663
1853
314
3378
1820
449
2945
2344
2230
506
340
1138
94
3726
3
1022
1787
1815
487
2336
1770
1939
6151
1198
3152
1232
1131
529
1940
1653
1
2067
2532
1249
1654
1472
1453
47
1023
4950
3153
5298
893
856
1900
3653
1931
447
1316
2712
3514
2146
6529
221
4405
4522
4851
4188
1968
962
4099
4141
3654
2454
2144
1321
5070
4813
4120
495
5566
379
1814
1199
30
1358
1640
2202
2294
508
230
1141
1880
1772
3796
3102
2580
1369
1899
2338
971
2521
2
484
1925
26
505
1629
211
3626
4437
2970
4466
91
3380
5671
1686
6467
90
6804
2319
5569
5495
4215
2733
5853
2331
5484
214
6429
3787
1681
3166
3165
19
377
1557
2734
184
4397
4376
2208
1691
1067
5776
4302
4301
3268
1005
1479
5871
1454
5
3606
1120
3603
440
1829
3306
5494
5751
363
1828
2526
1643
3719
6212
1122
305
4242
3718
5796
57
11
4326
39
1546
1666
2304
5493
7
3032
483
4209
351
994
1804
27
1647
1119
503
2004
1320
4210
3346
2283
466
3605
4164
4192
1688
1687
1928
474
964
1618
4792
3641
2602
2064
1191
1391
1128
1282
3404
5688
2905
3840
3037
5362
1121
2225
3607
5301
985
4282
2601
25
46
1116
1368
2558
6634
3609
502
1300
2122
838
17
995
373
2123
109
965
3149
5227
2391
378
4149
242
1552
1642
2773
6486
485
1677
4347
3610
4572
2582
3139
511
3137
2693
843
3128
1127
171
4922
1544
5300
3110
4574
3303
1987
5500
4857
5488
561
1959
3648
3352
6820
861
140
1079
1951
4569
5826
1641
1652
1649
836
837
1550
975
1540
2702
4060
3619
1694
4489
4291
6506
6907
4356
5697
5700
5182
4665
6666
3424
2867
6134
5051
3432
4515
3319
2854
6532
3837
4219
6530
5509
5107
4867
944
6491
5588
5829
5320
5943
3192
5920
6420
4439
5915
5978
254
5598
2922
6215
6210
4736
2789
5891
2407
1533
4977
4806
6727
4809
2636
6279
2765
5208
1730
2082
1556
966
3416
976
3693
2578
2530
218
1726
5120
5119
1092
5114
4162
1048
4165
4061
2012
1954
2018
842
6671
4573
3096
1153
1238
3029
1240
3035
1252
5874
5879
3036
5873
4468
5880
3841
5863
5832
5833
5835
5836
4485
5847
4480
5849
4470
5850
3020
5855
5856
5857
5858
3021
5862
4457
4479
3045
4442
3054
5941
3092
3093
4420
1163
1162
1161
1160
4417
1538
2434
1537
5840
1099
974
4789
968
2542
2539
3099
1100
2540
1549
1154
5561
2544
1097
961
240
1559
4706
1562
5704
5568
1091
919
5328
6392
927
918
5327
6127
4321
3208
3207
926
920
928
3814
2557
6124
6123
6122
6121
6120
2555
6119
6118
4314
4319
6116
4315
4318
929
6379
4304
4307
6152
5317
6154
6155
5316
5315
3232
4822
4286
4285
5310
1955
5567
1564
1155
2432
1558
1151
1953
6054
2020
1554
3140
2010
5202
1806
6699
2320
1543
3106
3107
1963
1012
6268
3293
4565
4564
4836
3253
4835
3294
3788
6222
4206
3295
4833
4566
4832
6276
6277
3247
3246
6216
4831
1619
4561
5710
4563
6269
6233
3292
6267
3278
5715
6256
2473
6270
5545
6254
6253
2474
6250
6249
5302
3271
5717
2477
2717
3265
6240
1545
1563
1585
3141
5658
1575
1576
2439
2014
2229
2828
2438
3097
2321
2440
2323
6365
4151
4134
4699
1598
4137
4693
2613
4147
5550
5551
2614
4150
2616
6342
4688
2622
6352
5030
2597
4720
6391
4718
3326
3325
3324
2586
1627
1626
4123
5520
5521
2587
3316
3315
4127
2588
6374
6373
6372
5527
2594
2595
6334
2596
6366
6333
6326
4157
6293
2670
3262
3261
2832
2019
866
2441
2016
2833
2835
2431
3124
6885
3121
3122
3116
2009
1728
3175
2427
4803
4819
4200
4201
3170
3169
3168
4817
4804
6237
3143
1733
5420
3176
1727
1732
1072
3180
4195
6297
6295
2408
2409
1767
6289
1766
1765
1764
5384
5385
5390
4197
5392
6273
4178
2417
2420
2421
1747
4189
4190
1745
2424
2425
2447
6274
3136
6198
6204
4254
4255
4257
951
870
4628
3999
4000
4625
4624
5664
6484
1437
1436
5669
5676
5677
4612
4611
6477
6475
6474
6473
4629
5657
3995
5656
4650
3344
6512
1476
4649
3341
5635
5636
5637
6472
1469
5645
4633
4632
1452
1451
1450
6497
1448
6495
3986
4013
4014
5693
5730
6441
1361
6439
1360
1357
4036
4037
1356
6431
558
559
6430
6426
4042
1349
1348
1345
4048
5729
2667
4372
2849
2848
2847
1065
2842
2841
1075
1076
4398
4399
2850
4401
2826
1087
1089
4409
4414
1104
1105
1107
1108
4429
4402
4388
5984
4386
6017
1017
1018
6016
6015
6014
1024
1025
5085
4373
2872
6005
2870
4384
4385
2861
2860
2859
2858
2857
5989
5988
2856
5931
4430
2801
5928
1216
5823
5820
5818
5816
5815
4521
5803
5802
5779
5778
4553
4554
4557
5761
5280
5352
5351
5350
5323
1796
1797
1798
1799
1800
1803
5356
1811
5281
3643
1843
1844
1849
5256
1851
5255
1855
1856
5288
1859
5360
5364
5471
5454
5452
5451
1648
1656
1659
1660
1670
1671
5361
1697
1705
1706
5378
5375
5371
5370
5369
5368
5366
5365
1703
5250
5242
1872
2037
5083
5082
5073
2060
2061
2068
5053
5052
2075
2035
2077
5044
2087
2088
5039
6402
3835
2126
3381
3382
3831
5572
324
1498
4971
4972
6658
6659
2508
6301
4735
4024
6302
4733
6303
3398
6412
4985
4986
6411
6410
4967
4965
855
6088
4297
2157
4296
4295
2941
4245
1507
2887
1506
1505
3355
3356
2764
6622
2510
4956
6627
6628
4957
3362
6087
3846
3845
3844
3843
4961
355
2269
5577
6680
6404
6403
1483
6715
6716
6717
6718
1482
6721
2360
959
4770
6057
6056
6197
1380
4350
981
4352
4353
958
4666
2560
6031
6030
4760
4759
6319
6318
2956
4750
4749
2559
6310
2334
4088
397
396
2169
2536
2537
4588
6073
6072
3887
3886
4928
6590
6592
6593
4087
3883
6598
6599
3880
4923
3878
3877
6591
4912
6309
6307
3775
3774
3773
5021
3418
250
3419
248
246
245
3411
3767
6735
6736
6740
6741
6941
6940
2377
2378
2401
1340
3436
4721
5154
2919
2918
2462
6192
6191
6773
3437
4722
6305
6774
6306
2365
2364
4729
5627
4730
4744
4086
2330
5594
2325
4075
4070
3743
2003
3591
4772
3481
3480
5757
5756
145
146
6814
6813
6811
151
2480
2479
5747
1984
2002
3468
3465
6169
6170
3705
6795
6794
6793
6571
3706
5746
6176
4239
6183
6184
3466
4773
3778
6826
3665
1208
3940
120
1212
3670
3671
4595
2199
6827
4597
132
3576
5099
135
5098
5097
5096
4596
115
2502
2503
427
2527
1176
2523
1178
874
873
6539
3492
3491
6849
862
104
1941
106
6538
431
3660
3661
3681
3682
4598
3941
6697
4995
2306
6396
6397
2299
4785
4786
4996
5015
6445
4446
6450
6451
6452
2260
2259
6455
6456
6696
3645
6695
6693
2212
3947
4493
3229
5232
5231
4494
3230
6890
6524
6891
4495
3948
3597
5223
6901
6902
3962
2206
6892
5505
3613
3614
6552
6551
4859
3918
4858
3909
3908
2186
6545
6461
6544
2189
2227
5506
5142
6874
6875
5143
2226
5161
3961
3596
5164
899
3543
6930
3960
3544
5909
5908
6935
6936
2213
6938
6939
6097
6098
5196
5195
5194
5193
5184
4433
24
6931
6924
4435
4503
4434
6911
2737
6690
4501
2738
6691
6912
187
3090
612
2318
3472
2901
2904
2903
657
751
2677
586
1406
6418
790
6757
2247
828
2373
1675
707
1515
812
3077
1838
600
662
1271
1263
3084
2680
826
2688
687
2000
788
1259
3072
832
639
1992
3082
1500
757
1266
635
2731
1275
2696
2792
1784
701
717
653
654
5111
773
2249
1296
4059
704
2685
1353
1409
800
2218
2695
1839
3430
3714
3094
1295
1011
4057
794
2675
2001
2906
2701
597
153
3147
2699
4810
6356
1090
1197
4406
2683
3150
4408
5112
5057
2371
1262
2372
3748
6750
2700
807
2217
1297
2369
3283
1258
2840
1712
3474
5113
1293
4407
5744
191
2730
4811
3088
3148
2673
1265
847
1407
5127
2703
1269
206
2374
3146
3089
1299
1288
6355
1204
5115
5122
3282
3279
5123
4438
4815
3281
3280
5117
6354
5121
5124
2579
5116
201
